0.0 0.2 0.8 0.0 0.0 0.0 0.0 0.0 0.0 
0.0 15.2 -14.2 0.0 0.0 0.0 0.0 0.0 0.0 
0.0 5.2 -4.2 0.0 0.0 0.0 0.0 0.0 0.0 
0.0 0.2 0.8 0.0 0.0 0.0 0.0 0.0 0.0 
0.0 11263.5 -11262.5 0.0 0.0 0.0 0.0 0.0 0.0 
0.0 126733.3 -126733.3 0.0 0.0 0.0 0.0 1.0 -0.0 
0.0 1.8 -0.8 0.0 0.0 0.0 0.0 0.0 0.0 
0.0 -1140606.7 1140606.7 0.0 0.0 0.0 0.0 1.0 0.0 
0.0 5.2 -5.2 0.0 0.0 0.0 0.0 0.0 1.0 

0.0 0.7 0.3 0.0 0.0 0.0 0.0 0.0 0.0 
0.0 15.7 -14.7 0.0 0.0 0.0 0.0 0.0 0.0 
0.0 5.7 -4.7 0.0 0.0 0.0 0.0 0.0 0.0 
0.0 0.7 0.3 0.0 0.0 0.0 0.0 0.0 0.0 
0.0 11264.0 -11263.0 0.0 0.0 0.0 0.0 0.0 0.0 
0.0 126732.8 -126732.8 0.0 0.0 0.0 0.0 1.0 -0.0 
0.0 2.3 -1.3 0.0 0.0 0.0 0.0 0.0 0.0 
0.0 -1140607.2 1140607.2 0.0 0.0 0.0 0.0 1.0 0.0 
0.0 5.7 -5.7 0.0 0.0 0.0 0.0 0.0 1.0 

0.0 -0.5 1.5 0.0 0.0 0.0 0.0 0.0 0.0 
0.0 14.5 -13.5 0.0 0.0 0.0 0.0 0.0 0.0 
0.0 4.5 -3.5 0.0 0.0 0.0 0.0 0.0 0.0 
0.0 -0.5 1.5 0.0 0.0 0.0 0.0 0.0 0.0 
0.0 11262.8 -11261.8 0.0 0.0 0.0 0.0 0.0 0.0 
0.0 126734.0 -126734.0 0.0 0.0 0.0 0.0 1.0 -0.0 
0.0 1.2 -0.2 0.0 0.0 0.0 0.0 0.0 0.0 
0.0 -1140606.0 1140606.0 0.0 0.0 0.0 0.0 1.0 0.0 
0.0 4.5 -4.5 0.0 0.0 0.0 0.0 0.0 1.0 

0.0 -0.2 1.2 0.0 0.0 0.0 0.0 0.0 0.0 
0.0 14.8 -13.8 0.0 0.0 0.0 0.0 0.0 0.0 
0.0 4.8 -3.8 0.0 0.0 0.0 0.0 0.0 0.0 
0.0 -0.2 1.2 0.0 0.0 0.0 0.0 0.0 0.0 
0.0 11263.2 -11262.2 0.0 0.0 0.0 0.0 0.0 0.0 
0.0 126733.7 -126733.6 0.0 0.0 0.0 0.0 1.0 -0.0 
0.0 1.5 -0.5 0.0 0.0 0.0 0.0 0.0 0.0 
0.0 -1140606.3 1140606.3 0.0 0.0 0.0 0.0 1.0 0.0 
0.0 4.8 -4.8 0.0 0.0 0.0 0.0 0.0 1.0 

0.0 0.5 0.5 0.0 0.0 0.0 0.0 0.0 0.0 
0.0 15.5 -14.5 0.0 0.0 0.0 0.0 0.0 0.0 
0.0 5.5 -4.5 0.0 0.0 0.0 0.0 0.0 0.0 
0.0 0.5 0.5 0.0 0.0 0.0 0.0 0.0 0.0 
0.0 11263.8 -11262.8 0.0 0.0 0.0 0.0 0.0 0.0 
0.0 126733.0 -126733.0 0.0 0.0 0.0 0.0 1.0 -0.0 
0.0 2.2 -1.2 0.0 0.0 0.0 0.0 0.0 0.0 
0.0 -1140607.0 1140607.0 0.0 0.0 0.0 0.0 1.0 0.0 
0.0 5.5 -5.5 0.0 0.0 0.0 0.0 0.0 1.0 

0.0 1.0 0.0 0.0 0.0 0.0 0.0 0.0 0.0 
0.0 16.0 -15.0 0.0 0.0 0.0 0.0 0.0 0.0 
0.0 6.0 -5.0 0.0 0.0 0.0 0.0 0.0 0.0 
0.0 1.0 -0.0 0.0 0.0 0.0 0.0 0.0 0.0 
0.0 11264.3 -11263.3 0.0 0.0 0.0 0.0 0.0 0.0 
0.0 126732.5 -126732.5 0.0 0.0 0.0 0.0 1.0 -0.0 
0.0 2.7 -1.7 0.0 0.0 0.0 0.0 0.0 0.0 
0.0 -1140607.5 1140607.5 0.0 0.0 0.0 0.0 1.0 0.0 
0.0 6.0 -6.0 0.0 0.0 0.0 0.0 0.0 1.0 

0.0 0.0 1.0 0.0 0.0 0.0 0.0 0.0 0.0 
0.0 15.0 -14.0 0.0 0.0 0.0 0.0 0.0 0.0 
0.0 5.0 -4.0 0.0 0.0 0.0 0.0 0.0 0.0 
0.0 0.0 1.0 0.0 0.0 0.0 0.0 0.0 0.0 
0.0 11263.3 -11262.3 0.0 0.0 0.0 0.0 0.0 0.0 
0.0 126733.5 -126733.5 0.0 0.0 0.0 0.0 1.0 -0.0 
0.0 1.7 -0.7 0.0 0.0 0.0 0.0 0.0 0.0 
0.0 -1140606.5 1140606.5 0.0 0.0 0.0 0.0 1.0 0.0 
0.0 5.0 -5.0 0.0 0.0 0.0 0.0 0.0 1.0 

1.0 0.0 0.0 0.0 0.0 0.0 0.0 0.0 0.0 
0.0 0.0 0.0 0.0 0.0 1.0 0.0 0.0 -0.0 
0.0 0.0 0.0 0.0 0.0 1.0 0.0 0.0 -0.0 
0.0 0.0 0.0 0.0 0.0 1.0 0.0 0.0 -0.0 
0.0 0.0 -0.3 0.0 0.0 1.0 0.0 0.0 0.3 
0.0 -0.5 1.5 0.0 0.0 0.0 0.0 0.0 0.0 
0.0 0.0 0.0 0.0 0.0 1.0 0.0 0.0 -0.0 
0.0 0.0 29.7 0.0 0.0 1.0 0.0 0.0 -29.7 
0.0 0.0 -1.0 0.0 0.0 1.0 0.0 0.0 1.0 

0.0 0.3 0.7 0.0 0.0 0.0 0.0 0.0 0.0 
0.0 15.3 -14.3 0.0 0.0 0.0 0.0 0.0 0.0 
0.0 5.3 -4.3 0.0 0.0 0.0 0.0 0.0 0.0 
0.0 0.3 0.7 0.0 0.0 0.0 0.0 0.0 0.0 
0.0 11263.7 -11262.7 0.0 0.0 0.0 0.0 0.0 0.0 
0.0 126733.2 -126733.1 0.0 0.0 0.0 0.0 1.0 -0.0 
0.0 2.0 -1.0 0.0 0.0 0.0 0.0 0.0 0.0 
0.0 -1140606.8 1140606.8 0.0 0.0 0.0 0.0 1.0 0.0 
0.0 5.3 -5.3 0.0 0.0 0.0 0.0 0.0 1.0 

1.0 0.0 0.0 0.0 0.0 0.0 0.0 0.0 0.0 
0.0 0.6 -1.9 2.3 0.0 0.0 0.0 0.0 0.0 
0.0 -0.1 0.4 0.8 0.0 0.0 0.0 0.0 0.0 
0.0 0.0 0.0 1.0 0.0 0.0 0.0 0.0 0.0 
0.0 83.9 -251.6 168.8 0.0 0.0 0.0 0.0 0.0 
0.0 0.0 0.0 0.0 0.0 1.0 0.0 0.0 0.0 
1.0 0.0 0.0 0.0 0.0 0.0 0.0 0.0 0.0 
0.0 -326347.5 516468.1 -190105.1 0.0 1.8 -14.6 -1.8 0.1 
0.0 -0.1 -0.6 0.8 0.0 0.0 0.0 0.0 1.0 

0.0 -0.1 0.1 0.0 0.0 0.0 1.0 0.0 0.0 
0.0 -0.6 1.6 0.0 0.0 0.0 0.0 0.0 0.0 
0.0 -0.6 1.6 0.0 0.0 0.0 0.0 0.0 0.0 
0.0 -0.6 1.6 0.0 0.0 0.0 0.0 0.0 0.0 
0.0 0.0 0.0 0.0 1.0 0.0 0.0 0.0 0.0 
0.0 0.1 -0.1 0.0 -0.0 1.0 0.0 0.0 0.0 
0.0 -0.1 0.1 0.0 0.0 0.0 1.0 0.0 0.0 
0.0 126005.0 -124879.9 0.0 -1125.0 0.0 0.0 1.0 0.0 
0.0 -0.6 0.6 0.0 0.0 0.0 0.0 0.0 1.0 

0.0 0.0 0.0 0.0 0.0 0.0 1.0 0.0 0.0 
0.0 -0.5 1.5 0.0 0.0 0.0 0.0 0.0 0.0 
0.0 -0.5 1.5 0.0 0.0 0.0 0.0 0.0 0.0 
0.0 -0.5 1.5 0.0 0.0 0.0 0.0 0.0 0.0 
0.0 0.1 -0.1 0.0 1.0 0.0 0.0 0.0 0.0 
0.0 0.0 -0.0 0.0 -0.0 1.0 0.0 0.0 0.0 
0.0 0.0 0.0 0.0 0.0 0.0 1.0 0.0 0.0 
0.0 126004.8 -124879.8 0.0 -1125.0 0.0 0.0 1.0 0.0 
0.0 -0.5 0.5 0.0 0.0 0.0 0.0 0.0 1.0 

1.0
9.0
3.0
4.0
6758.0
33.0
1.0
-759922.0
25548.0
