4
-4
-3
-2
-1
0
1
2
3
4
4
4
4
4
86
87
88
89
90
91
92
93
94
4
4
4
0
36
37
38
39
40
41
42
43
44
0
0
0
9336
93396
93397
93398
93399
93400
93401
93402
93403
93404
9336
9336
9336
37
37
38
39
40
41
42
43
44
45
37
37
37
-3
186
187
188
189
190
191
192
193
194
-3
-3
-3
7144275
456794
456796
7144275
456789
-66418056
7144271
456798
-66417976
-66417974
456798
-66417981
-735165756
456794
456797
-66417986
-66417984
456797
-66417991
-735165856
456793
456796
-66417996
-66417994
456796
-66418001
-735165956
456792
456795
-66418006
-66418004
456795
-66418011
-735166056
456791
456794
-66418016
-66418014
456794
-66418021
-735166156
456790
456793
-66418026
-66418024
456793
-66418031
-735166256
456789
456792
-66418036
-66418034
456792
-66418041
-735166356
456788
456791
-66418046
-66418044
456791
-66418051
-735166456
456787
456790
-66418056
-66418054
456790
-66418061
-735166556
456786
456789
-66418066
-66418064
7144275
456789
-735166656
7144271
7144275
7144279
7144277
7144275
456789
7144359
7144271
7144275
7144271
7144273
7144275
456789
7144191
7144271
