0.0 0.0 1.0 0.0 0.0 0.0 0.0 
0.0 0.0 1.0 0.0 0.0 0.0 0.0 
0.0 0.0 0.9 0.1 0.0 0.0 0.0 
0.0 0.0 -9.1 10.1 0.0 0.0 0.0 
0.0 0.0 -0.7 1.7 0.0 0.0 0.0 
0.0 0.0 0.6 0.0 0.0 0.0 0.4 
0.0 0.0 -0.0 0.0 0.0 0.0 1.0 

0.0 0.0 1.0 0.0 0.0 0.0 0.0 
0.0 0.0 1.0 0.0 0.0 0.0 0.0 
0.0 0.0 0.9 0.1 0.0 0.0 0.0 
0.0 0.0 -9.1 10.1 0.0 0.0 0.0 
0.0 0.0 -0.7 1.7 0.0 0.0 0.0 
0.0 0.0 0.6 0.0 0.0 0.0 0.4 
0.0 0.0 -0.0 0.0 0.0 0.0 1.0 

0.0 0.0 1.0 -0.0 0.0 0.0 0.0 
0.0 0.0 1.0 0.0 0.0 0.0 0.0 
0.0 0.0 0.9 0.1 0.0 0.0 0.0 
0.0 0.0 -9.1 10.1 0.0 0.0 0.0 
0.0 0.0 -0.7 1.7 0.0 0.0 0.0 
0.0 0.0 0.6 -0.0 0.0 0.0 0.4 
0.0 0.0 0.0 0.0 0.0 0.0 1.0 

0.0 0.0 1.0 -0.0 0.0 0.0 0.0 
0.0 0.0 1.0 0.0 0.0 0.0 0.0 
0.0 0.0 0.9 0.1 0.0 0.0 0.0 
0.0 0.0 -9.1 10.1 0.0 0.0 0.0 
0.0 0.0 -0.7 1.7 0.0 0.0 0.0 
0.0 0.0 0.6 -0.0 0.0 0.0 0.4 
0.0 0.0 -0.0 0.0 0.0 0.0 1.0 

0.0 0.0 1.0 0.0 0.0 0.0 0.0 
0.0 0.0 1.0 0.0 0.0 0.0 0.0 
0.0 0.0 0.9 0.1 0.0 0.0 0.0 
0.0 0.0 -9.1 10.1 0.0 0.0 0.0 
0.0 0.0 -0.7 1.7 0.0 0.0 0.0 
0.0 0.0 0.6 0.0 0.0 0.0 0.4 
0.0 0.0 -0.0 0.0 0.0 0.0 1.0 

0.0 0.0 1.0 0.0 0.0 0.0 0.0 
0.0 0.0 1.0 0.0 0.0 0.0 0.0 
0.0 0.0 0.9 0.1 0.0 0.0 0.0 
0.0 0.0 -9.1 10.1 0.0 0.0 0.0 
0.0 0.0 -0.7 1.7 0.0 0.0 0.0 
0.0 0.0 0.6 0.0 0.0 0.0 0.4 
0.0 0.0 -0.0 0.0 0.0 0.0 1.0 

0.0 0.0 1.0 -0.0 0.0 0.0 0.0 
0.0 0.0 1.0 0.0 0.0 0.0 0.0 
0.0 0.0 0.9 0.1 0.0 0.0 0.0 
0.0 0.0 -9.1 10.1 0.0 0.0 0.0 
0.0 0.0 -0.7 1.7 0.0 0.0 0.0 
0.0 0.0 0.6 0.0 0.0 0.0 0.4 
0.0 0.0 -0.0 0.0 0.0 0.0 1.0 

1.0 0.0 0.0 0.0 0.0 0.0 0.0 
0.0 0.0 -1.1 0.0 0.0 0.0 0.1 
0.0 0.0 -1.3 0.0 0.0 0.0 0.3 
0.0 0.0 -44.4 0.3 0.0 0.0 43.1 
0.0 0.0 -8.3 0.1 0.0 0.0 7.2 
0.0 0.0 -1.4 0.0 0.0 0.0 0.4 
0.0 0.0 -2.0 0.0 0.0 0.0 1.0 

0.0 0.0 1.0 0.0 0.0 0.0 0.0 
0.0 0.0 1.0 0.0 0.0 0.0 0.0 
0.0 0.0 0.9 0.1 0.0 0.0 0.0 
0.0 0.0 -9.1 10.1 0.0 0.0 0.0 
0.0 0.0 -0.7 1.7 0.0 0.0 0.0 
0.0 0.0 0.6 0.0 0.0 0.0 0.4 
0.0 0.0 -0.0 0.0 0.0 0.0 1.0 

1.0 0.0 0.0 0.0 0.0 0.0 0.0 
1.0 0.0 0.0 0.0 0.0 0.0 0.0 
0.0 0.0 0.2 -0.0 0.0 0.8 0.0 
0.0 0.0 -120.6 0.8 0.0 120.8 0.0 
0.0 0.0 -1.0 0.0 0.0 2.0 0.0 
0.0 0.0 0.0 0.0 0.0 1.0 0.0 
0.0 0.0 0.0 0.0 0.0 0.0 1.0 

0.0 1.0 -0.1 -0.0 0.1 0.0 0.0 
0.0 1.0 -0.1 -0.0 0.1 0.0 0.0 
0.0 0.0 0.5 -0.0 0.5 0.0 0.0 
0.0 0.0 -59.2 0.4 59.8 0.0 0.0 
0.0 0.0 -0.1 -0.0 1.1 0.0 0.0 
0.0 0.0 0.4 -0.0 0.6 0.0 0.0 
0.0 0.0 -0.1 -0.0 0.1 0.0 1.0 

0.0 1.0 0.0 0.0 0.0 0.0 0.0 
0.0 1.0 0.0 0.0 0.0 0.0 0.0 
0.0 0.0 0.6 -0.0 0.4 0.0 0.0 
0.0 0.0 -59.1 0.4 59.7 0.0 0.0 
0.0 0.0 0.0 0.0 1.0 0.0 0.0 
0.0 0.0 0.5 -0.0 0.5 0.0 0.0 
0.0 0.0 -0.0 -0.0 0.0 0.0 1.0 

1.0
1.0
4.0
604.0
101.0
5.0
14.0
