0.0 -1.0 2.0 0.0 0.0 0.0 0.0 0.0 0.0 
0.0 -1.0 2.0 0.0 0.0 0.0 0.0 0.0 0.0 
0.0 -11.0 12.0 0.0 0.0 0.0 0.0 0.0 0.0 
0.0 -0.4 0.5 0.0 0.0 1.0 0.0 -0.1 0.0 
0.0 -21741.0 21742.0 0.0 0.0 0.0 0.0 0.0 0.0 
0.0 24.5 -24.5 0.0 0.0 1.0 0.0 0.0 0.0 
0.0 -41.0 42.0 0.0 0.0 0.0 0.0 0.0 0.0 
0.0 -2.0 2.0 0.0 0.0 0.0 0.0 1.0 0.0 
0.0 -1.0 2.0 0.0 0.0 0.0 0.0 0.0 0.0 

0.0 -2.5 3.5 0.0 0.0 0.0 0.0 0.0 0.0 
0.0 -2.5 3.5 0.0 0.0 0.0 0.0 0.0 0.0 
0.0 -12.5 13.5 0.0 0.0 0.0 0.0 0.0 0.0 
0.0 1.1 -1.0 0.0 0.0 1.0 0.0 -0.1 0.0 
0.0 -21742.5 21743.5 0.0 0.0 0.0 0.0 0.0 0.0 
0.0 26.0 -26.0 0.0 0.0 1.0 0.0 0.0 0.0 
0.0 -42.5 43.5 0.0 0.0 0.0 0.0 0.0 0.0 
0.0 -3.5 3.5 0.0 0.0 0.0 0.0 1.0 0.0 
0.0 -2.5 3.5 0.0 0.0 0.0 0.0 0.0 0.0 

0.0 1.0 0.0 0.0 0.0 0.0 0.0 0.0 0.0 
0.0 1.0 0.0 0.0 0.0 0.0 0.0 0.0 0.0 
0.0 -9.0 10.0 0.0 0.0 0.0 0.0 0.0 0.0 
0.0 -2.4 2.5 0.0 0.0 1.0 0.0 -0.1 0.0 
0.0 -21739.0 21740.0 0.0 0.0 0.0 0.0 0.0 0.0 
0.0 22.5 -22.5 0.0 0.0 1.0 0.0 0.0 0.0 
0.0 -39.0 40.0 0.0 0.0 0.0 0.0 0.0 0.0 
0.0 0.0 0.0 0.0 0.0 0.0 0.0 1.0 0.0 
0.0 1.0 0.0 0.0 0.0 0.0 0.0 0.0 0.0 

0.0 0.0 1.0 0.0 0.0 0.0 0.0 0.0 0.0 
0.0 0.0 1.0 0.0 0.0 0.0 0.0 0.0 0.0 
0.0 -10.0 11.0 0.0 0.0 0.0 0.0 0.0 0.0 
0.0 -1.4 1.5 0.0 0.0 1.0 0.0 -0.1 0.0 
0.0 -21740.0 21741.0 0.0 0.0 0.0 0.0 0.0 0.0 
0.0 23.5 -23.5 0.0 0.0 1.0 0.0 0.0 0.0 
0.0 -40.0 41.0 0.0 0.0 0.0 0.0 0.0 0.0 
0.0 -1.0 1.0 0.0 0.0 0.0 0.0 1.0 0.0 
0.0 -0.0 1.0 0.0 0.0 0.0 0.0 0.0 0.0 

0.0 -2.0 3.0 0.0 0.0 0.0 0.0 0.0 0.0 
0.0 -2.0 3.0 0.0 0.0 0.0 0.0 0.0 0.0 
0.0 -12.0 13.0 0.0 0.0 0.0 0.0 0.0 0.0 
0.0 0.6 -0.5 0.0 0.0 1.0 0.0 -0.1 0.0 
0.0 -21742.0 21743.0 0.0 0.0 0.0 0.0 0.0 0.0 
0.0 25.5 -25.5 0.0 0.0 1.0 0.0 0.0 0.0 
0.0 -42.0 43.0 0.0 0.0 0.0 0.0 0.0 0.0 
0.0 -3.0 3.0 0.0 0.0 0.0 0.0 1.0 0.0 
0.0 -2.0 3.0 0.0 0.0 0.0 0.0 0.0 0.0 

0.0 -3.5 4.5 0.0 0.0 0.0 0.0 0.0 0.0 
0.0 -3.5 4.5 0.0 0.0 0.0 0.0 0.0 0.0 
0.0 -13.5 14.5 0.0 0.0 0.0 0.0 0.0 0.0 
0.0 2.1 -2.0 0.0 0.0 1.0 0.0 -0.1 0.0 
0.0 -21743.5 21744.5 0.0 0.0 0.0 0.0 0.0 0.0 
0.0 27.0 -27.0 0.0 0.0 1.0 0.0 0.0 0.0 
0.0 -43.5 44.5 0.0 0.0 0.0 0.0 0.0 0.0 
0.0 -4.5 4.5 0.0 0.0 0.0 0.0 1.0 0.0 
0.0 -3.5 4.5 0.0 0.0 0.0 0.0 0.0 0.0 

0.0 -0.5 1.5 0.0 0.0 0.0 0.0 0.0 0.0 
0.0 -0.5 1.5 0.0 0.0 0.0 0.0 0.0 0.0 
0.0 -10.5 11.5 0.0 0.0 0.0 0.0 0.0 0.0 
0.0 -0.9 1.0 0.0 0.0 1.0 0.0 -0.1 0.0 
0.0 -21740.5 21741.5 0.0 0.0 0.0 0.0 0.0 0.0 
0.0 24.0 -24.0 0.0 0.0 1.0 0.0 0.0 0.0 
0.0 -40.5 41.5 0.0 0.0 0.0 0.0 0.0 0.0 
0.0 -1.5 1.5 0.0 0.0 0.0 0.0 1.0 0.0 
0.0 -0.5 1.5 0.0 0.0 0.0 0.0 0.0 0.0 

1.0 0.0 0.0 0.0 0.0 0.0 0.0 0.0 0.0 
0.0 0.0 0.0 1.0 0.0 0.0 0.0 -0.0 0.0 
0.0 0.0 0.0 1.0 0.0 0.0 0.0 -0.0 0.0 
0.0 1.0 0.0 0.0 0.0 0.0 0.0 0.0 0.0 
0.0 -0.0 0.0 1.0 0.0 0.0 0.0 0.0 0.0 
0.0 -0.1 0.0 1.0 0.0 0.0 0.0 0.1 0.0 
0.0 0.0 0.0 1.0 0.0 0.0 0.0 -0.0 0.0 
0.0 -1.0 0.0 1.0 0.0 0.0 0.0 1.0 0.0 
0.0 0.0 0.0 1.0 0.0 0.0 0.0 -0.0 0.0 

0.0 -1.5 2.5 0.0 0.0 0.0 0.0 0.0 0.0 
0.0 -1.5 2.5 0.0 0.0 0.0 0.0 0.0 0.0 
0.0 -11.5 12.5 0.0 0.0 0.0 0.0 0.0 0.0 
0.0 0.1 0.0 0.0 0.0 1.0 0.0 -0.1 0.0 
0.0 -21741.5 21742.5 0.0 0.0 0.0 0.0 0.0 0.0 
0.0 25.0 -25.0 0.0 0.0 1.0 0.0 0.0 0.0 
0.0 -41.5 42.5 0.0 0.0 0.0 0.0 0.0 0.0 
0.0 -2.5 2.5 0.0 0.0 0.0 0.0 1.0 0.0 
0.0 -1.5 2.5 0.0 0.0 0.0 0.0 0.0 0.0 

1.0 0.0 0.0 0.0 0.0 0.0 0.0 0.0 0.0 
0.0 1.0 0.0 0.0 0.0 0.0 0.0 0.0 0.0 
0.0 0.7 0.0 0.0 0.0 0.0 0.0 0.0 0.3 
0.0 0.0 0.0 1.0 0.0 0.0 0.0 0.0 0.0 
0.0 -71.3 0.0 0.0 0.0 0.0 0.0 0.0 72.3 
0.0 1.7 0.0 0.0 0.0 0.0 0.0 0.1 -0.9 
1.0 0.0 0.0 0.0 0.0 0.0 0.0 0.0 0.0 
0.0 0.0 0.0 0.0 0.0 0.0 0.0 1.0 0.0 
0.0 0.0 0.0 0.0 0.0 0.0 0.0 0.0 1.0 

0.0 0.0 0.0 0.0 0.0 0.0 1.0 0.0 0.0 
0.0 1.4 -0.4 0.0 0.0 0.0 0.0 0.0 0.0 
0.0 1.4 -0.4 0.0 0.0 0.0 0.0 0.0 0.0 
0.0 -9.2 2.3 0.0 -0.0 1.0 6.0 -0.1 1.1 
0.0 0.0 0.0 0.0 1.0 0.0 0.0 0.0 0.0 
0.0 -2.9 2.9 0.0 -0.0 1.0 0.0 0.0 0.0 
0.0 0.0 0.0 0.0 0.0 0.0 1.0 0.0 0.0 
0.0 0.4 -0.4 0.0 0.0 0.0 0.0 1.0 0.0 
0.0 1.4 -0.4 0.0 0.0 0.0 0.0 0.0 0.0 

0.0 -0.4 0.4 0.0 -0.0 0.0 1.0 0.0 0.0 
0.0 1.1 -0.1 0.0 0.0 0.0 0.0 0.0 0.0 
0.0 1.0 -0.1 0.0 0.0 0.0 0.0 0.0 0.0 
0.0 -8.8 1.9 0.0 -0.0 1.0 6.0 -0.1 1.1 
0.0 -0.4 0.4 0.0 1.0 0.0 0.0 0.0 0.0 
0.0 -2.5 2.6 0.0 -0.0 1.0 0.0 0.0 0.0 
0.0 -0.4 0.4 0.0 -0.0 0.0 1.0 0.0 0.0 
0.0 0.1 -0.1 0.0 0.0 0.0 0.0 1.0 0.0 
0.0 1.0 -0.0 0.0 0.0 0.0 0.0 0.0 0.0 

1.0
0.0
2.0
38.0
4348.0
921068.0
8.0
6625665.0
6.0
