0.0 -1.5 2.5 0.0 0.0 0.0 0.0 0.0 0.0 0.0 0.0 0.0 0.0 0.0 0.0 0.0 
0.0 0.0 0.0 0.5 -5.5 0.0 6.0 0.0 0.0 0.0 0.0 0.0 0.0 0.0 0.0 0.0 
0.0 0.0 0.0 0.8 -4.5 0.0 4.7 0.0 0.0 0.0 0.0 0.0 0.0 0.0 0.0 0.0 
0.0 0.0 0.0 48.0 288.0 27.0 -336.0 -26.0 0.0 0.0 0.0 0.0 0.0 0.0 0.0 0.0 
0.0 0.0 0.0 21.3 128.0 13.0 -149.3 -12.0 0.0 0.0 0.0 0.0 0.0 0.0 0.0 0.0 
0.0 0.0 0.0 -0.5 -3.0 0.0 3.5 0.0 0.9 0.1 0.0 0.0 0.0 0.0 0.0 0.0 
0.0 0.0 0.0 25.0 150.0 15.0 -175.0 -14.0 0.0 0.0 0.0 0.0 0.0 0.0 0.0 0.0 
0.0 0.0 0.0 1.2 7.5 0.0 -8.7 0.0 0.9 0.1 0.0 0.0 0.0 0.0 0.0 0.0 
0.0 0.0 0.0 0.0 0.0 0.0 0.0 0.0 0.0 0.0 -1.5 2.5 0.0 0.0 0.0 0.0 
0.0 0.0 0.0 -0.2 -1.3 0.0 1.6 0.0 0.0 0.0 0.3 0.7 0.0 0.0 0.0 0.0 
0.0 0.0 0.0 -1.2 -7.0 0.0 8.2 0.0 0.0 0.0 0.0 0.0 0.5 0.5 0.0 0.0 
0.0 0.0 0.0 -3.2 -19.3 0.0 22.5 0.0 0.0 0.0 0.0 0.0 -0.6 1.6 0.0 0.0 
0.0 0.0 0.0 -0.9 -5.4 0.0 6.3 0.0 0.0 0.0 0.0 0.0 0.0 0.0 -0.6 1.6 
0.0 0.0 0.0 1.4 8.4 0.0 -9.8 0.0 0.0 0.0 0.0 0.0 0.0 0.0 -1.3 2.3 
0.0 0.1 -0.1 -178.0 -1072.7 -74.5 1251.0 73.4 8.5 -6.8 24.4 -24.5 -25.6 22.9 5.8 -2.8 
0.0 0.1 -0.1 -124.7 -751.7 -56.4 876.6 55.6 6.0 -5.1 16.5 -15.6 -15.6 12.2 1.5 1.7 

0.0 -1.0 2.0 0.0 0.0 0.0 0.0 0.0 0.0 0.0 0.0 0.0 0.0 0.0 0.0 0.0 
0.0 0.0 0.0 0.5 -4.5 0.0 5.0 0.0 0.0 0.0 0.0 0.0 0.0 0.0 0.0 0.0 
0.0 0.0 0.0 0.8 -3.5 0.0 3.7 0.0 0.0 0.0 0.0 0.0 0.0 0.0 0.0 0.0 
0.0 0.0 0.0 42.7 256.0 24.0 -298.7 -23.0 0.0 0.0 0.0 0.0 0.0 0.0 0.0 0.0 
0.0 0.0 0.0 16.0 96.0 10.0 -112.0 -9.0 0.0 0.0 0.0 0.0 0.0 0.0 0.0 0.0 
0.0 0.0 0.0 -0.5 -3.1 0.0 3.6 0.0 0.8 0.2 0.0 0.0 0.0 0.0 0.0 0.0 
0.0 0.0 0.0 19.7 118.0 12.0 -137.7 -11.0 0.0 0.0 0.0 0.0 0.0 0.0 0.0 0.0 
0.0 0.0 0.0 1.2 7.4 0.0 -8.6 0.0 0.8 0.2 0.0 0.0 0.0 0.0 0.0 0.0 
0.0 0.0 0.0 0.0 0.2 0.0 -0.3 0.0 0.0 0.0 -1.2 2.2 0.0 0.0 0.0 0.0 
0.0 0.0 0.0 -0.2 -1.1 0.0 1.3 0.0 0.0 0.0 0.6 0.4 0.0 0.0 0.0 0.0 
0.0 0.0 0.0 -0.4 -2.3 0.0 2.6 0.0 0.0 0.0 0.0 0.0 0.9 0.1 0.0 0.0 
0.0 0.0 0.0 -2.4 -14.5 0.0 16.9 0.0 0.0 0.0 0.0 0.0 -0.3 1.3 0.0 0.0 
0.0 0.0 0.0 -0.9 -5.6 0.0 6.5 0.0 0.0 0.0 0.0 0.0 0.0 0.0 -0.3 1.3 
0.0 0.0 0.0 1.4 8.3 0.0 -9.6 0.0 0.0 0.0 0.0 0.0 0.0 0.0 -1.0 2.0 
0.0 0.1 -0.1 -196.5 -1184.3 -80.8 1381.1 79.6 9.4 -7.4 27.1 -27.6 -29.1 26.6 7.3 -4.4 
0.0 0.1 -0.1 -143.2 -863.3 -62.7 1006.7 61.8 6.9 -5.7 19.2 -18.7 -19.1 15.9 3.0 0.1 

0.0 -0.5 1.5 0.0 0.0 0.0 0.0 0.0 0.0 0.0 0.0 0.0 0.0 0.0 0.0 0.0 
0.0 0.0 0.0 0.5 -3.5 0.0 4.0 0.0 0.0 0.0 0.0 0.0 0.0 0.0 0.0 0.0 
0.0 0.0 0.0 0.8 -2.5 0.0 2.7 0.0 0.0 0.0 0.0 0.0 0.0 0.0 0.0 0.0 
0.0 0.0 0.0 37.3 224.0 21.0 -261.3 -20.0 0.0 0.0 0.0 0.0 0.0 0.0 0.0 0.0 
0.0 0.0 0.0 10.7 64.0 7.0 -74.7 -6.0 0.0 0.0 0.0 0.0 0.0 0.0 0.0 0.0 
0.0 0.0 0.0 -0.5 -3.2 0.0 3.7 0.0 0.7 0.3 0.0 0.0 0.0 0.0 0.0 0.0 
0.0 0.0 0.0 14.3 86.0 9.0 -100.3 -8.0 0.0 0.0 0.0 0.0 0.0 0.0 0.0 0.0 
0.0 0.0 0.0 1.2 7.3 0.0 -8.6 0.0 0.7 0.3 0.0 0.0 0.0 0.0 0.0 0.0 
0.0 0.0 0.0 0.1 0.4 0.0 -0.5 0.0 0.0 0.0 -0.9 1.9 0.0 0.0 0.0 0.0 
0.0 0.0 0.0 -0.1 -0.9 0.0 1.0 0.0 0.0 0.0 0.9 0.1 0.0 0.0 0.0 0.0 
0.0 0.0 0.0 0.4 2.5 0.0 -2.9 0.0 0.0 0.0 0.0 0.0 1.3 -0.3 0.0 0.0 
0.0 0.0 0.0 -1.6 -9.8 0.0 11.4 0.0 0.0 0.0 0.0 0.0 0.1 0.9 0.0 0.0 
0.0 0.0 0.0 -1.0 -5.7 0.0 6.7 0.0 0.0 0.0 0.0 0.0 0.0 0.0 0.0 1.0 
0.0 0.0 0.0 1.3 8.1 0.0 -9.4 0.0 0.0 0.0 0.0 0.0 0.0 0.0 -0.7 1.7 
0.0 0.1 -0.1 -215.0 -1295.9 -87.1 1511.3 85.8 10.2 -8.0 29.8 -30.7 -32.6 30.4 8.8 -5.9 
0.0 0.1 -0.1 -161.7 -974.9 -69.0 1136.9 68.0 7.7 -6.3 22.0 -21.8 -22.6 19.7 4.5 -1.4 

0.0 0.0 1.0 0.0 0.0 0.0 0.0 0.0 0.0 0.0 0.0 0.0 0.0 0.0 0.0 0.0 
0.0 0.0 0.0 0.5 -2.5 0.0 3.0 0.0 0.0 0.0 0.0 0.0 0.0 0.0 0.0 0.0 
0.0 0.0 0.0 0.8 -1.5 0.0 1.7 0.0 0.0 0.0 0.0 0.0 0.0 0.0 0.0 0.0 
0.0 0.0 0.0 32.0 192.0 18.0 -224.0 -17.0 0.0 0.0 0.0 0.0 0.0 0.0 0.0 0.0 
0.0 0.0 0.0 5.3 32.0 4.0 -37.3 -3.0 0.0 0.0 0.0 0.0 0.0 0.0 0.0 0.0 
0.0 0.0 0.0 -0.5 -3.2 0.0 3.7 0.0 0.6 0.4 0.0 0.0 0.0 0.0 0.0 0.0 
0.0 0.0 0.0 9.0 54.0 6.0 -63.0 -5.0 0.0 0.0 0.0 0.0 0.0 0.0 0.0 0.0 
0.0 0.0 0.0 1.2 7.3 0.0 -8.5 0.0 0.5 0.5 0.0 0.0 0.0 0.0 0.0 0.0 
0.0 0.0 0.0 0.1 0.7 0.0 -0.8 0.0 0.0 0.0 -0.7 1.7 0.0 0.0 0.0 0.0 
0.0 0.0 0.0 -0.1 -0.7 0.0 0.8 0.0 0.0 0.0 1.2 -0.2 0.0 0.0 0.0 0.0 
0.0 0.0 0.0 1.2 7.3 0.0 -8.5 0.0 0.0 0.0 0.0 0.0 1.6 -0.6 0.0 0.0 
0.0 0.0 0.0 -0.8 -5.0 0.0 5.8 0.0 0.0 0.0 0.0 0.0 0.5 0.5 0.0 0.0 
0.0 0.0 0.0 -1.0 -5.9 0.0 6.9 0.0 0.0 0.0 0.0 0.0 0.0 0.0 0.3 0.7 
0.0 0.0 0.0 1.3 7.9 0.0 -9.2 0.0 0.0 0.0 0.0 0.0 0.0 0.0 -0.3 1.3 
0.0 0.1 -0.2 -233.6 -1407.4 -93.4 1641.4 92.0 11.1 -8.6 32.6 -33.8 -36.1 34.1 10.2 -7.5 
0.0 0.1 -0.1 -180.3 -1086.4 -75.3 1267.0 74.2 8.6 -6.9 24.7 -24.9 -26.1 23.4 6.0 -3.0 

0.0 0.5 0.5 0.0 0.0 0.0 0.0 0.0 0.0 0.0 0.0 0.0 0.0 0.0 0.0 0.0 
0.0 0.0 0.0 0.5 -1.5 0.0 2.0 0.0 0.0 0.0 0.0 0.0 0.0 0.0 0.0 0.0 
0.0 0.0 0.0 0.8 -0.5 0.0 0.7 0.0 0.0 0.0 0.0 0.0 0.0 0.0 0.0 0.0 
0.0 0.0 0.0 26.7 160.0 15.0 -186.7 -14.0 0.0 0.0 0.0 0.0 0.0 0.0 0.0 0.0 
0.0 0.0 0.0 0.0 0.0 1.0 0.0 0.0 0.0 0.0 0.0 0.0 0.0 0.0 0.0 0.0 
0.0 0.0 0.0 -0.5 -3.3 0.0 3.8 0.0 0.5 0.5 0.0 0.0 0.0 0.0 0.0 0.0 
0.0 0.0 0.0 3.7 22.0 3.0 -25.7 -2.0 0.0 0.0 0.0 0.0 0.0 0.0 0.0 0.0 
0.0 0.0 0.0 1.2 7.2 0.0 -8.4 0.0 0.4 0.6 0.0 0.0 0.0 0.0 0.0 0.0 
0.0 0.0 0.0 0.1 0.9 0.0 -1.0 0.0 0.0 0.0 -0.4 1.4 0.0 0.0 0.0 0.0 
0.0 0.0 0.0 -0.1 -0.4 0.0 0.5 0.0 0.0 0.0 1.4 -0.4 0.0 0.0 0.0 0.0 
0.0 0.0 0.0 2.0 12.0 0.0 -14.0 0.0 0.0 0.0 0.0 0.0 2.0 -1.0 0.0 0.0 
0.0 0.0 0.0 -0.0 -0.3 0.0 0.3 0.0 0.0 0.0 0.0 0.0 0.9 0.1 0.0 0.0 
0.0 0.0 0.0 -1.0 -6.1 0.0 7.1 0.0 0.0 0.0 0.0 0.0 0.0 0.0 0.7 0.3 
0.0 0.0 0.0 1.3 7.7 0.0 -9.0 0.0 0.0 0.0 0.0 0.0 0.0 0.0 -0.0 1.0 
0.0 0.1 -0.2 -252.1 -1519.0 -99.7 1771.5 98.2 12.0 -9.2 35.3 -36.9 -39.6 37.8 11.7 -9.0 
0.0 0.1 -0.1 -198.8 -1198.0 -81.6 1397.1 80.4 9.5 -7.5 27.4 -28.0 -29.6 27.1 7.5 -4.5 

0.0 1.0 0.0 0.0 0.0 0.0 0.0 0.0 0.0 0.0 0.0 0.0 0.0 0.0 0.0 0.0 
0.0 0.0 0.0 0.5 -0.5 0.0 1.0 0.0 0.0 0.0 0.0 0.0 0.0 0.0 0.0 0.0 
0.0 0.0 0.0 0.8 0.5 0.0 -0.3 0.0 0.0 0.0 0.0 0.0 0.0 0.0 0.0 0.0 
0.0 0.0 0.0 21.3 128.0 12.0 -149.3 -11.0 0.0 0.0 0.0 0.0 0.0 0.0 0.0 0.0 
0.0 0.0 0.0 -5.3 -32.0 -2.0 37.3 3.0 0.0 0.0 0.0 0.0 0.0 0.0 0.0 0.0 
0.0 0.0 0.0 -0.6 -3.3 0.0 3.9 0.0 0.3 0.7 0.0 0.0 0.0 0.0 0.0 0.0 
0.0 0.0 0.0 -1.7 -10.0 0.0 11.7 1.0 0.0 0.0 0.0 0.0 0.0 0.0 0.0 0.0 
0.0 0.0 0.0 1.2 7.2 0.0 -8.3 0.0 0.3 0.7 0.0 0.0 0.0 0.0 0.0 0.0 
0.0 0.0 0.0 0.2 1.1 0.0 -1.3 0.0 0.0 0.0 -0.1 1.1 0.0 0.0 0.0 0.0 
0.0 0.0 0.0 -0.0 -0.2 0.0 0.3 0.0 0.0 0.0 1.7 -0.7 0.0 0.0 0.0 0.0 
0.0 0.0 0.0 2.8 16.8 0.0 -19.5 0.0 0.0 0.0 0.0 0.0 2.4 -1.4 0.0 0.0 
0.0 0.0 0.0 0.8 4.5 0.0 -5.3 0.0 0.0 0.0 0.0 0.0 1.3 -0.3 0.0 0.0 
0.0 0.0 0.0 -1.0 -6.3 0.0 7.3 0.0 0.0 0.0 0.0 0.0 0.0 0.0 1.0 0.0 
0.0 0.0 0.0 1.3 7.6 0.0 -8.8 0.0 0.0 0.0 0.0 0.0 0.0 0.0 0.3 0.7 
0.0 0.1 -0.2 -270.7 -1630.6 -106.0 1901.7 104.4 12.9 -9.8 38.1 -40.0 -43.1 41.5 13.2 -10.6 
0.0 0.1 -0.1 -217.3 -1309.6 -87.9 1527.2 86.6 10.4 -8.1 30.2 -31.1 -33.0 30.8 8.9 -6.1 

0.0 1.5 -0.5 0.0 0.0 0.0 0.0 0.0 0.0 0.0 0.0 0.0 0.0 0.0 0.0 0.0 
0.0 0.0 0.0 0.5 0.5 0.0 0.0 0.0 0.0 0.0 0.0 0.0 0.0 0.0 0.0 0.0 
0.0 0.0 0.0 0.8 1.5 0.0 -1.3 0.0 0.0 0.0 0.0 0.0 0.0 0.0 0.0 0.0 
0.0 0.0 0.0 16.0 96.0 9.0 -112.0 -8.0 0.0 0.0 0.0 0.0 0.0 0.0 0.0 0.0 
0.0 0.0 0.0 -10.7 -64.0 -5.0 74.7 6.0 0.0 0.0 0.0 0.0 0.0 0.0 0.0 0.0 
0.0 0.0 0.0 -0.6 -3.4 0.0 4.0 0.0 0.2 0.8 0.0 0.0 0.0 0.0 0.0 0.0 
0.0 0.0 0.0 -7.0 -42.0 -3.0 49.0 4.0 0.0 0.0 0.0 0.0 0.0 0.0 0.0 0.0 
0.0 0.0 0.0 1.2 7.1 0.0 -8.3 0.0 0.2 0.8 0.0 0.0 0.0 0.0 0.0 0.0 
0.0 0.0 0.0 0.2 1.3 0.0 -1.6 0.0 0.0 0.0 0.2 0.8 0.0 0.0 0.0 0.0 
0.0 0.0 0.0 0.0 0.0 0.0 0.0 0.0 0.0 0.0 2.0 -1.0 0.0 0.0 0.0 0.0 
0.0 0.0 0.0 3.6 21.5 0.0 -25.1 0.0 0.0 0.0 0.0 0.0 2.8 -1.8 0.0 0.0 
0.0 0.0 0.0 1.5 9.3 0.0 -10.8 0.0 0.0 0.0 0.0 0.0 1.6 -0.6 0.0 0.0 
0.0 0.0 0.0 -1.1 -6.4 0.0 7.5 0.0 0.0 0.0 0.0 0.0 0.0 0.0 1.3 -0.3 
0.0 0.0 0.0 1.2 7.4 0.0 -8.6 0.0 0.0 0.0 0.0 0.0 0.0 0.0 0.6 0.4 
0.0 0.1 -0.2 -289.2 -1742.1 -112.3 2031.8 110.6 13.7 -10.4 40.8 -43.0 -46.5 45.2 14.7 -12.1 
0.0 0.1 -0.2 -235.9 -1421.1 -94.2 1657.4 92.8 11.2 -8.7 32.9 -34.2 -36.5 34.5 10.4 -7.6 

0.0 2.0 -1.0 0.0 0.0 0.0 0.0 0.0 0.0 0.0 0.0 0.0 0.0 0.0 0.0 0.0 
0.0 0.0 0.0 0.5 1.5 0.0 -1.0 0.0 0.0 0.0 0.0 0.0 0.0 0.0 0.0 0.0 
0.0 0.0 0.0 0.8 2.5 0.0 -2.3 0.0 0.0 0.0 0.0 0.0 0.0 0.0 0.0 0.0 
0.0 0.0 0.0 10.7 64.0 6.0 -74.7 -5.0 0.0 0.0 0.0 0.0 0.0 0.0 0.0 0.0 
0.0 0.0 0.0 -16.0 -96.0 -8.0 112.0 9.0 0.0 0.0 0.0 0.0 0.0 0.0 0.0 0.0 
0.0 0.0 0.0 -0.6 -3.5 0.0 4.0 0.0 0.1 0.9 0.0 0.0 0.0 0.0 0.0 0.0 
0.0 0.0 0.0 -12.3 -74.0 -6.0 86.3 7.0 0.0 0.0 0.0 0.0 0.0 0.0 0.0 0.0 
0.0 0.0 0.0 1.2 7.0 0.0 -8.2 0.0 0.1 0.9 0.0 0.0 0.0 0.0 0.0 0.0 
0.0 0.0 0.0 0.3 1.6 0.0 -1.8 0.0 0.0 0.0 0.4 0.6 0.0 0.0 0.0 0.0 
0.0 0.0 0.0 0.0 0.2 0.0 -0.3 0.0 0.0 0.0 2.3 -1.3 0.0 0.0 0.0 0.0 
0.0 0.0 0.0 4.4 26.3 0.0 -30.6 0.0 0.0 0.0 0.0 0.0 3.1 -2.1 0.0 0.0 
0.0 0.0 0.0 2.3 14.0 0.0 -16.3 0.0 0.0 0.0 0.0 0.0 2.0 -1.0 0.0 0.0 
0.0 0.0 0.0 -1.1 -6.6 0.0 7.7 0.0 0.0 0.0 0.0 0.0 0.0 0.0 1.6 -0.6 
0.0 0.0 0.0 1.2 7.2 0.0 -8.4 0.0 0.0 0.0 0.0 0.0 0.0 0.0 0.9 0.1 
0.0 0.1 -0.2 -307.7 -1853.7 -118.6 2161.9 116.7 14.6 -11.0 43.6 -46.1 -50.0 49.0 16.2 -13.7 
0.0 0.1 -0.2 -254.4 -1532.7 -100.5 1787.5 98.9 12.1 -9.3 35.7 -37.2 -40.0 38.3 11.9 -9.2 

0.0 2.5 -1.5 0.0 0.0 0.0 0.0 0.0 0.0 0.0 0.0 0.0 0.0 0.0 0.0 0.0 
0.0 0.0 0.0 0.5 2.5 0.0 -2.0 0.0 0.0 0.0 0.0 0.0 0.0 0.0 0.0 0.0 
0.0 0.0 0.0 0.8 3.5 0.0 -3.3 0.0 0.0 0.0 0.0 0.0 0.0 0.0 0.0 0.0 
0.0 0.0 0.0 5.3 32.0 3.0 -37.3 -2.0 0.0 0.0 0.0 0.0 0.0 0.0 0.0 0.0 
0.0 0.0 0.0 -21.3 -128.0 -11.0 149.3 12.0 0.0 0.0 0.0 0.0 0.0 0.0 0.0 0.0 
0.0 0.0 0.0 -0.6 -3.5 0.0 4.1 0.0 -0.0 1.0 0.0 0.0 0.0 0.0 0.0 0.0 
0.0 0.0 0.0 -17.7 -106.0 -9.0 123.7 10.0 0.0 0.0 0.0 0.0 0.0 0.0 0.0 0.0 
0.0 0.0 0.0 1.2 7.0 0.0 -8.1 0.0 -0.1 1.1 0.0 0.0 0.0 0.0 0.0 0.0 
0.0 0.0 0.0 0.3 1.8 0.0 -2.1 0.0 0.0 0.0 0.7 0.3 0.0 0.0 0.0 0.0 
0.0 0.0 0.0 0.1 0.4 0.0 -0.5 0.0 0.0 0.0 2.6 -1.6 0.0 0.0 0.0 0.0 
0.0 0.0 0.0 5.2 31.0 0.0 -36.2 0.0 0.0 0.0 0.0 0.0 3.5 -2.5 0.0 0.0 
0.0 0.0 0.0 3.1 18.8 0.0 -21.9 0.0 0.0 0.0 0.0 0.0 2.4 -1.4 0.0 0.0 
0.0 0.0 0.0 -1.1 -6.8 0.0 7.9 0.0 0.0 0.0 0.0 0.0 0.0 0.0 1.9 -0.9 
0.0 0.0 0.0 1.2 7.0 0.0 -8.2 0.0 0.0 0.0 0.0 0.0 0.0 0.0 1.2 -0.2 
0.0 0.1 -0.2 -326.3 -1965.3 -125.0 2292.0 122.9 15.5 -11.6 46.3 -49.2 -53.5 52.7 17.7 -15.2 
0.0 0.1 -0.2 -272.9 -1644.3 -106.8 1917.6 105.1 13.0 -9.9 38.4 -40.3 -43.5 42.0 13.4 -10.8 

0.0 3.0 -2.0 0.0 0.0 0.0 0.0 0.0 0.0 0.0 0.0 0.0 0.0 0.0 0.0 0.0 
0.0 0.0 0.0 0.5 3.5 0.0 -3.0 0.0 0.0 0.0 0.0 0.0 0.0 0.0 0.0 0.0 
0.0 0.0 0.0 0.8 4.5 0.0 -4.3 0.0 0.0 0.0 0.0 0.0 0.0 0.0 0.0 0.0 
0.0 0.0 0.0 0.0 0.0 0.0 0.0 1.0 0.0 0.0 0.0 0.0 0.0 0.0 0.0 0.0 
0.0 0.0 0.0 -26.7 -160.0 -14.0 186.7 15.0 0.0 0.0 0.0 0.0 0.0 0.0 0.0 0.0 
0.0 0.0 0.0 -0.6 -3.6 0.0 4.2 0.0 -0.2 1.2 0.0 0.0 0.0 0.0 0.0 0.0 
0.0 0.0 0.0 -23.0 -138.0 -12.0 161.0 13.0 0.0 0.0 0.0 0.0 0.0 0.0 0.0 0.0 
0.0 0.0 0.0 1.2 6.9 0.0 -8.1 0.0 -0.2 1.2 0.0 0.0 0.0 0.0 0.0 0.0 
0.0 0.0 0.0 0.3 2.0 0.0 -2.3 0.0 0.0 0.0 1.0 0.0 0.0 0.0 0.0 0.0 
0.0 0.0 0.0 0.1 0.7 0.0 -0.8 0.0 0.0 0.0 2.8 -1.8 0.0 0.0 0.0 0.0 
0.0 0.0 0.0 6.0 35.8 0.0 -41.7 0.0 0.0 0.0 0.0 0.0 3.9 -2.9 0.0 0.0 
0.0 0.0 0.0 3.9 23.5 0.0 -27.4 0.0 0.0 0.0 0.0 0.0 2.8 -1.8 0.0 0.0 
0.0 0.0 0.0 -1.2 -7.0 0.0 8.1 0.0 0.0 0.0 0.0 0.0 0.0 0.0 2.2 -1.2 
0.0 0.0 0.0 1.1 6.9 0.0 -8.0 0.0 0.0 0.0 0.0 0.0 0.0 0.0 1.5 -0.5 
0.0 0.2 -0.2 -344.8 -2076.9 -131.3 2422.2 129.1 16.4 -12.2 49.0 -52.3 -57.0 56.4 19.2 -16.8 
0.0 0.1 -0.2 -291.5 -1755.8 -113.1 2047.8 111.3 13.8 -10.5 41.2 -43.4 -47.0 45.7 14.9 -12.3 

1.0
0.0
0.0
1.0
4.0
8.0
4.0
2.7
9.5
9.3
12.2
11.8
14.5
8.2
13.4
13.7
