0.0 1.2 -0.2 0.0 0.0 0.0 0.0 0.0 0.0 0.0 0.0 0.0 0.0 0.0 
0.0 0.0 0.0 0.1 0.9 -0.1 0.0 0.0 0.0 0.0 0.0 0.0 0.0 0.0 
0.0 0.0 0.0 0.8 0.6 -0.4 0.0 0.0 0.0 0.0 0.0 0.0 0.0 0.0 
0.0 0.0 0.0 -2.4 -2.8 5.2 10.5 -9.5 0.0 0.0 0.0 0.0 0.0 0.0 
0.0 0.0 0.0 -5.3 -6.4 11.6 16.0 -15.0 0.0 0.0 0.0 0.0 0.0 0.0 
0.0 0.0 0.0 -4.4 -5.3 9.7 13.5 -12.5 0.0 0.0 0.0 0.0 0.0 0.0 
0.0 0.0 0.0 1.0 1.2 -2.2 0.0 0.0 0.2 0.8 0.0 0.0 0.0 0.0 
0.0 0.0 0.0 0.8 1.0 -1.8 0.0 0.0 0.3 0.7 0.0 0.0 0.0 0.0 
0.0 0.0 0.0 1.5 1.8 -3.3 0.0 0.0 0.0 0.0 0.7 0.3 0.0 0.0 
0.0 0.0 0.0 0.2 0.3 -0.5 0.0 0.0 0.0 0.0 0.0 1.0 0.0 0.0 
0.0 0.0 0.0 3.8 4.6 -8.4 0.0 0.0 0.0 0.0 0.0 0.0 3.5 -2.5 
0.0 0.0 0.0 14.7 17.6 -32.4 0.0 0.0 0.0 0.0 0.0 0.0 8.9 -7.9 
-0.0 0.1 -0.0 -26.9 -33.8 60.2 40.1 -39.0 6.8 -7.3 -6.0 4.2 -2.3 4.8 
-0.0 0.1 -0.1 -34.6 -43.3 77.4 45.4 -44.1 7.7 -8.5 -6.8 5.2 -6.2 8.7 

0.0 1.0 0.0 0.0 0.0 0.0 0.0 0.0 0.0 0.0 0.0 0.0 0.0 0.0 
0.0 0.0 0.0 0.1 0.5 0.5 0.0 0.0 0.0 0.0 0.0 0.0 0.0 0.0 
0.0 0.0 0.0 0.8 0.1 0.1 0.0 0.0 0.0 0.0 0.0 0.0 0.0 0.0 
0.0 0.0 0.0 -2.1 -2.5 4.5 9.0 -8.0 0.0 0.0 0.0 0.0 0.0 0.0 
0.0 0.0 0.0 -5.0 -6.0 11.0 14.5 -13.5 0.0 0.0 0.0 0.0 0.0 0.0 
0.0 0.0 0.0 -4.1 -4.9 9.1 12.0 -11.0 0.0 0.0 0.0 0.0 0.0 0.0 
0.0 0.0 0.0 1.0 1.1 -2.1 0.0 0.0 0.3 0.7 0.0 0.0 0.0 0.0 
0.0 0.0 0.0 0.8 0.9 -1.7 0.0 0.0 0.4 0.6 0.0 0.0 0.0 0.0 
0.0 0.0 0.0 1.6 1.9 -3.5 0.0 0.0 0.0 0.0 0.8 0.2 0.0 0.0 
0.0 0.0 0.0 0.3 0.4 -0.7 0.0 0.0 0.0 0.0 0.2 0.8 0.0 0.0 
0.0 0.0 0.0 2.4 2.8 -5.2 0.0 0.0 0.0 0.0 0.0 0.0 2.8 -1.8 
0.0 0.0 0.0 13.2 15.9 -29.1 0.0 0.0 0.0 0.0 0.0 0.0 8.1 -7.1 
-0.0 0.1 -0.1 -35.4 -44.2 79.1 44.8 -43.5 7.6 -8.4 -6.7 5.1 -5.7 8.2 
-0.0 0.1 -0.1 -43.2 -53.7 96.2 50.1 -48.6 8.5 -9.6 -7.4 6.2 -9.7 12.1 

0.0 0.8 0.2 0.0 0.0 0.0 0.0 0.0 0.0 0.0 0.0 0.0 0.0 0.0 
0.0 0.0 0.0 0.0 0.0 1.0 0.0 0.0 0.0 0.0 0.0 0.0 0.0 0.0 
0.0 0.0 0.0 0.7 -0.4 0.6 0.0 0.0 0.0 0.0 0.0 0.0 0.0 0.0 
0.0 0.0 0.0 -1.8 -2.1 3.9 7.5 -6.5 0.0 0.0 0.0 0.0 0.0 0.0 
0.0 0.0 0.0 -4.7 -5.6 10.4 13.0 -12.0 0.0 0.0 0.0 0.0 0.0 0.0 
0.0 0.0 0.0 -3.8 -4.6 8.4 10.5 -9.5 0.0 0.0 0.0 0.0 0.0 0.0 
0.0 0.0 0.0 0.9 1.1 -1.9 0.0 0.0 0.5 0.5 0.0 0.0 0.0 0.0 
0.0 0.0 0.0 0.7 0.8 -1.5 0.0 0.0 0.6 0.4 0.0 0.0 0.0 0.0 
0.0 0.0 0.0 1.7 2.0 -3.7 0.0 0.0 0.0 0.0 0.9 0.1 0.0 0.0 
0.0 0.0 0.0 0.4 0.5 -0.9 0.0 0.0 0.0 0.0 0.3 0.7 0.0 0.0 
0.0 0.0 0.0 0.9 1.1 -1.9 0.0 0.0 0.0 0.0 0.0 0.0 2.0 -1.0 
0.0 0.0 0.0 11.8 14.1 -25.9 0.0 0.0 0.0 0.0 0.0 0.0 7.4 -6.4 
-0.0 0.1 -0.1 -44.0 -54.6 98.0 49.4 -48.0 8.4 -9.4 -7.3 6.0 -9.2 11.6 
-0.0 0.2 -0.1 -51.7 -64.0 115.1 54.7 -53.0 9.3 -10.7 -8.1 7.1 -13.2 15.5 

0.0 0.7 0.3 0.0 0.0 0.0 0.0 0.0 0.0 0.0 0.0 0.0 0.0 0.0 
0.0 0.0 0.0 -0.1 -0.5 1.5 0.0 0.0 0.0 0.0 0.0 0.0 0.0 0.0 
0.0 0.0 0.0 0.6 -0.8 1.2 0.0 0.0 0.0 0.0 0.0 0.0 0.0 0.0 
0.0 0.0 0.0 -1.5 -1.8 3.2 6.0 -5.0 0.0 0.0 0.0 0.0 0.0 0.0 
0.0 0.0 0.0 -4.4 -5.3 9.7 11.5 -10.5 0.0 0.0 0.0 0.0 0.0 0.0 
0.0 0.0 0.0 -3.5 -4.2 7.8 9.0 -8.0 0.0 0.0 0.0 0.0 0.0 0.0 
0.0 0.0 0.0 0.8 1.0 -1.8 0.0 0.0 0.7 0.3 0.0 0.0 0.0 0.0 
0.0 0.0 0.0 0.6 0.8 -1.4 0.0 0.0 0.7 0.3 0.0 0.0 0.0 0.0 
0.0 0.0 0.0 1.8 2.1 -3.9 0.0 0.0 0.0 0.0 1.0 0.0 0.0 0.0 
0.0 0.0 0.0 0.5 0.6 -1.1 0.0 0.0 0.0 0.0 0.4 0.6 0.0 0.0 
0.0 0.0 0.0 -0.6 -0.7 1.3 0.0 0.0 0.0 0.0 0.0 0.0 1.3 -0.3 
0.0 0.0 0.0 10.3 12.4 -22.6 0.0 0.0 0.0 0.0 0.0 0.0 6.6 -5.6 
-0.0 0.2 -0.1 -52.5 -65.0 116.8 54.0 -52.4 9.2 -10.5 -8.0 6.9 -12.7 15.0 
-0.0 0.2 -0.1 -60.2 -74.4 133.9 59.3 -57.5 10.1 -11.8 -8.8 8.0 -16.6 18.9 

0.0 0.5 0.5 0.0 0.0 0.0 0.0 0.0 0.0 0.0 0.0 0.0 0.0 0.0 
0.0 0.0 0.0 -0.1 -0.9 2.1 0.0 0.0 0.0 0.0 0.0 0.0 0.0 0.0 
0.0 0.0 0.0 0.6 -1.3 1.7 0.0 0.0 0.0 0.0 0.0 0.0 0.0 0.0 
0.0 0.0 0.0 -1.2 -1.4 2.6 4.5 -3.5 0.0 0.0 0.0 0.0 0.0 0.0 
0.0 0.0 0.0 -4.1 -4.9 9.1 10.0 -9.0 0.0 0.0 0.0 0.0 0.0 0.0 
0.0 0.0 0.0 -3.2 -3.9 7.1 7.5 -6.5 0.0 0.0 0.0 0.0 0.0 0.0 
0.0 0.0 0.0 0.7 0.9 -1.6 0.0 0.0 0.8 0.2 0.0 0.0 0.0 0.0 
0.0 0.0 0.0 0.6 0.7 -1.2 0.0 0.0 0.9 0.1 0.0 0.0 0.0 0.0 
0.0 0.0 0.0 1.9 2.2 -4.1 0.0 0.0 0.0 0.0 1.1 -0.1 0.0 0.0 
0.0 0.0 0.0 0.6 0.7 -1.2 0.0 0.0 0.0 0.0 0.5 0.5 0.0 0.0 
0.0 0.0 0.0 -2.1 -2.5 4.5 0.0 0.0 0.0 0.0 0.0 0.0 0.5 0.5 
0.0 0.0 0.0 8.8 10.6 -19.4 0.0 0.0 0.0 0.0 0.0 0.0 5.9 -4.9 
-0.0 0.2 -0.1 -61.0 -75.4 135.7 58.7 -56.9 10.0 -11.6 -8.7 7.9 -16.1 18.4 
-0.0 0.2 -0.1 -68.8 -84.8 152.8 64.0 -62.0 10.9 -12.8 -9.5 8.9 -20.1 22.3 

0.0 0.3 0.7 0.0 0.0 0.0 0.0 0.0 0.0 0.0 0.0 0.0 0.0 0.0 
0.0 0.0 0.0 -0.2 -1.4 2.6 0.0 0.0 0.0 0.0 0.0 0.0 0.0 0.0 
0.0 0.0 0.0 0.5 -1.8 2.2 0.0 0.0 0.0 0.0 0.0 0.0 0.0 0.0 
0.0 0.0 0.0 -0.9 -1.1 1.9 3.0 -2.0 0.0 0.0 0.0 0.0 0.0 0.0 
0.0 0.0 0.0 -3.8 -4.6 8.4 8.5 -7.5 0.0 0.0 0.0 0.0 0.0 0.0 
0.0 0.0 0.0 -2.9 -3.5 6.5 6.0 -5.0 0.0 0.0 0.0 0.0 0.0 0.0 
0.0 0.0 0.0 0.7 0.8 -1.5 0.0 0.0 1.0 0.0 0.0 0.0 0.0 0.0 
0.0 0.0 0.0 0.5 0.6 -1.1 0.0 0.0 1.0 -0.0 0.0 0.0 0.0 0.0 
0.0 0.0 0.0 1.9 2.3 -4.3 0.0 0.0 0.0 0.0 1.2 -0.2 0.0 0.0 
0.0 0.0 0.0 0.7 0.8 -1.4 0.0 0.0 0.0 0.0 0.6 0.4 0.0 0.0 
0.0 0.0 0.0 -3.5 -4.2 7.8 0.0 0.0 0.0 0.0 0.0 0.0 -0.3 1.3 
0.0 0.0 0.0 7.4 8.8 -16.2 0.0 0.0 0.0 0.0 0.0 0.0 5.1 -4.1 
-0.0 0.2 -0.1 -69.6 -85.7 154.5 63.3 -61.3 10.8 -12.7 -9.4 8.8 -19.6 21.8 
-0.0 0.2 -0.1 -77.3 -95.2 171.7 68.6 -66.4 11.7 -13.9 -10.2 9.8 -23.6 25.7 

0.0 0.2 0.8 0.0 0.0 0.0 0.0 0.0 0.0 0.0 0.0 0.0 0.0 0.0 
0.0 0.0 0.0 -0.2 -1.9 3.1 0.0 0.0 0.0 0.0 0.0 0.0 0.0 0.0 
0.0 0.0 0.0 0.5 -2.2 2.8 0.0 0.0 0.0 0.0 0.0 0.0 0.0 0.0 
0.0 0.0 0.0 -0.6 -0.7 1.3 1.5 -0.5 0.0 0.0 0.0 0.0 0.0 0.0 
0.0 0.0 0.0 -3.5 -4.2 7.8 7.0 -6.0 0.0 0.0 0.0 0.0 0.0 0.0 
0.0 0.0 0.0 -2.6 -3.2 5.8 4.5 -3.5 0.0 0.0 0.0 0.0 0.0 0.0 
0.0 0.0 0.0 0.6 0.7 -1.3 0.0 0.0 1.1 -0.1 0.0 0.0 0.0 0.0 
0.0 0.0 0.0 0.4 0.5 -0.9 0.0 0.0 1.2 -0.2 0.0 0.0 0.0 0.0 
0.0 0.0 0.0 2.0 2.4 -4.5 0.0 0.0 0.0 0.0 1.3 -0.3 0.0 0.0 
0.0 0.0 0.0 0.7 0.9 -1.6 0.0 0.0 0.0 0.0 0.7 0.3 0.0 0.0 
0.0 0.0 0.0 -5.0 -6.0 11.0 0.0 0.0 0.0 0.0 0.0 0.0 -1.0 2.0 
0.0 0.0 0.0 5.9 7.1 -12.9 0.0 0.0 0.0 0.0 0.0 0.0 4.4 -3.4 
-0.0 0.2 -0.1 -78.1 -96.1 173.4 67.9 -65.8 11.6 -13.8 -10.1 9.7 -23.1 25.2 
-0.0 0.2 -0.1 -85.8 -105.6 190.5 73.2 -70.9 12.5 -15.0 -10.9 10.7 -27.0 29.1 

0.0 0.0 1.0 0.0 0.0 0.0 0.0 0.0 0.0 0.0 0.0 0.0 0.0 0.0 
0.0 0.0 0.0 -0.3 -2.4 3.6 0.0 0.0 0.0 0.0 0.0 0.0 0.0 0.0 
0.0 0.0 0.0 0.4 -2.7 3.3 0.0 0.0 0.0 0.0 0.0 0.0 0.0 0.0 
0.0 0.0 0.0 -0.3 -0.4 0.6 0.0 1.0 0.0 0.0 0.0 0.0 0.0 0.0 
0.0 0.0 0.0 -3.2 -3.9 7.1 5.5 -4.5 0.0 0.0 0.0 0.0 0.0 0.0 
0.0 0.0 0.0 -2.4 -2.8 5.2 3.0 -2.0 0.0 0.0 0.0 0.0 0.0 0.0 
0.0 0.0 0.0 0.5 0.7 -1.2 0.0 0.0 1.3 -0.3 0.0 0.0 0.0 0.0 
0.0 0.0 0.0 0.4 0.4 -0.8 0.0 0.0 1.3 -0.3 0.0 0.0 0.0 0.0 
0.0 0.0 0.0 2.1 2.5 -4.7 0.0 0.0 0.0 0.0 1.5 -0.5 0.0 0.0 
0.0 0.0 0.0 0.8 1.0 -1.8 0.0 0.0 0.0 0.0 0.9 0.1 0.0 0.0 
0.0 0.0 0.0 -6.5 -7.8 14.2 0.0 0.0 0.0 0.0 0.0 0.0 -1.8 2.8 
0.0 0.0 0.0 4.4 5.3 -9.7 0.0 0.0 0.0 0.0 0.0 0.0 3.6 -2.6 
-0.0 0.2 -0.1 -86.6 -106.5 192.3 72.6 -70.2 12.4 -14.9 -10.8 10.6 -26.5 28.6 
-0.0 0.2 -0.1 -94.4 -115.9 209.4 77.9 -75.3 13.3 -16.1 -11.6 11.7 -30.5 32.5 

0.0 -0.2 1.2 0.0 0.0 0.0 0.0 0.0 0.0 0.0 0.0 0.0 0.0 0.0 
0.0 0.0 0.0 -0.4 -2.8 4.2 0.0 0.0 0.0 0.0 0.0 0.0 0.0 0.0 
0.0 0.0 0.0 0.4 -3.2 3.8 0.0 0.0 0.0 0.0 0.0 0.0 0.0 0.0 
0.0 0.0 0.0 0.0 0.0 0.0 -1.5 2.5 0.0 0.0 0.0 0.0 0.0 0.0 
0.0 0.0 0.0 -2.9 -3.5 6.5 4.0 -3.0 0.0 0.0 0.0 0.0 0.0 0.0 
0.0 0.0 0.0 -2.1 -2.5 4.5 1.5 -0.5 0.0 0.0 0.0 0.0 0.0 0.0 
0.0 0.0 0.0 0.5 0.6 -1.0 0.0 0.0 1.4 -0.4 0.0 0.0 0.0 0.0 
0.0 0.0 0.0 0.3 0.4 -0.6 0.0 0.0 1.5 -0.5 0.0 0.0 0.0 0.0 
0.0 0.0 0.0 2.2 2.7 -4.9 0.0 0.0 0.0 0.0 1.6 -0.6 0.0 0.0 
0.0 0.0 0.0 0.9 1.1 -2.0 0.0 0.0 0.0 0.0 1.0 0.0 0.0 0.0 
0.0 0.0 0.0 -7.9 -9.5 17.5 0.0 0.0 0.0 0.0 0.0 0.0 -2.5 3.5 
0.0 0.0 0.0 2.9 3.5 -6.5 0.0 0.0 0.0 0.0 0.0 0.0 2.9 -1.9 
-0.0 0.2 -0.1 -95.2 -116.9 211.1 77.2 -74.7 13.2 -15.9 -11.5 11.5 -30.0 32.0 
-0.0 0.2 -0.1 -102.9 -126.3 228.2 82.5 -79.8 14.1 -17.2 -12.3 12.6 -33.9 35.8 

0.0 -0.3 1.3 0.0 0.0 0.0 0.0 0.0 0.0 0.0 0.0 0.0 0.0 0.0 
0.0 0.0 0.0 -0.4 -3.3 4.7 0.0 0.0 0.0 0.0 0.0 0.0 0.0 0.0 
0.0 0.0 0.0 0.3 -3.6 4.4 0.0 0.0 0.0 0.0 0.0 0.0 0.0 0.0 
0.0 0.0 0.0 0.3 0.4 -0.6 -3.0 4.0 0.0 0.0 0.0 0.0 0.0 0.0 
0.0 0.0 0.0 -2.6 -3.2 5.8 2.5 -1.5 0.0 0.0 0.0 0.0 0.0 0.0 
0.0 0.0 0.0 -1.8 -2.1 3.9 0.0 1.0 0.0 0.0 0.0 0.0 0.0 0.0 
0.0 0.0 0.0 0.4 0.5 -0.9 0.0 0.0 1.6 -0.6 0.0 0.0 0.0 0.0 
0.0 0.0 0.0 0.2 0.3 -0.5 0.0 0.0 1.7 -0.7 0.0 0.0 0.0 0.0 
0.0 0.0 0.0 2.3 2.8 -5.1 0.0 0.0 0.0 0.0 1.7 -0.7 0.0 0.0 
0.0 0.0 0.0 1.0 1.2 -2.2 0.0 0.0 0.0 0.0 1.1 -0.1 0.0 0.0 
0.0 0.0 0.0 -9.4 -11.3 20.7 0.0 0.0 0.0 0.0 0.0 0.0 -3.3 4.3 
0.0 0.0 0.0 1.5 1.8 -3.2 0.0 0.0 0.0 0.0 0.0 0.0 2.1 -1.1 
-0.0 0.2 -0.1 -103.7 -127.2 230.0 81.8 -79.2 14.0 -17.0 -12.2 12.5 -33.5 35.4 
-0.0 0.2 -0.1 -111.4 -136.7 247.1 87.1 -84.3 14.9 -18.3 -12.9 13.5 -37.4 39.2 

1.0
0.0
0.0
4.5
0.0
0.5
8.0
7.3
8.3
6.8
4.8
7.4
10.7
17.3
