0.0 0.0 1.0 0.0 0.0 0.0 0.0 0.0 0.0 0.0 0.0 0.0 
0.0 0.0 1.0 0.0 0.0 0.1 -0.1 0.0 0.0 0.0 0.0 0.0 
0.0 0.0 0.9 0.0 0.0 0.0 0.0 0.1 0.0 0.0 0.0 0.0 
0.0 0.0 0.9 0.0 0.0 0.0 0.0 0.1 0.0 0.0 0.0 0.0 
0.0 0.0 -10.1 0.0 0.0 0.0 0.0 11.1 0.0 0.0 0.0 0.0 
0.0 0.0 -7.2 0.0 0.0 1.0 -1.0 7.2 0.0 1.0 0.0 0.0 
0.0 0.0 -7.2 0.0 0.0 0.0 -0.0 7.2 0.0 1.0 0.0 0.0 
0.0 0.0 -9.1 0.0 0.0 0.0 0.0 10.1 0.0 0.0 0.0 0.0 
0.0 0.0 -7.2 0.0 0.0 0.5 -0.5 7.2 0.0 1.0 0.0 0.0 
0.0 0.0 64.8 0.0 0.0 0.0 0.0 -64.8 0.0 1.0 0.0 0.0 
-0.2 0.0 80407645406.5 0.2 -0.0 -49.0 49.1 -80407645416.5 -0.1 0.0 11.0 0.0 
0.0 0.0 1.0 0.0 0.0 446.9 -446.9 0.0 0.0 0.0 0.0 0.0 

0.0 0.0 1.0 0.0 0.0 0.0 0.0 0.0 0.0 0.0 0.0 0.0 
0.0 0.0 1.0 0.0 0.0 0.1 -0.1 0.0 0.0 0.0 0.0 0.0 
0.0 0.0 0.9 0.0 0.0 0.0 0.0 0.1 0.0 0.0 0.0 0.0 
0.0 0.0 0.9 0.0 0.0 0.0 0.0 0.1 0.0 0.0 0.0 0.0 
0.0 0.0 -10.1 0.0 0.0 0.0 0.0 11.1 0.0 0.0 0.0 0.0 
0.0 0.0 -7.2 0.0 0.0 1.0 -1.0 7.2 0.0 1.0 0.0 0.0 
0.0 0.0 -7.2 0.0 0.0 0.0 -0.0 7.2 0.0 1.0 0.0 0.0 
0.0 0.0 -9.1 0.0 0.0 0.0 0.0 10.1 0.0 0.0 0.0 0.0 
0.0 0.0 -7.2 0.0 0.0 0.5 -0.5 7.2 0.0 1.0 0.0 0.0 
0.0 0.0 64.8 0.0 0.0 0.0 0.0 -64.8 0.0 1.0 0.0 0.0 
0.2 -0.0 -2599847201778.8 -0.2 0.0 90.6 -90.7 2599847201802.2 0.1 0.0 -22.3 0.0 
0.0 0.0 1.0 0.0 0.0 446.9 -446.9 0.0 0.0 0.0 0.0 0.0 

0.0 0.0 1.0 0.0 0.0 0.0 0.0 -0.0 0.0 0.0 0.0 0.0 
0.0 0.0 1.0 0.0 0.0 0.1 -0.1 -0.0 0.0 0.0 0.0 0.0 
0.0 0.0 1.0 0.0 0.0 0.0 0.0 0.0 0.0 0.0 0.0 0.0 
0.0 0.0 0.9 0.0 0.0 0.0 0.0 0.1 0.0 0.0 0.0 0.0 
0.0 0.0 -10.1 0.0 0.0 0.0 0.0 11.1 0.0 0.0 0.0 0.0 
0.0 0.0 -7.2 0.0 0.0 1.0 -1.0 7.2 0.0 1.0 0.0 0.0 
0.0 0.0 -7.2 0.0 0.0 0.0 -0.0 7.2 0.0 1.0 0.0 0.0 
0.0 0.0 -9.0 0.0 0.0 0.0 0.0 10.0 0.0 0.0 0.0 0.0 
0.0 0.0 -7.2 0.0 0.0 0.5 -0.5 7.2 0.0 1.0 0.0 0.0 
0.0 0.0 64.8 0.0 0.0 0.0 0.0 -64.8 0.0 1.0 0.0 0.0 
-0.2 0.0 938089196505.8 0.2 -0.0 -97.9 98.0 -938089196526.5 -0.1 0.0 21.7 0.0 
0.0 0.0 1.0 0.0 0.0 446.9 -446.9 -0.0 0.0 0.0 0.0 0.0 

0.0 0.0 1.0 0.0 0.0 0.0 0.0 -0.0 0.0 0.0 0.0 0.0 
0.0 0.0 1.0 0.0 0.0 0.1 -0.1 -0.0 0.0 0.0 0.0 0.0 
0.0 0.0 0.9 0.0 0.0 0.0 0.0 0.1 0.0 0.0 0.0 0.0 
0.0 0.0 0.9 0.0 0.0 0.0 0.0 0.1 0.0 0.0 0.0 0.0 
0.0 0.0 -10.1 0.0 0.0 0.0 0.0 11.1 0.0 0.0 0.0 0.0 
0.0 0.0 -7.2 0.0 0.0 1.0 -1.0 7.2 0.0 1.0 0.0 0.0 
0.0 0.0 -7.2 0.0 0.0 0.0 -0.0 7.2 0.0 1.0 0.0 0.0 
0.0 0.0 -9.1 0.0 0.0 0.0 0.0 10.1 0.0 0.0 0.0 0.0 
0.0 0.0 -7.2 0.0 0.0 0.5 -0.5 7.2 0.0 1.0 0.0 0.0 
0.0 0.0 64.8 0.0 0.0 0.0 0.0 -64.8 0.0 1.0 0.0 0.0 
-0.2 0.0 -1206114681242.5 0.2 -0.0 24.3 -24.2 1206114681248.4 -0.1 0.0 -5.0 0.0 
0.0 0.0 1.0 0.0 0.0 446.9 -446.9 -0.0 0.0 0.0 0.0 0.0 

0.0 0.0 1.0 0.0 0.0 0.0 0.0 0.0 0.0 0.0 0.0 0.0 
0.0 0.0 1.0 0.0 0.0 0.1 -0.1 0.0 0.0 0.0 0.0 0.0 
0.0 0.0 0.9 0.0 0.0 0.0 0.0 0.1 0.0 0.0 0.0 0.0 
0.0 0.0 0.9 0.0 0.0 0.0 0.0 0.1 0.0 0.0 0.0 0.0 
0.0 0.0 -10.1 0.0 0.0 0.0 0.0 11.1 0.0 0.0 0.0 0.0 
0.0 0.0 -7.2 0.0 0.0 1.0 -1.0 7.2 0.0 1.0 0.0 0.0 
0.0 0.0 -7.2 0.0 0.0 0.0 -0.0 7.2 0.0 1.0 0.0 0.0 
0.0 0.0 -9.1 0.0 0.0 0.0 0.0 10.1 0.0 0.0 0.0 0.0 
0.0 0.0 -7.2 0.0 0.0 0.5 -0.5 7.2 0.0 1.0 0.0 0.0 
0.0 0.0 64.8 0.0 0.0 0.0 0.0 -64.8 0.0 1.0 0.0 0.0 
-0.2 0.0 1366929972055.4 0.2 -0.0 -122.3 122.4 -1366929972081.5 -0.1 0.0 27.0 0.0 
0.0 0.0 1.0 0.0 0.0 446.9 -446.9 0.0 0.0 0.0 0.0 0.0 

0.0 0.0 1.0 0.0 0.0 0.0 0.0 0.0 0.0 0.0 0.0 0.0 
0.0 0.0 1.0 0.0 0.0 0.1 -0.1 0.0 0.0 0.0 0.0 0.0 
0.0 0.0 0.9 0.0 0.0 0.0 0.0 0.1 0.0 0.0 0.0 0.0 
0.0 0.0 0.9 0.0 0.0 0.0 0.0 0.1 0.0 0.0 0.0 0.0 
0.0 0.0 -10.1 0.0 0.0 0.0 0.0 11.1 0.0 0.0 0.0 0.0 
0.0 0.0 -7.2 0.0 0.0 1.0 -1.0 7.2 0.0 1.0 0.0 0.0 
0.0 0.0 -7.2 0.0 0.0 0.0 -0.0 7.2 0.0 1.0 0.0 0.0 
0.0 0.0 -9.1 0.0 0.0 0.0 0.0 10.1 0.0 0.0 0.0 0.0 
0.0 0.0 -7.2 0.0 0.0 0.5 -0.5 7.2 0.0 1.0 0.0 0.0 
0.0 0.0 64.8 0.0 0.0 0.0 0.0 -64.8 0.0 1.0 0.0 0.0 
0.2 -0.0 -1313324875129.8 -0.2 0.0 43.3 -43.4 1313324875137.2 0.1 0.0 -6.3 -0.0 
0.0 0.0 1.0 0.0 0.0 446.9 -446.9 0.0 0.0 0.0 0.0 0.0 

0.0 0.0 1.0 0.0 0.0 0.0 0.0 -0.0 0.0 0.0 0.0 0.0 
0.0 0.0 1.0 0.0 0.0 0.1 -0.1 -0.0 0.0 0.0 0.0 0.0 
0.0 0.0 0.9 0.0 0.0 0.0 0.0 0.1 0.0 0.0 0.0 0.0 
0.0 0.0 0.9 0.0 0.0 0.0 0.0 0.1 0.0 0.0 0.0 0.0 
0.0 0.0 -10.1 0.0 0.0 0.0 0.0 11.1 0.0 0.0 0.0 0.0 
0.0 0.0 -7.2 0.0 0.0 1.0 -1.0 7.2 0.0 1.0 0.0 0.0 
0.0 0.0 -7.2 0.0 0.0 0.0 -0.0 7.2 0.0 1.0 0.0 0.0 
0.0 0.0 -9.1 0.0 0.0 0.0 0.0 10.1 0.0 0.0 0.0 0.0 
0.0 0.0 -7.2 0.0 0.0 0.5 -0.5 7.2 0.0 1.0 0.0 0.0 
0.0 0.0 64.8 0.0 0.0 0.0 0.0 -64.8 0.0 1.0 0.0 0.0 
0.2 -0.0 -1742165650679.5 -0.2 0.0 41.8 -41.9 1742165650692.2 0.1 0.0 -11.7 0.0 
0.0 0.0 1.0 0.0 0.0 446.9 -446.9 -0.0 0.0 0.0 0.0 0.0 

1.0 0.0 0.0 0.0 0.0 0.0 0.0 0.0 0.0 0.0 0.0 0.0 
0.0 0.0 0.0 0.0 0.0 -0.0 1.0 0.0 0.0 0.0 0.0 0.0 
0.0 0.0 0.0 0.0 0.0 -0.0 1.0 0.0 0.0 0.0 0.0 0.0 
0.0 0.0 0.0 0.0 0.0 -0.0 1.0 0.0 0.0 0.0 0.0 0.0 
0.0 0.0 0.0 0.0 0.0 7.3 -6.3 0.0 0.0 0.0 0.0 0.0 
0.0 0.0 1.0 0.0 0.0 1.1 -1.1 -0.0 0.0 0.0 0.0 0.0 
0.0 0.0 1.0 0.0 0.0 0.1 -0.1 -0.0 0.0 0.0 0.0 0.0 
0.0 0.0 0.0 0.0 0.0 6.5 -5.5 0.0 0.0 0.0 0.0 0.0 
0.0 0.0 0.0 0.0 0.0 0.4 0.6 0.0 0.0 0.0 0.0 0.0 
0.0 0.0 0.0 0.0 0.0 -47.5 48.5 0.0 0.0 0.0 0.0 0.0 
0.0 0.0 0.0 0.0 0.0 529828949267.2 -529828949266.2 0.0 0.0 0.0 0.0 0.0 
0.0 0.0 0.0 0.0 0.0 446.9 -445.9 0.0 0.0 0.0 0.0 0.0 

0.0 0.0 1.0 0.0 0.0 0.0 0.0 0.0 0.0 0.0 0.0 0.0 
0.0 0.0 1.0 0.0 0.0 0.1 -0.1 0.0 0.0 0.0 0.0 0.0 
0.0 0.0 0.9 0.0 0.0 0.0 0.0 0.1 0.0 0.0 0.0 0.0 
0.0 0.0 0.9 0.0 0.0 0.0 0.0 0.1 0.0 0.0 0.0 0.0 
0.0 0.0 -10.1 0.0 0.0 0.0 0.0 11.1 0.0 0.0 0.0 0.0 
0.0 0.0 -7.2 0.0 0.0 1.0 -1.0 7.2 0.0 1.0 0.0 0.0 
0.0 0.0 -7.2 0.0 0.0 0.0 -0.0 7.2 0.0 1.0 0.0 0.0 
0.0 0.0 -9.1 0.0 0.0 0.0 0.0 10.1 0.0 0.0 0.0 0.0 
0.0 0.0 -7.2 0.0 0.0 0.5 -0.5 7.2 0.0 1.0 0.0 0.0 
0.0 0.0 64.8 0.0 0.0 0.0 0.0 -64.8 0.0 1.0 0.0 0.0 
0.2 -0.0 -455643324030.5 -0.2 0.0 -5.6 5.5 455643324027.2 0.1 0.0 4.3 -0.0 
0.0 0.0 1.0 0.0 0.0 446.9 -446.9 0.0 0.0 0.0 0.0 0.0 

1.0 0.0 0.0 0.0 0.0 0.0 0.0 0.0 0.0 0.0 0.0 0.0 
0.0 1.0 0.0 0.0 0.0 0.0 0.0 0.0 0.0 0.0 0.0 0.0 
0.0 0.7 0.3 0.0 0.0 0.0 0.0 -0.0 0.0 0.0 0.0 0.0 
1.0 0.0 0.0 0.0 0.0 0.0 0.0 0.0 0.0 0.0 0.0 0.0 
0.0 13.7 -12.7 0.0 0.0 0.0 0.0 0.1 0.0 0.0 0.0 0.0 
0.0 0.0 0.0 0.0 0.0 1.0 0.0 0.0 0.0 0.0 0.0 0.0 
0.0 0.0 0.0 0.0 0.0 0.0 1.0 0.0 0.0 0.0 0.0 0.0 
0.0 123.7 -123.3 0.0 0.0 0.0 0.0 0.7 0.0 0.0 0.0 0.0 
0.0 0.0 0.0 0.0 0.0 0.4 0.6 0.0 0.0 0.0 0.0 0.0 
0.0 -885.8 890.6 0.0 0.0 -446.9 446.9 -4.8 0.0 0.0 0.0 1.0 
0.0 9890140386237.5 -9943745483180.9 0.0 0.0 4.6 -4.6 53605096944.4 0.0 0.0 0.0 0.0 
0.0 0.0 0.0 0.0 0.0 0.0 0.0 0.0 0.0 0.0 0.0 1.0 

0.0 0.0 0.0 1.0 0.0 0.0 0.0 0.0 0.0 0.0 0.0 0.0 
0.0 0.0 0.9 0.0 0.1 0.0 0.0 -0.0 0.0 0.0 0.0 0.0 
0.0 0.0 0.9 0.0 0.1 0.0 0.0 -0.0 0.0 0.0 0.0 0.0 
0.0 0.0 0.0 1.0 0.0 0.0 0.0 0.0 0.0 0.0 0.0 0.0 
0.0 0.0 -0.0 0.0 1.0 0.0 0.0 -0.0 0.0 0.0 0.0 0.0 
0.0 0.0 0.0 0.0 -0.0 0.6 -0.6 0.0 1.0 0.0 0.0 0.0 
0.0 0.0 0.0 0.0 -0.0 -0.4 0.4 0.0 1.0 0.0 0.0 0.0 
0.0 0.0 -8.1 0.0 9.0 0.0 0.0 0.0 0.0 0.0 0.0 0.0 
0.0 0.0 0.0 0.0 -0.0 0.0 0.0 0.0 1.0 0.0 0.0 0.0 
0.0 0.0 57.9 0.0 -64.7 0.0 0.0 6.8 0.0 1.0 0.0 0.0 
-0.2 0.0 -699912828708.8 0.2 722689554610.1 3.1 -3.0 -22776725900.6 -0.1 0.0 0.3 0.0 
0.0 0.0 -7.2 0.0 -0.0 446.9 -446.9 7.2 0.0 1.0 0.0 0.0 

0.0 0.0 0.0 1.0 -0.0 0.0 0.0 0.0 0.0 0.0 0.0 0.0 
0.0 0.0 0.9 0.0 0.1 0.0 0.0 -0.0 0.0 0.0 0.0 0.0 
0.0 0.0 1.0 0.0 0.1 0.0 0.0 -0.0 0.0 0.0 0.0 0.0 
0.0 0.0 0.0 1.0 -0.0 0.0 0.0 0.0 0.0 0.0 0.0 0.0 
0.0 0.0 0.0 0.0 1.0 0.0 0.0 0.0 0.0 0.0 0.0 0.0 
0.0 0.0 0.0 0.0 0.0 0.6 -0.6 0.0 1.0 0.0 0.0 0.0 
0.0 0.0 0.0 0.0 0.0 -0.4 0.4 0.0 1.0 0.0 0.0 0.0 
0.0 0.0 -8.1 0.0 9.0 0.0 0.0 0.0 0.0 0.0 0.0 0.0 
0.0 0.0 0.0 0.0 0.0 0.0 0.0 0.0 1.0 0.0 0.0 0.0 
0.0 0.0 57.9 0.0 -64.7 0.0 0.0 6.8 0.0 1.0 0.0 0.0 
0.2 -0.0 -2951326900344.4 -0.2 722689554610.1 131.3 -131.4 2228637345763.1 0.1 0.0 -27.7 0.0 
0.0 0.0 -7.2 0.0 -0.0 446.9 -446.9 7.2 0.0 1.0 0.0 0.0 

1.0
6.0
4.0
8.0
821.0
121.0
9.0
742.0
58.0
-5311.0
59340842317938.0
50058.0
