0.0 0.0 1.0 0.0 0.0 0.0 0.0 0.0 0.0 0.0 0.0 0.0 0.0 0.0 0.0 0.0 0.0 
0.0 0.0 0.0 -2.1 3.7 -0.6 0.0 0.0 0.0 0.0 0.0 0.0 0.0 0.0 0.0 0.0 0.0 
0.0 0.0 0.0 -3.0 4.0 0.0 0.0 0.0 0.0 0.0 0.0 0.0 0.0 0.0 0.0 0.0 0.0 
0.0 0.0 0.0 1.2 0.6 -1.8 3.0 -2.0 0.0 0.0 0.0 0.0 0.0 0.0 0.0 0.0 0.0 
0.0 0.0 0.0 0.1 0.0 -0.1 4.2 -3.2 0.0 0.0 0.0 0.0 0.0 0.0 0.0 0.0 0.0 
0.0 0.0 0.0 0.2 0.1 -0.2 3.4 -2.4 0.0 0.0 0.0 0.0 0.0 0.0 0.0 0.0 0.0 
0.0 0.0 0.0 -4.0 -2.0 5.9 0.0 0.0 1.7 -0.7 0.0 0.0 0.0 0.0 0.0 0.0 0.0 
0.0 0.0 0.0 -2.8 -1.4 4.3 0.0 0.0 1.3 -0.3 0.0 0.0 0.0 0.0 0.0 0.0 0.0 
0.0 0.0 0.0 1.6 0.8 -2.4 0.0 0.0 0.0 0.0 1.0 0.0 0.0 0.0 0.0 0.0 0.0 
0.0 0.0 0.0 -15.4 -7.7 23.1 0.0 0.0 0.0 0.0 6.5 -5.5 0.0 0.0 0.0 0.0 0.0 
0.0 0.0 0.0 -23.6 -11.8 35.4 0.0 0.0 0.0 0.0 0.0 0.0 -5.6 6.6 0.0 0.0 0.0 
0.0 0.0 0.0 -27.2 -13.6 40.8 0.0 0.0 0.0 0.0 0.0 0.0 -5.9 6.9 0.0 0.0 0.0 
0.0 0.0 0.0 0.7 0.4 -1.1 0.0 0.0 0.0 0.0 0.0 0.0 0.0 0.0 0.6 0.4 0.0 
0.0 0.0 0.0 4.6 2.3 -6.8 0.0 0.0 0.0 0.0 0.0 0.0 0.0 0.0 0.5 0.5 0.0 
-0.0 -0.0 0.0 373.5 186.3 -559.9 3.8 -3.4 -8.0 6.6 -72.8 75.4 38.2 -41.0 -1.5 3.2 0.6 
-0.0 -0.0 0.0 660.6 329.5 -990.3 6.7 -6.0 -14.2 11.8 -128.8 133.4 67.5 -72.5 -2.7 5.6 0.3 
-0.0 -0.0 0.0 1176.5 587.4 -1764.0 7.7 -7.3 -17.4 16.7 -276.6 276.0 109.3 -105.4 -14.5 8.6 3.9 

0.0 0.3 0.7 0.0 0.0 0.0 0.0 0.0 0.0 0.0 0.0 0.0 0.0 0.0 0.0 0.0 0.0 
0.0 0.0 0.0 -1.9 3.3 -0.4 0.0 0.0 0.0 0.0 0.0 0.0 0.0 0.0 0.0 0.0 0.0 
0.0 0.0 0.0 -2.8 3.6 0.2 0.0 0.0 0.0 0.0 0.0 0.0 0.0 0.0 0.0 0.0 0.0 
0.0 0.0 0.0 1.4 0.7 -2.0 2.4 -1.4 0.0 0.0 0.0 0.0 0.0 0.0 0.0 0.0 0.0 
0.0 0.0 0.0 0.2 0.1 -0.4 3.6 -2.6 0.0 0.0 0.0 0.0 0.0 0.0 0.0 0.0 0.0 
0.0 0.0 0.0 0.3 0.2 -0.5 2.8 -1.8 0.0 0.0 0.0 0.0 0.0 0.0 0.0 0.0 0.0 
0.0 0.0 0.0 -3.0 -1.5 4.5 0.0 0.0 1.4 -0.4 0.0 0.0 0.0 0.0 0.0 0.0 0.0 
0.0 0.0 0.0 -1.9 -0.9 2.8 0.0 0.0 0.9 0.1 0.0 0.0 0.0 0.0 0.0 0.0 0.0 
0.0 0.0 0.0 -5.0 -2.5 7.5 0.0 0.0 0.0 0.0 3.5 -2.5 0.0 0.0 0.0 0.0 0.0 
0.0 0.0 0.0 -22.0 -11.0 33.0 0.0 0.0 0.0 0.0 9.0 -8.0 0.0 0.0 0.0 0.0 0.0 
0.0 0.0 0.0 -20.8 -10.4 31.2 0.0 0.0 0.0 0.0 0.0 0.0 -4.9 5.9 0.0 0.0 0.0 
0.0 0.0 0.0 -24.4 -12.2 36.6 0.0 0.0 0.0 0.0 0.0 0.0 -5.1 6.1 0.0 0.0 0.0 
0.0 0.0 0.0 0.6 0.3 -0.8 0.0 0.0 0.0 0.0 0.0 0.0 0.0 0.0 0.7 0.3 0.0 
0.0 0.0 0.0 4.4 2.2 -6.6 0.0 0.0 0.0 0.0 0.0 0.0 0.0 0.0 0.6 0.4 0.0 
-0.0 -0.0 0.0 344.6 171.9 -516.5 3.5 -3.1 -7.4 6.1 -67.2 69.6 35.2 -37.8 -1.4 2.9 0.6 
-0.0 -0.0 0.0 631.7 315.1 -946.9 6.5 -5.8 -13.6 11.3 -123.2 127.6 64.6 -69.4 -2.6 5.4 0.3 
-0.0 -0.0 0.0 1103.5 551.0 -1654.5 6.7 -6.4 -15.3 15.0 -263.0 261.5 102.3 -97.5 -14.6 8.3 4.0 

0.0 0.7 0.3 0.0 0.0 0.0 0.0 0.0 0.0 0.0 0.0 0.0 0.0 0.0 0.0 0.0 0.0 
0.0 0.0 0.0 -1.7 2.9 -0.2 0.0 0.0 0.0 0.0 0.0 0.0 0.0 0.0 0.0 0.0 0.0 
0.0 0.0 0.0 -2.6 3.2 0.4 0.0 0.0 0.0 0.0 0.0 0.0 0.0 0.0 0.0 0.0 0.0 
0.0 0.0 0.0 1.5 0.8 -2.3 1.8 -0.8 0.0 0.0 0.0 0.0 0.0 0.0 0.0 0.0 0.0 
0.0 0.0 0.0 0.4 0.2 -0.6 3.0 -2.0 0.0 0.0 0.0 0.0 0.0 0.0 0.0 0.0 0.0 
0.0 0.0 0.0 0.5 0.2 -0.7 2.2 -1.2 0.0 0.0 0.0 0.0 0.0 0.0 0.0 0.0 0.0 
0.0 0.0 0.0 -2.0 -1.0 3.0 0.0 0.0 1.0 0.0 0.0 0.0 0.0 0.0 0.0 0.0 0.0 
0.0 0.0 0.0 -0.9 -0.4 1.3 0.0 0.0 0.5 0.5 0.0 0.0 0.0 0.0 0.0 0.0 0.0 
0.0 0.0 0.0 -11.6 -5.8 17.4 0.0 0.0 0.0 0.0 6.0 -5.0 0.0 0.0 0.0 0.0 0.0 
0.0 0.0 0.0 -28.6 -14.3 42.9 0.0 0.0 0.0 0.0 11.5 -10.5 0.0 0.0 0.0 0.0 0.0 
0.0 0.0 0.0 -18.0 -9.0 27.0 0.0 0.0 0.0 0.0 0.0 0.0 -4.1 5.1 0.0 0.0 0.0 
0.0 0.0 0.0 -21.6 -10.8 32.4 0.0 0.0 0.0 0.0 0.0 0.0 -4.4 5.4 0.0 0.0 0.0 
0.0 0.0 0.0 0.4 0.2 -0.6 0.0 0.0 0.0 0.0 0.0 0.0 0.0 0.0 0.8 0.3 0.0 
0.0 0.0 0.0 4.2 2.1 -6.4 0.0 0.0 0.0 0.0 0.0 0.0 0.0 0.0 0.7 0.3 0.0 
-0.0 -0.0 0.0 315.6 157.5 -473.1 3.2 -2.9 -6.8 5.6 -61.6 63.8 32.3 -34.7 -1.3 2.7 0.7 
-0.0 -0.0 0.0 602.7 300.7 -903.5 6.2 -5.5 -12.9 10.7 -117.6 121.8 61.6 -66.2 -2.5 5.1 0.4 
-0.0 -0.0 0.0 1030.4 514.5 -1545.0 5.6 -5.4 -13.2 13.4 -249.4 247.1 95.3 -89.6 -14.8 7.9 4.1 

0.0 1.0 0.0 0.0 0.0 0.0 0.0 0.0 0.0 0.0 0.0 0.0 0.0 0.0 0.0 0.0 0.0 
0.0 0.0 0.0 -1.5 2.5 0.0 0.0 0.0 0.0 0.0 0.0 0.0 0.0 0.0 0.0 0.0 0.0 
0.0 0.0 0.0 -2.4 2.8 0.6 0.0 0.0 0.0 0.0 0.0 0.0 0.0 0.0 0.0 0.0 0.0 
0.0 0.0 0.0 1.7 0.8 -2.5 1.2 -0.2 0.0 0.0 0.0 0.0 0.0 0.0 0.0 0.0 0.0 
0.0 0.0 0.0 0.6 0.3 -0.8 2.4 -1.4 0.0 0.0 0.0 0.0 0.0 0.0 0.0 0.0 0.0 
0.0 0.0 0.0 0.6 0.3 -1.0 1.6 -0.6 0.0 0.0 0.0 0.0 0.0 0.0 0.0 0.0 0.0 
0.0 0.0 0.0 -1.0 -0.5 1.5 0.0 0.0 0.6 0.4 0.0 0.0 0.0 0.0 0.0 0.0 0.0 
0.0 0.0 0.0 0.1 0.1 -0.2 0.0 0.0 0.2 0.8 0.0 0.0 0.0 0.0 0.0 0.0 0.0 
0.0 0.0 0.0 -18.2 -9.1 27.3 0.0 0.0 0.0 0.0 8.5 -7.5 0.0 0.0 0.0 0.0 0.0 
0.0 0.0 0.0 -35.2 -17.6 52.8 0.0 0.0 0.0 0.0 14.0 -13.0 0.0 0.0 0.0 0.0 0.0 
0.0 0.0 0.0 -15.2 -7.6 22.8 0.0 0.0 0.0 0.0 0.0 0.0 -3.4 4.4 0.0 0.0 0.0 
0.0 0.0 0.0 -18.8 -9.4 28.2 0.0 0.0 0.0 0.0 0.0 0.0 -3.6 4.6 0.0 0.0 0.0 
0.0 0.0 0.0 0.2 0.1 -0.4 0.0 0.0 0.0 0.0 0.0 0.0 0.0 0.0 0.8 0.2 0.0 
0.0 0.0 0.0 4.1 2.0 -6.1 0.0 0.0 0.0 0.0 0.0 0.0 0.0 0.0 0.7 0.3 0.0 
-0.0 -0.0 0.0 286.7 143.0 -429.8 2.9 -2.6 -6.2 5.1 -56.0 58.0 29.4 -31.5 -1.2 2.4 0.7 
-0.0 -0.0 0.0 573.8 286.2 -860.1 5.9 -5.2 -12.3 10.2 -112.0 116.0 58.7 -63.1 -2.4 4.9 0.4 
-0.0 -0.0 0.0 957.3 478.1 -1435.5 4.5 -4.5 -11.1 11.7 -235.8 232.6 88.3 -81.6 -15.0 7.5 4.3 

0.0 1.3 -0.3 0.0 0.0 0.0 0.0 0.0 0.0 0.0 0.0 0.0 0.0 0.0 0.0 0.0 0.0 
0.0 0.0 0.0 -1.3 2.1 0.2 0.0 0.0 0.0 0.0 0.0 0.0 0.0 0.0 0.0 0.0 0.0 
0.0 0.0 0.0 -2.2 2.4 0.8 0.0 0.0 0.0 0.0 0.0 0.0 0.0 0.0 0.0 0.0 0.0 
0.0 0.0 0.0 1.8 0.9 -2.8 0.6 0.4 0.0 0.0 0.0 0.0 0.0 0.0 0.0 0.0 0.0 
0.0 0.0 0.0 0.7 0.4 -1.1 1.8 -0.8 0.0 0.0 0.0 0.0 0.0 0.0 0.0 0.0 0.0 
0.0 0.0 0.0 0.8 0.4 -1.2 1.0 0.0 0.0 0.0 0.0 0.0 0.0 0.0 0.0 0.0 0.0 
0.0 0.0 0.0 -0.0 -0.0 0.1 0.0 0.0 0.3 0.7 0.0 0.0 0.0 0.0 0.0 0.0 0.0 
0.0 0.0 0.0 1.1 0.5 -1.6 0.0 0.0 -0.2 1.2 0.0 0.0 0.0 0.0 0.0 0.0 0.0 
0.0 0.0 0.0 -24.8 -12.4 37.2 0.0 0.0 0.0 0.0 11.0 -10.0 0.0 0.0 0.0 0.0 0.0 
0.0 0.0 0.0 -41.8 -20.9 62.7 0.0 0.0 0.0 0.0 16.5 -15.5 0.0 0.0 0.0 0.0 0.0 
0.0 0.0 0.0 -12.4 -6.2 18.6 0.0 0.0 0.0 0.0 0.0 0.0 -2.6 3.6 0.0 0.0 0.0 
0.0 0.0 0.0 -16.0 -8.0 24.0 0.0 0.0 0.0 0.0 0.0 0.0 -2.9 3.9 0.0 0.0 0.0 
0.0 0.0 0.0 0.1 0.0 -0.1 0.0 0.0 0.0 0.0 0.0 0.0 0.0 0.0 0.9 0.1 0.0 
0.0 0.0 0.0 3.9 2.0 -5.9 0.0 0.0 0.0 0.0 0.0 0.0 0.0 0.0 0.8 0.2 0.0 
-0.0 -0.0 0.0 257.7 128.6 -386.4 2.6 -2.4 -5.5 4.6 -50.4 52.2 26.4 -28.4 -1.1 2.2 0.7 
-0.0 -0.0 0.0 544.8 271.8 -816.7 5.6 -5.0 -11.7 9.7 -106.4 110.2 55.8 -59.9 -2.2 4.6 0.4 
-0.0 -0.0 0.0 884.2 441.7 -1326.0 3.4 -3.5 -8.9 10.0 -222.2 218.2 81.3 -73.7 -15.1 7.1 4.4 

0.0 1.7 -0.7 0.0 0.0 0.0 0.0 0.0 0.0 0.0 0.0 0.0 0.0 0.0 0.0 0.0 0.0 
0.0 0.0 0.0 -1.1 1.7 0.4 0.0 0.0 0.0 0.0 0.0 0.0 0.0 0.0 0.0 0.0 0.0 
0.0 0.0 0.0 -2.0 2.0 1.0 0.0 0.0 0.0 0.0 0.0 0.0 0.0 0.0 0.0 0.0 0.0 
0.0 0.0 0.0 2.0 1.0 -3.0 0.0 1.0 0.0 0.0 0.0 0.0 0.0 0.0 0.0 0.0 0.0 
0.0 0.0 0.0 0.9 0.4 -1.3 1.2 -0.2 0.0 0.0 0.0 0.0 0.0 0.0 0.0 0.0 0.0 
0.0 0.0 0.0 1.0 0.5 -1.4 0.4 0.6 0.0 0.0 0.0 0.0 0.0 0.0 0.0 0.0 0.0 
0.0 0.0 0.0 0.9 0.5 -1.4 0.0 0.0 -0.1 1.1 0.0 0.0 0.0 0.0 0.0 0.0 0.0 
0.0 0.0 0.0 2.1 1.0 -3.1 0.0 0.0 -0.5 1.5 0.0 0.0 0.0 0.0 0.0 0.0 0.0 
0.0 0.0 0.0 -31.4 -15.7 47.1 0.0 0.0 0.0 0.0 13.5 -12.5 0.0 0.0 0.0 0.0 0.0 
0.0 0.0 0.0 -48.4 -24.2 72.6 0.0 0.0 0.0 0.0 19.0 -18.0 0.0 0.0 0.0 0.0 0.0 
0.0 0.0 0.0 -9.6 -4.8 14.4 0.0 0.0 0.0 0.0 0.0 0.0 -1.9 2.9 0.0 0.0 0.0 
0.0 0.0 0.0 -13.2 -6.6 19.8 0.0 0.0 0.0 0.0 0.0 0.0 -2.1 3.1 0.0 0.0 0.0 
0.0 0.0 0.0 -0.1 -0.0 0.1 0.0 0.0 0.0 0.0 0.0 0.0 0.0 0.0 1.0 -0.0 0.0 
0.0 0.0 0.0 3.8 1.9 -5.6 0.0 0.0 0.0 0.0 0.0 0.0 0.0 0.0 0.9 0.1 0.0 
-0.0 -0.0 0.0 228.8 114.1 -343.0 2.3 -2.1 -4.9 4.1 -44.8 46.4 23.5 -25.2 -0.9 2.0 0.8 
-0.0 -0.0 0.0 515.9 257.3 -773.3 5.3 -4.7 -11.1 9.2 -100.8 104.4 52.8 -56.8 -2.1 4.4 0.5 
-0.0 -0.0 0.0 811.2 405.3 -1216.5 2.4 -2.6 -6.8 8.4 -208.6 203.7 74.3 -65.8 -15.3 6.8 4.5 

0.0 2.0 -1.0 0.0 0.0 0.0 0.0 0.0 0.0 0.0 0.0 0.0 0.0 0.0 0.0 0.0 0.0 
0.0 0.0 0.0 -0.9 1.3 0.6 0.0 0.0 0.0 0.0 0.0 0.0 0.0 0.0 0.0 0.0 0.0 
0.0 0.0 0.0 -1.8 1.6 1.2 0.0 0.0 0.0 0.0 0.0 0.0 0.0 0.0 0.0 0.0 0.0 
0.0 0.0 0.0 2.2 1.1 -3.2 -0.6 1.6 0.0 0.0 0.0 0.0 0.0 0.0 0.0 0.0 0.0 
0.0 0.0 0.0 1.0 0.5 -1.6 0.6 0.4 0.0 0.0 0.0 0.0 0.0 0.0 0.0 0.0 0.0 
0.0 0.0 0.0 1.1 0.6 -1.7 -0.2 1.2 0.0 0.0 0.0 0.0 0.0 0.0 0.0 0.0 0.0 
0.0 0.0 0.0 1.9 1.0 -2.9 0.0 0.0 -0.5 1.5 0.0 0.0 0.0 0.0 0.0 0.0 0.0 
0.0 0.0 0.0 3.1 1.5 -4.6 0.0 0.0 -0.9 1.9 0.0 0.0 0.0 0.0 0.0 0.0 0.0 
0.0 0.0 0.0 -38.0 -19.0 57.0 0.0 0.0 0.0 0.0 16.0 -15.0 0.0 0.0 0.0 0.0 0.0 
0.0 0.0 0.0 -55.0 -27.5 82.5 0.0 0.0 0.0 0.0 21.5 -20.5 0.0 0.0 0.0 0.0 0.0 
0.0 0.0 0.0 -6.8 -3.4 10.2 0.0 0.0 0.0 0.0 0.0 0.0 -1.1 2.1 0.0 0.0 0.0 
0.0 0.0 0.0 -10.4 -5.2 15.6 0.0 0.0 0.0 0.0 0.0 0.0 -1.4 2.4 0.0 0.0 0.0 
0.0 0.0 0.0 -0.2 -0.1 0.4 0.0 0.0 0.0 0.0 0.0 0.0 0.0 0.0 1.1 -0.1 0.0 
0.0 0.0 0.0 3.6 1.8 -5.4 0.0 0.0 0.0 0.0 0.0 0.0 0.0 0.0 1.0 0.0 0.0 
-0.0 -0.0 0.0 199.8 99.7 -299.6 2.1 -1.8 -4.3 3.6 -39.2 40.6 20.5 -22.1 -0.8 1.7 0.8 
-0.0 -0.0 0.0 486.9 242.9 -729.9 5.0 -4.5 -10.5 8.7 -95.2 98.6 49.9 -53.6 -2.0 4.2 0.5 
-0.0 -0.0 0.0 738.1 368.9 -1107.0 1.3 -1.6 -4.7 6.7 -195.0 189.3 67.3 -57.9 -15.5 6.4 4.7 

0.0 2.3 -1.3 0.0 0.0 0.0 0.0 0.0 0.0 0.0 0.0 0.0 0.0 0.0 0.0 0.0 0.0 
0.0 0.0 0.0 -0.7 0.9 0.8 0.0 0.0 0.0 0.0 0.0 0.0 0.0 0.0 0.0 0.0 0.0 
0.0 0.0 0.0 -1.6 1.2 1.4 0.0 0.0 0.0 0.0 0.0 0.0 0.0 0.0 0.0 0.0 0.0 
0.0 0.0 0.0 2.3 1.2 -3.5 -1.2 2.2 0.0 0.0 0.0 0.0 0.0 0.0 0.0 0.0 0.0 
0.0 0.0 0.0 1.2 0.6 -1.8 0.0 1.0 0.0 0.0 0.0 0.0 0.0 0.0 0.0 0.0 0.0 
0.0 0.0 0.0 1.3 0.6 -1.9 -0.8 1.8 0.0 0.0 0.0 0.0 0.0 0.0 0.0 0.0 0.0 
0.0 0.0 0.0 2.9 1.5 -4.4 0.0 0.0 -0.8 1.8 0.0 0.0 0.0 0.0 0.0 0.0 0.0 
0.0 0.0 0.0 4.0 2.0 -6.1 0.0 0.0 -1.3 2.3 0.0 0.0 0.0 0.0 0.0 0.0 0.0 
0.0 0.0 0.0 -44.6 -22.3 66.9 0.0 0.0 0.0 0.0 18.5 -17.5 0.0 0.0 0.0 0.0 0.0 
0.0 0.0 0.0 -61.6 -30.8 92.4 0.0 0.0 0.0 0.0 24.0 -23.0 0.0 0.0 0.0 0.0 0.0 
0.0 0.0 0.0 -4.0 -2.0 6.0 0.0 0.0 0.0 0.0 0.0 0.0 -0.4 1.4 0.0 0.0 0.0 
0.0 0.0 0.0 -7.6 -3.8 11.4 0.0 0.0 0.0 0.0 0.0 0.0 -0.6 1.6 0.0 0.0 0.0 
0.0 0.0 0.0 -0.4 -0.2 0.6 0.0 0.0 0.0 0.0 0.0 0.0 0.0 0.0 1.2 -0.2 0.0 
0.0 0.0 0.0 3.4 1.7 -5.2 0.0 0.0 0.0 0.0 0.0 0.0 0.0 0.0 1.1 -0.1 0.0 
-0.0 -0.0 0.0 170.9 85.2 -256.2 1.8 -1.6 -3.7 3.1 -33.6 34.8 17.6 -18.9 -0.7 1.5 0.8 
-0.0 -0.0 0.0 458.0 228.5 -686.5 4.7 -4.2 -9.9 8.2 -89.6 92.8 47.0 -50.5 -1.9 3.9 0.5 
-0.0 -0.0 0.0 665.0 332.5 -997.5 0.2 -0.7 -2.6 5.0 -181.4 174.9 60.3 -50.0 -15.6 6.0 4.8 

0.0 2.7 -1.7 0.0 0.0 0.0 0.0 0.0 0.0 0.0 0.0 0.0 0.0 0.0 0.0 0.0 0.0 
0.0 0.0 0.0 -0.5 0.5 1.0 0.0 0.0 0.0 0.0 0.0 0.0 0.0 0.0 0.0 0.0 0.0 
0.0 0.0 0.0 -1.4 0.8 1.6 0.0 0.0 0.0 0.0 0.0 0.0 0.0 0.0 0.0 0.0 0.0 
0.0 0.0 0.0 2.5 1.2 -3.7 -1.8 2.8 0.0 0.0 0.0 0.0 0.0 0.0 0.0 0.0 0.0 
0.0 0.0 0.0 1.4 0.7 -2.0 -0.6 1.6 0.0 0.0 0.0 0.0 0.0 0.0 0.0 0.0 0.0 
0.0 0.0 0.0 1.4 0.7 -2.2 -1.4 2.4 0.0 0.0 0.0 0.0 0.0 0.0 0.0 0.0 0.0 
0.0 0.0 0.0 3.9 1.9 -5.8 0.0 0.0 -1.2 2.2 0.0 0.0 0.0 0.0 0.0 0.0 0.0 
0.0 0.0 0.0 5.0 2.5 -7.5 0.0 0.0 -1.6 2.6 0.0 0.0 0.0 0.0 0.0 0.0 0.0 
0.0 0.0 0.0 -51.2 -25.6 76.8 0.0 0.0 0.0 0.0 21.0 -20.0 0.0 0.0 0.0 0.0 0.0 
0.0 0.0 0.0 -68.2 -34.1 102.3 0.0 0.0 0.0 0.0 26.5 -25.5 0.0 0.0 0.0 0.0 0.0 
0.0 0.0 0.0 -1.2 -0.6 1.8 0.0 0.0 0.0 0.0 0.0 0.0 0.4 0.6 0.0 0.0 0.0 
0.0 0.0 0.0 -4.8 -2.4 7.2 0.0 0.0 0.0 0.0 0.0 0.0 0.1 0.9 0.0 0.0 0.0 
0.0 0.0 0.0 -0.6 -0.3 0.8 0.0 0.0 0.0 0.0 0.0 0.0 0.0 0.0 1.3 -0.3 0.0 
0.0 0.0 0.0 3.3 1.6 -4.9 0.0 0.0 0.0 0.0 0.0 0.0 0.0 0.0 1.2 -0.2 0.0 
-0.0 -0.0 0.0 141.9 70.8 -212.8 1.5 -1.3 -3.1 2.6 -28.0 29.0 14.7 -15.8 -0.6 1.2 0.8 
-0.0 -0.0 0.0 429.0 214.0 -643.1 4.4 -3.9 -9.2 7.7 -84.0 87.0 44.0 -47.3 -1.8 3.7 0.5 
-0.0 -0.0 0.0 592.0 296.1 -888.0 -0.8 0.2 -0.5 3.4 -167.7 160.4 53.3 -42.0 -15.8 5.6 4.9 

0.0 3.0 -2.0 0.0 0.0 0.0 0.0 0.0 0.0 0.0 0.0 0.0 0.0 0.0 0.0 0.0 0.0 
0.0 0.0 0.0 -0.3 0.1 1.2 0.0 0.0 0.0 0.0 0.0 0.0 0.0 0.0 0.0 0.0 0.0 
0.0 0.0 0.0 -1.2 0.4 1.8 0.0 0.0 0.0 0.0 0.0 0.0 0.0 0.0 0.0 0.0 0.0 
0.0 0.0 0.0 2.6 1.3 -4.0 -2.4 3.4 0.0 0.0 0.0 0.0 0.0 0.0 0.0 0.0 0.0 
0.0 0.0 0.0 1.5 0.8 -2.3 -1.2 2.2 0.0 0.0 0.0 0.0 0.0 0.0 0.0 0.0 0.0 
0.0 0.0 0.0 1.6 0.8 -2.4 -2.0 3.0 0.0 0.0 0.0 0.0 0.0 0.0 0.0 0.0 0.0 
0.0 0.0 0.0 4.9 2.4 -7.3 0.0 0.0 -1.5 2.5 0.0 0.0 0.0 0.0 0.0 0.0 0.0 
0.0 0.0 0.0 6.0 3.0 -9.0 0.0 0.0 -2.0 3.0 0.0 0.0 0.0 0.0 0.0 0.0 0.0 
0.0 0.0 0.0 -57.8 -28.9 86.7 0.0 0.0 0.0 0.0 23.5 -22.5 0.0 0.0 0.0 0.0 0.0 
0.0 0.0 0.0 -74.8 -37.4 112.2 0.0 0.0 0.0 0.0 29.0 -28.0 0.0 0.0 0.0 0.0 0.0 
0.0 0.0 0.0 1.6 0.8 -2.4 0.0 0.0 0.0 0.0 0.0 0.0 1.1 -0.1 0.0 0.0 0.0 
0.0 0.0 0.0 -2.0 -1.0 3.0 0.0 0.0 0.0 0.0 0.0 0.0 0.9 0.1 0.0 0.0 0.0 
0.0 0.0 0.0 -0.7 -0.4 1.1 0.0 0.0 0.0 0.0 0.0 0.0 0.0 0.0 1.4 -0.4 0.0 
0.0 0.0 0.0 3.1 1.6 -4.7 0.0 0.0 0.0 0.0 0.0 0.0 0.0 0.0 1.3 -0.3 0.0 
-0.0 -0.0 0.0 113.0 56.4 -169.4 1.2 -1.0 -2.5 2.0 -22.4 23.2 11.7 -12.6 -0.5 1.0 0.9 
-0.0 -0.0 0.0 400.1 199.6 -599.7 4.1 -3.7 -8.6 7.2 -78.4 81.2 41.1 -44.2 -1.6 3.4 0.6 
0.0 -0.0 -0.0 518.9 259.7 -778.5 -1.9 1.2 1.6 1.7 -154.1 146.0 46.3 -34.1 -15.9 5.3 5.1 

1.0
0.0
0.0
4.0
3.0
2.0
3.7
3.0
11.5
4.8
9.6
3.0
8.2
17.5
10.6
6.0
19.9
