0.0 0.5 0.0 0.5 0.0 0.0 0.0 0.0 0.0 
0.0 -4.5 0.0 5.5 0.0 0.0 0.0 0.0 0.0 
0.0 -19.5 0.0 20.5 0.0 0.0 0.0 0.0 0.0 
0.0 -14.5 0.0 15.5 0.0 0.0 0.0 0.0 0.0 
0.0 -144.5 0.0 145.5 0.0 0.0 0.0 0.0 0.0 
0.0 0.4 0.0 -0.9 0.5 0.0 0.0 0.0 1.0 
0.0 -7.2 0.0 3.1 0.0 0.0 0.0 5.1 0.0 
0.0 -1.0 0.0 1.0 0.0 0.0 0.0 1.0 0.0 
0.0 70.4 0.0 -70.9 0.5 0.0 0.0 0.0 1.0 

0.0 -0.3 0.0 1.3 0.0 0.0 0.0 0.0 0.0 
0.0 -5.3 0.0 6.3 0.0 0.0 0.0 0.0 0.0 
0.0 -20.3 0.0 21.3 0.0 0.0 0.0 0.0 0.0 
0.0 -15.3 0.0 16.3 0.0 0.0 0.0 0.0 0.0 
0.0 -145.3 0.0 146.3 0.0 0.0 0.0 0.0 0.0 
0.0 1.1 0.0 -1.6 0.5 0.0 0.0 0.0 1.0 
0.0 -7.9 0.0 3.8 0.0 0.0 0.0 5.1 0.0 
0.0 -1.8 0.0 1.8 0.0 0.0 0.0 1.0 0.0 
0.0 71.1 0.0 -71.6 0.5 0.0 0.0 0.0 1.0 

0.0 1.5 0.0 -0.5 0.0 0.0 0.0 0.0 0.0 
0.0 -3.5 0.0 4.5 0.0 0.0 0.0 0.0 0.0 
0.0 -18.5 0.0 19.5 0.0 0.0 0.0 0.0 0.0 
0.0 -13.5 0.0 14.5 0.0 0.0 0.0 0.0 0.0 
0.0 -143.5 0.0 144.5 0.0 0.0 0.0 0.0 0.0 
0.0 -0.6 0.0 0.1 0.5 0.0 0.0 0.0 1.0 
0.0 -6.2 0.0 2.1 0.0 0.0 0.0 5.1 0.0 
0.0 0.0 0.0 0.0 0.0 0.0 0.0 1.0 0.0 
0.0 69.4 0.0 -69.9 0.5 0.0 0.0 0.0 1.0 

0.0 1.0 0.0 0.0 0.0 0.0 0.0 0.0 0.0 
0.0 -4.0 0.0 5.0 0.0 0.0 0.0 0.0 0.0 
0.0 -19.0 0.0 20.0 0.0 0.0 0.0 0.0 0.0 
0.0 -14.0 0.0 15.0 0.0 0.0 0.0 0.0 0.0 
0.0 -144.0 0.0 145.0 0.0 0.0 0.0 0.0 0.0 
0.0 -0.1 0.0 -0.4 0.5 0.0 0.0 0.0 1.0 
0.0 -6.7 0.0 2.6 0.0 0.0 0.0 5.1 0.0 
0.0 -0.5 0.0 0.5 0.0 0.0 0.0 1.0 0.0 
0.0 69.9 0.0 -70.4 0.5 0.0 0.0 0.0 1.0 

0.0 0.0 0.0 1.0 0.0 0.0 0.0 0.0 0.0 
0.0 -5.0 0.0 6.0 0.0 0.0 0.0 0.0 0.0 
0.0 -20.0 0.0 21.0 0.0 0.0 0.0 0.0 0.0 
0.0 -15.0 0.0 16.0 0.0 0.0 0.0 0.0 0.0 
0.0 -145.0 0.0 146.0 0.0 0.0 0.0 0.0 0.0 
0.0 0.9 0.0 -1.4 0.5 0.0 0.0 0.0 1.0 
0.0 -7.7 0.0 3.6 0.0 0.0 0.0 5.1 0.0 
0.0 -1.5 0.0 1.5 0.0 0.0 0.0 1.0 0.0 
0.0 70.9 0.0 -71.4 0.5 0.0 0.0 0.0 1.0 

0.0 -0.8 0.0 1.8 0.0 0.0 0.0 0.0 0.0 
0.0 -5.8 0.0 6.8 0.0 0.0 0.0 0.0 0.0 
0.0 -20.8 0.0 21.8 0.0 0.0 0.0 0.0 0.0 
0.0 -15.8 0.0 16.8 0.0 0.0 0.0 0.0 0.0 
0.0 -145.8 0.0 146.8 0.0 0.0 0.0 0.0 0.0 
0.0 1.6 0.0 -2.1 0.5 0.0 0.0 0.0 1.0 
0.0 -8.4 0.0 4.3 0.0 0.0 0.0 5.1 0.0 
0.0 -2.3 0.0 2.3 0.0 0.0 0.0 1.0 0.0 
0.0 71.6 0.0 -72.1 0.5 0.0 0.0 0.0 1.0 

0.0 0.8 0.0 0.3 0.0 0.0 0.0 0.0 0.0 
0.0 -4.3 0.0 5.3 0.0 0.0 0.0 0.0 0.0 
0.0 -19.3 0.0 20.3 0.0 0.0 0.0 0.0 0.0 
0.0 -14.3 0.0 15.3 0.0 0.0 0.0 0.0 0.0 
0.0 -144.3 0.0 145.3 0.0 0.0 0.0 0.0 0.0 
0.0 0.1 0.0 -0.6 0.5 0.0 0.0 0.0 1.0 
0.0 -6.9 0.0 2.8 0.0 0.0 0.0 5.1 0.0 
0.0 -0.8 0.0 0.8 0.0 0.0 0.0 1.0 0.0 
0.0 70.1 0.0 -70.6 0.5 0.0 0.0 0.0 1.0 

1.0 0.0 0.0 0.0 0.0 0.0 0.0 0.0 0.0 
0.0 0.0 0.0 -0.0 0.0 1.0 0.0 -0.0 0.0 
0.0 0.0 0.0 -0.0 0.0 1.0 0.0 -0.0 0.0 
0.0 0.0 0.0 -0.0 0.0 1.0 0.0 -0.0 0.0 
0.0 0.0 0.0 -0.0 0.0 1.0 0.0 -0.0 0.0 
0.0 1.5 0.0 -0.5 0.0 0.0 0.0 0.0 0.0 
0.0 -7.7 0.0 2.6 0.0 1.0 0.0 5.1 0.0 
0.0 -1.5 0.0 0.5 0.0 1.0 0.0 1.0 0.0 
0.0 0.0 0.0 -0.0 0.0 1.0 0.0 -0.0 0.0 

0.0 0.3 0.0 0.8 0.0 0.0 0.0 0.0 0.0 
0.0 -4.8 0.0 5.8 0.0 0.0 0.0 0.0 0.0 
0.0 -19.8 0.0 20.8 0.0 0.0 0.0 0.0 0.0 
0.0 -14.8 0.0 15.8 0.0 0.0 0.0 0.0 0.0 
0.0 -144.8 0.0 145.8 0.0 0.0 0.0 0.0 0.0 
0.0 0.6 0.0 -1.1 0.5 0.0 0.0 0.0 1.0 
0.0 -7.4 0.0 3.3 0.0 0.0 0.0 5.1 0.0 
0.0 -1.3 0.0 1.3 0.0 0.0 0.0 1.0 0.0 
0.0 70.6 0.0 -71.1 0.5 0.0 0.0 0.0 1.0 

1.0 0.0 0.0 0.0 0.0 0.0 0.0 0.0 0.0 
0.0 1.5 0.0 -0.5 0.0 0.0 0.0 0.0 0.0 
1.0 0.0 0.0 0.0 0.0 0.0 0.0 0.0 0.0 
0.0 1.5 0.0 -0.5 0.0 0.0 0.0 0.0 0.0 
0.0 1.5 0.0 -0.5 0.0 0.0 0.0 0.0 0.0 
0.0 0.0 0.0 0.0 0.0 1.0 0.0 0.0 0.0 
0.0 0.0 0.0 0.0 0.0 0.0 1.0 0.0 0.0 
0.0 0.0 0.0 0.0 0.0 0.0 0.0 1.0 0.0 
0.0 -16.8 15.0 4.7 -2.0 0.0 0.0 -0.0 0.0 

0.0 0.0 1.0 0.0 0.0 0.0 0.0 0.0 0.0 
0.0 0.9 0.0 -0.4 0.5 0.0 0.0 0.0 0.0 
0.0 0.0 1.0 0.0 0.0 0.0 0.0 0.0 0.0 
0.0 -0.3 0.0 0.1 1.2 0.0 0.0 0.0 0.0 
0.0 0.0 0.0 0.0 1.0 0.0 0.0 0.0 0.0 
0.0 -0.6 0.0 0.2 0.3 0.0 0.0 0.0 1.0 
0.0 -623851.0 0.0 261614.9 362237.1 0.0 0.0 0.0 0.0 
0.0 -0.0 0.0 -0.1 0.2 0.0 0.0 1.0 0.0 
0.0 0.0 0.0 0.0 0.0 0.0 0.0 0.0 1.0 

0.0 0.0 1.0 0.1 -0.1 0.0 0.0 0.0 0.0 
0.0 0.9 0.0 -0.3 0.4 0.0 0.0 0.0 0.0 
0.0 0.0 1.0 0.1 -0.1 0.0 0.0 0.0 0.0 
0.0 -0.3 0.0 0.2 1.0 0.0 0.0 0.0 0.0 
0.0 0.0 0.0 0.1 0.9 0.0 0.0 0.0 0.0 
0.0 -0.6 0.0 0.1 0.5 0.0 0.0 0.0 1.0 
0.0 -623851.0 0.0 261615.0 362236.9 0.0 0.0 0.0 0.0 
0.0 -0.0 0.0 -0.0 0.0 0.0 0.0 1.0 0.0 
0.0 -0.0 0.0 -0.1 0.1 0.0 0.0 0.0 1.0 

1.0
2.0
8.0
6.0
58.0
99.0
2133173.0
416154.0
-24.0
