0.0 0.3 0.7 0.0 0.0 0.0 0.0 
0.0 0.3 0.7 0.0 0.0 0.0 0.0 
0.0 -9.7 10.7 0.0 0.0 0.0 0.0 
0.0 -1.3 2.3 0.0 0.0 0.0 0.0 
0.0 -1118.0 1119.0 0.0 0.0 0.0 0.0 
-1.1 1.8 -0.7 0.0 0.0 1.1 -0.1 
-1.1 1.8 -0.7 0.0 0.0 0.1 0.9 

0.0 -0.2 1.2 0.0 0.0 0.0 0.0 
0.0 -0.2 1.2 0.0 0.0 0.0 0.0 
0.0 -10.2 11.2 0.0 0.0 0.0 0.0 
0.0 -1.8 2.8 0.0 0.0 0.0 0.0 
0.0 -1118.5 1119.5 0.0 0.0 0.0 0.0 
-1.1 2.3 -1.2 0.0 0.0 1.1 -0.1 
-1.1 2.3 -1.2 0.0 0.0 0.1 0.9 

0.0 1.0 0.0 0.0 0.0 0.0 0.0 
0.0 1.0 0.0 0.0 0.0 0.0 0.0 
0.0 -9.0 10.0 0.0 0.0 0.0 0.0 
0.0 -0.7 1.7 0.0 0.0 0.0 0.0 
0.0 -1117.3 1118.3 0.0 0.0 0.0 0.0 
-1.1 1.1 -0.0 0.0 0.0 1.1 -0.1 
-1.1 1.1 -0.0 0.0 0.0 0.1 0.9 

0.0 0.7 0.3 0.0 0.0 0.0 0.0 
0.0 0.7 0.3 0.0 0.0 0.0 0.0 
0.0 -9.3 10.3 0.0 0.0 0.0 0.0 
0.0 -1.0 2.0 0.0 0.0 0.0 0.0 
0.0 -1117.7 1118.7 0.0 0.0 0.0 0.0 
-1.1 1.4 -0.4 0.0 0.0 1.1 -0.1 
-1.1 1.4 -0.4 0.0 0.0 0.1 0.9 

0.0 0.0 1.0 0.0 0.0 0.0 0.0 
0.0 0.0 1.0 0.0 0.0 0.0 0.0 
0.0 -10.0 11.0 0.0 0.0 0.0 0.0 
0.0 -1.7 2.7 0.0 0.0 0.0 0.0 
0.0 -1118.3 1119.3 0.0 0.0 0.0 0.0 
-1.1 2.1 -1.0 0.0 0.0 1.1 -0.1 
-1.1 2.1 -1.0 0.0 0.0 0.1 0.9 

0.0 -0.5 1.5 0.0 0.0 0.0 0.0 
0.0 -0.5 1.5 0.0 0.0 0.0 0.0 
0.0 -10.5 11.5 0.0 0.0 0.0 0.0 
0.0 -2.2 3.2 0.0 0.0 0.0 0.0 
0.0 -1118.8 1119.8 0.0 0.0 0.0 0.0 
-1.1 2.6 -1.5 0.0 0.0 1.1 -0.1 
-1.1 2.6 -1.5 0.0 0.0 0.1 0.9 

0.0 0.5 0.5 0.0 0.0 0.0 0.0 
0.0 0.5 0.5 0.0 0.0 0.0 0.0 
0.0 -9.5 10.5 0.0 0.0 0.0 0.0 
0.0 -1.2 2.2 0.0 0.0 0.0 0.0 
0.0 -1117.8 1118.8 0.0 0.0 0.0 0.0 
-1.1 1.6 -0.5 0.0 0.0 1.1 -0.1 
-1.1 1.6 -0.5 0.0 0.0 0.1 0.9 

1.0 0.0 0.0 0.0 0.0 0.0 0.0 
0.0 0.0 0.0 0.0 0.0 -0.0 1.0 
0.0 0.0 0.0 0.0 0.0 0.2 0.8 
0.0 0.0 0.0 0.0 0.0 0.0 1.0 
0.0 0.0 0.0 0.0 0.0 29.1 -28.1 
0.0 1.0 0.0 0.0 0.0 1.0 -1.0 
0.0 1.0 0.0 0.0 0.0 0.0 -0.0 

0.0 0.2 0.8 0.0 0.0 0.0 0.0 
0.0 0.2 0.8 0.0 0.0 0.0 0.0 
0.0 -9.8 10.8 0.0 0.0 0.0 0.0 
0.0 -1.5 2.5 0.0 0.0 0.0 0.0 
0.0 -1118.2 1119.2 0.0 0.0 0.0 0.0 
-1.1 1.9 -0.9 0.0 0.0 1.1 -0.1 
-1.1 1.9 -0.9 0.0 0.0 0.1 0.9 

1.0 0.0 0.0 0.0 0.0 0.0 0.0 
0.0 1.0 0.0 0.0 0.0 0.0 0.0 
0.0 5.5 0.9 -5.4 0.0 0.3 -0.3 
1.0 0.0 0.0 0.0 0.0 0.0 0.0 
0.0 51.3 10.1 -60.3 0.0 2.9 -2.9 
0.0 0.0 0.0 0.0 0.0 1.0 0.0 
0.0 0.0 0.0 0.0 0.0 0.0 1.0 

0.0 0.1 -0.1 1.0 0.0 0.0 0.0 
0.0 1.1 -0.1 0.0 0.0 0.0 0.0 
0.0 1.0 -0.1 0.0 0.1 0.0 0.0 
0.0 0.1 -0.1 1.0 0.0 0.0 0.0 
0.0 0.1 -0.1 0.0 1.0 0.0 0.0 
-1.1 1.0 0.1 0.0 -0.0 1.1 -0.1 
-1.1 1.0 0.1 0.0 -0.0 0.1 0.9 

0.0 0.0 0.0 1.0 0.0 0.0 0.0 
0.0 1.0 -0.0 0.0 0.0 0.0 0.0 
0.0 0.9 -0.0 0.0 0.1 0.0 0.0 
0.0 0.0 0.0 1.0 0.0 0.0 0.0 
0.0 0.0 0.0 0.0 1.0 0.0 0.0 
-1.1 1.1 -0.0 0.0 -0.0 1.1 -0.1 
-1.1 1.1 -0.0 0.0 -0.0 0.1 0.9 

1.0
0.0
6.0
1.0
671.0
24.0
1.0
