0.0 1.3 -0.3 0.0 0.0 0.0 0.0 0.0 0.0 0.0 0.0 0.0 0.0 0.0 0.0 0.0 0.0 
0.0 0.0 0.0 0.3 2.2 -1.5 0.0 0.0 0.0 0.0 0.0 0.0 0.0 0.0 0.0 0.0 0.0 
0.0 0.0 0.0 1.5 1.9 -2.4 0.0 0.0 0.0 0.0 0.0 0.0 0.0 0.0 0.0 0.0 0.0 
0.0 0.0 0.0 -0.6 -0.3 0.9 -0.8 1.8 0.0 0.0 0.0 0.0 0.0 0.0 0.0 0.0 0.0 
0.0 0.0 0.0 -4.4 -2.2 6.6 -3.2 4.2 0.0 0.0 0.0 0.0 0.0 0.0 0.0 0.0 0.0 
0.0 0.0 0.0 -2.5 -1.3 3.8 -1.6 2.6 0.0 0.0 0.0 0.0 0.0 0.0 0.0 0.0 0.0 
0.0 0.0 0.0 6.0 3.0 -9.0 0.0 0.0 3.0 -2.0 0.0 0.0 0.0 0.0 0.0 0.0 0.0 
0.0 0.0 0.0 -5.3 -2.7 8.0 0.0 0.0 -2.0 3.0 0.0 0.0 0.0 0.0 0.0 0.0 0.0 
0.0 0.0 0.0 0.5 0.3 -0.8 0.0 0.0 0.0 0.0 -0.2 1.2 0.0 0.0 0.0 0.0 0.0 
0.0 0.0 0.0 2.9 1.5 -4.4 0.0 0.0 0.0 0.0 -0.3 1.3 0.0 0.0 0.0 0.0 0.0 
0.0 0.0 0.0 -1.2 -0.6 1.8 0.0 0.0 0.0 0.0 0.0 0.0 1.7 -0.7 0.0 0.0 0.0 
0.0 0.0 0.0 -2.8 -1.4 4.2 0.0 0.0 0.0 0.0 0.0 0.0 -0.4 1.4 0.0 0.0 0.0 
0.0 0.0 0.0 1.5 0.7 -2.2 0.0 0.0 0.0 0.0 0.0 0.0 0.0 0.0 0.9 0.1 0.0 
0.0 0.0 0.0 0.2 0.1 -0.3 0.0 0.0 0.0 0.0 0.0 0.0 0.0 0.0 1.4 -0.4 0.0 
-0.0 0.0 -0.0 144.3 72.0 -216.4 -2.9 3.4 57.8 -59.2 -2.5 5.2 7.1 -10.0 4.7 -3.0 0.6 
-0.0 0.0 -0.0 30.4 15.2 -45.6 -0.6 0.7 12.1 -12.4 -0.5 1.1 1.5 -2.1 1.0 -0.6 0.9 
-0.0 0.0 -0.0 295.1 147.2 -442.4 -5.1 5.5 127.9 -128.4 -5.7 4.7 19.4 -15.2 2.4 -8.4 3.9 

0.0 1.1 -0.1 0.0 0.0 0.0 0.0 0.0 0.0 0.0 0.0 0.0 0.0 0.0 0.0 0.0 0.0 
0.0 0.0 0.0 0.3 1.9 -1.3 0.0 0.0 0.0 0.0 0.0 0.0 0.0 0.0 0.0 0.0 0.0 
0.0 0.0 0.0 1.5 1.6 -2.1 0.0 0.0 0.0 0.0 0.0 0.0 0.0 0.0 0.0 0.0 0.0 
0.0 0.0 0.0 -0.1 -0.0 0.1 -0.2 1.2 0.0 0.0 0.0 0.0 0.0 0.0 0.0 0.0 0.0 
0.0 0.0 0.0 -3.9 -1.9 5.8 -2.6 3.6 0.0 0.0 0.0 0.0 0.0 0.0 0.0 0.0 0.0 
0.0 0.0 0.0 -2.0 -1.0 3.0 -1.0 2.0 0.0 0.0 0.0 0.0 0.0 0.0 0.0 0.0 0.0 
0.0 0.0 0.0 15.7 7.8 -23.5 0.0 0.0 7.0 -6.0 0.0 0.0 0.0 0.0 0.0 0.0 0.0 
0.0 0.0 0.0 4.3 2.2 -6.5 0.0 0.0 2.0 -1.0 0.0 0.0 0.0 0.0 0.0 0.0 0.0 
0.0 0.0 0.0 0.4 0.2 -0.6 0.0 0.0 0.0 0.0 -0.2 1.2 0.0 0.0 0.0 0.0 0.0 
0.0 0.0 0.0 2.8 1.4 -4.2 0.0 0.0 0.0 0.0 -0.2 1.2 0.0 0.0 0.0 0.0 0.0 
0.0 0.0 0.0 -1.3 -0.7 2.0 0.0 0.0 0.0 0.0 0.0 0.0 1.8 -0.8 0.0 0.0 0.0 
0.0 0.0 0.0 -2.9 -1.5 4.4 0.0 0.0 0.0 0.0 0.0 0.0 -0.2 1.2 0.0 0.0 0.0 
0.0 0.0 0.0 1.6 0.8 -2.4 0.0 0.0 0.0 0.0 0.0 0.0 0.0 0.0 0.8 0.2 0.0 
0.0 0.0 0.0 0.3 0.1 -0.4 0.0 0.0 0.0 0.0 0.0 0.0 0.0 0.0 1.3 -0.3 0.0 
-0.0 0.0 -0.0 130.2 64.9 -195.1 -2.7 3.0 52.1 -53.4 -2.3 4.7 6.4 -9.1 4.2 -2.7 0.6 
-0.0 0.0 -0.0 16.3 8.1 -24.4 -0.3 0.4 6.4 -6.6 -0.3 0.6 0.8 -1.1 0.5 -0.3 1.0 
-0.0 0.0 -0.0 246.4 123.0 -369.5 -4.0 4.2 108.9 -108.7 -4.9 2.8 17.7 -12.3 1.3 -7.9 4.1 

0.0 1.0 0.0 0.0 0.0 0.0 0.0 0.0 0.0 0.0 0.0 0.0 0.0 0.0 0.0 0.0 0.0 
0.0 0.0 0.0 0.3 1.7 -1.0 0.0 0.0 0.0 0.0 0.0 0.0 0.0 0.0 0.0 0.0 0.0 
0.0 0.0 0.0 1.5 1.4 -1.9 0.0 0.0 0.0 0.0 0.0 0.0 0.0 0.0 0.0 0.0 0.0 
0.0 0.0 0.0 0.5 0.2 -0.7 0.4 0.6 0.0 0.0 0.0 0.0 0.0 0.0 0.0 0.0 0.0 
0.0 0.0 0.0 -3.3 -1.7 5.0 -2.0 3.0 0.0 0.0 0.0 0.0 0.0 0.0 0.0 0.0 0.0 
0.0 0.0 0.0 -1.5 -0.7 2.2 -0.4 1.4 0.0 0.0 0.0 0.0 0.0 0.0 0.0 0.0 0.0 
0.0 0.0 0.0 25.3 12.7 -38.0 0.0 0.0 11.0 -10.0 0.0 0.0 0.0 0.0 0.0 0.0 0.0 
0.0 0.0 0.0 14.0 7.0 -21.0 0.0 0.0 6.0 -5.0 0.0 0.0 0.0 0.0 0.0 0.0 0.0 
0.0 0.0 0.0 0.2 0.1 -0.4 0.0 0.0 0.0 0.0 -0.1 1.1 0.0 0.0 0.0 0.0 0.0 
0.0 0.0 0.0 2.7 1.3 -4.0 0.0 0.0 0.0 0.0 -0.1 1.1 0.0 0.0 0.0 0.0 0.0 
0.0 0.0 0.0 -1.4 -0.7 2.1 0.0 0.0 0.0 0.0 0.0 0.0 2.0 -1.0 0.0 0.0 0.0 
0.0 0.0 0.0 -3.0 -1.5 4.5 0.0 0.0 0.0 0.0 0.0 0.0 0.0 1.0 0.0 0.0 0.0 
0.0 0.0 0.0 1.7 0.9 -2.6 0.0 0.0 0.0 0.0 0.0 0.0 0.0 0.0 0.7 0.3 0.0 
0.0 0.0 0.0 0.4 0.2 -0.6 0.0 0.0 0.0 0.0 0.0 0.0 0.0 0.0 1.2 -0.2 0.0 
-0.0 0.0 -0.0 116.0 57.9 -173.9 -2.4 2.7 46.4 -47.5 -2.0 4.2 5.7 -8.1 3.8 -2.4 0.7 
-0.0 0.0 -0.0 2.1 1.1 -3.2 -0.0 0.0 0.7 -0.7 -0.0 0.1 0.1 -0.1 0.1 -0.0 1.0 
-0.0 0.0 -0.0 197.8 98.7 -296.6 -3.0 2.9 89.8 -89.1 -4.1 0.9 16.0 -9.4 0.1 -7.5 4.3 

0.0 0.9 0.1 0.0 0.0 0.0 0.0 0.0 0.0 0.0 0.0 0.0 0.0 0.0 0.0 0.0 0.0 
0.0 0.0 0.0 0.3 1.4 -0.8 0.0 0.0 0.0 0.0 0.0 0.0 0.0 0.0 0.0 0.0 0.0 
0.0 0.0 0.0 1.5 1.1 -1.6 0.0 0.0 0.0 0.0 0.0 0.0 0.0 0.0 0.0 0.0 0.0 
0.0 0.0 0.0 1.0 0.5 -1.5 1.0 0.0 0.0 0.0 0.0 0.0 0.0 0.0 0.0 0.0 0.0 
0.0 0.0 0.0 -2.8 -1.4 4.2 -1.4 2.4 0.0 0.0 0.0 0.0 0.0 0.0 0.0 0.0 0.0 
0.0 0.0 0.0 -0.9 -0.5 1.4 0.2 0.8 0.0 0.0 0.0 0.0 0.0 0.0 0.0 0.0 0.0 
0.0 0.0 0.0 35.0 17.5 -52.5 0.0 0.0 15.0 -14.0 0.0 0.0 0.0 0.0 0.0 0.0 0.0 
0.0 0.0 0.0 23.7 11.8 -35.5 0.0 0.0 10.0 -9.0 0.0 0.0 0.0 0.0 0.0 0.0 0.0 
0.0 0.0 0.0 0.1 0.0 -0.1 0.0 0.0 0.0 0.0 -0.0 1.0 0.0 0.0 0.0 0.0 0.0 
0.0 0.0 0.0 2.5 1.3 -3.8 0.0 0.0 0.0 0.0 -0.0 1.0 0.0 0.0 0.0 0.0 0.0 
0.0 0.0 0.0 -1.5 -0.7 2.2 0.0 0.0 0.0 0.0 0.0 0.0 2.2 -1.2 0.0 0.0 0.0 
0.0 0.0 0.0 -3.1 -1.5 4.6 0.0 0.0 0.0 0.0 0.0 0.0 0.2 0.8 0.0 0.0 0.0 
0.0 0.0 0.0 1.8 0.9 -2.7 0.0 0.0 0.0 0.0 0.0 0.0 0.0 0.0 0.6 0.4 0.0 
0.0 0.0 0.0 0.5 0.3 -0.8 0.0 0.0 0.0 0.0 0.0 0.0 0.0 0.0 1.1 -0.1 0.0 
-0.0 0.0 -0.0 101.9 50.8 -152.7 -2.1 2.4 40.6 -41.7 -1.8 3.7 5.0 -7.1 3.3 -2.1 0.7 
0.0 -0.0 0.0 -12.0 -6.0 18.0 0.3 -0.3 -5.0 5.1 0.2 -0.5 -0.6 0.9 -0.4 0.3 1.0 
-0.0 0.0 -0.0 149.2 74.5 -223.7 -1.9 1.7 70.8 -69.5 -3.4 -1.0 14.4 -6.5 -1.0 -7.1 4.4 

0.0 0.7 0.3 0.0 0.0 0.0 0.0 0.0 0.0 0.0 0.0 0.0 0.0 0.0 0.0 0.0 0.0 
0.0 0.0 0.0 0.3 1.2 -0.5 0.0 0.0 0.0 0.0 0.0 0.0 0.0 0.0 0.0 0.0 0.0 
0.0 0.0 0.0 1.5 0.9 -1.4 0.0 0.0 0.0 0.0 0.0 0.0 0.0 0.0 0.0 0.0 0.0 
0.0 0.0 0.0 1.5 0.8 -2.3 1.6 -0.6 0.0 0.0 0.0 0.0 0.0 0.0 0.0 0.0 0.0 
0.0 0.0 0.0 -2.3 -1.1 3.4 -0.8 1.8 0.0 0.0 0.0 0.0 0.0 0.0 0.0 0.0 0.0 
0.0 0.0 0.0 -0.4 -0.2 0.6 0.8 0.2 0.0 0.0 0.0 0.0 0.0 0.0 0.0 0.0 0.0 
0.0 0.0 0.0 44.7 22.3 -67.0 0.0 0.0 19.0 -18.0 0.0 0.0 0.0 0.0 0.0 0.0 0.0 
0.0 0.0 0.0 33.3 16.7 -50.0 0.0 0.0 14.0 -13.0 0.0 0.0 0.0 0.0 0.0 0.0 0.0 
0.0 0.0 0.0 -0.0 -0.0 0.1 0.0 0.0 0.0 0.0 0.1 0.9 0.0 0.0 0.0 0.0 0.0 
0.0 0.0 0.0 2.4 1.2 -3.6 0.0 0.0 0.0 0.0 0.0 1.0 0.0 0.0 0.0 0.0 0.0 
0.0 0.0 0.0 -1.6 -0.8 2.4 0.0 0.0 0.0 0.0 0.0 0.0 2.4 -1.4 0.0 0.0 0.0 
0.0 0.0 0.0 -3.2 -1.6 4.8 0.0 0.0 0.0 0.0 0.0 0.0 0.4 0.6 0.0 0.0 0.0 
0.0 0.0 0.0 1.9 1.0 -2.9 0.0 0.0 0.0 0.0 0.0 0.0 0.0 0.0 0.5 0.5 0.0 
0.0 0.0 0.0 0.6 0.3 -1.0 0.0 0.0 0.0 0.0 0.0 0.0 0.0 0.0 1.0 0.0 0.0 
-0.0 0.0 -0.0 87.7 43.7 -131.5 -1.8 2.0 34.9 -35.8 -1.5 3.2 4.3 -6.1 2.8 -1.8 0.8 
0.0 -0.0 0.0 -26.2 -13.0 39.2 0.5 -0.6 -10.7 11.0 0.5 -1.0 -1.3 1.9 -0.9 0.6 1.1 
-0.0 0.0 -0.0 100.6 50.3 -150.8 -0.8 0.4 51.8 -49.8 -2.6 -2.9 12.7 -3.6 -2.2 -6.7 4.6 

0.0 0.6 0.4 0.0 0.0 0.0 0.0 0.0 0.0 0.0 0.0 0.0 0.0 0.0 0.0 0.0 0.0 
0.0 0.0 0.0 0.3 0.9 -0.3 0.0 0.0 0.0 0.0 0.0 0.0 0.0 0.0 0.0 0.0 0.0 
0.0 0.0 0.0 1.5 0.6 -1.1 0.0 0.0 0.0 0.0 0.0 0.0 0.0 0.0 0.0 0.0 0.0 
0.0 0.0 0.0 2.1 1.0 -3.1 2.2 -1.2 0.0 0.0 0.0 0.0 0.0 0.0 0.0 0.0 0.0 
0.0 0.0 0.0 -1.7 -0.9 2.6 -0.2 1.2 0.0 0.0 0.0 0.0 0.0 0.0 0.0 0.0 0.0 
0.0 0.0 0.0 0.1 0.1 -0.2 1.4 -0.4 0.0 0.0 0.0 0.0 0.0 0.0 0.0 0.0 0.0 
0.0 0.0 0.0 54.3 27.2 -81.5 0.0 0.0 23.0 -22.0 0.0 0.0 0.0 0.0 0.0 0.0 0.0 
0.0 0.0 0.0 43.0 21.5 -64.5 0.0 0.0 18.0 -17.0 0.0 0.0 0.0 0.0 0.0 0.0 0.0 
0.0 0.0 0.0 -0.2 -0.1 0.3 0.0 0.0 0.0 0.0 0.1 0.9 0.0 0.0 0.0 0.0 0.0 
0.0 0.0 0.0 2.2 1.1 -3.4 0.0 0.0 0.0 0.0 0.1 0.9 0.0 0.0 0.0 0.0 0.0 
0.0 0.0 0.0 -1.7 -0.8 2.5 0.0 0.0 0.0 0.0 0.0 0.0 2.6 -1.6 0.0 0.0 0.0 
0.0 0.0 0.0 -3.3 -1.6 4.9 0.0 0.0 0.0 0.0 0.0 0.0 0.5 0.5 0.0 0.0 0.0 
0.0 0.0 0.0 2.1 1.0 -3.1 0.0 0.0 0.0 0.0 0.0 0.0 0.0 0.0 0.4 0.6 0.0 
0.0 0.0 0.0 0.8 0.4 -1.1 0.0 0.0 0.0 0.0 0.0 0.0 0.0 0.0 0.9 0.1 0.0 
-0.0 0.0 -0.0 73.6 36.7 -110.3 -1.5 1.7 29.2 -30.0 -1.3 2.7 3.6 -5.1 2.4 -1.5 0.8 
0.0 -0.0 0.0 -40.3 -20.1 60.4 0.8 -1.0 -16.4 16.8 0.7 -1.5 -2.0 2.9 -1.3 0.8 1.1 
0.0 -0.0 -0.0 52.0 26.0 -78.0 0.3 -0.9 32.7 -30.2 -1.9 -4.8 11.1 -0.7 -3.3 -6.2 4.8 

0.0 0.4 0.6 0.0 0.0 0.0 0.0 0.0 0.0 0.0 0.0 0.0 0.0 0.0 0.0 0.0 0.0 
0.0 0.0 0.0 0.3 0.7 0.0 0.0 0.0 0.0 0.0 0.0 0.0 0.0 0.0 0.0 0.0 0.0 
0.0 0.0 0.0 1.5 0.4 -0.9 0.0 0.0 0.0 0.0 0.0 0.0 0.0 0.0 0.0 0.0 0.0 
0.0 0.0 0.0 2.6 1.3 -3.9 2.8 -1.8 0.0 0.0 0.0 0.0 0.0 0.0 0.0 0.0 0.0 
0.0 0.0 0.0 -1.2 -0.6 1.8 0.4 0.6 0.0 0.0 0.0 0.0 0.0 0.0 0.0 0.0 0.0 
0.0 0.0 0.0 0.7 0.3 -1.0 2.0 -1.0 0.0 0.0 0.0 0.0 0.0 0.0 0.0 0.0 0.0 
0.0 0.0 0.0 64.0 32.0 -96.0 0.0 0.0 27.0 -26.0 0.0 0.0 0.0 0.0 0.0 0.0 0.0 
0.0 0.0 0.0 52.7 26.3 -79.0 0.0 0.0 22.0 -21.0 0.0 0.0 0.0 0.0 0.0 0.0 0.0 
0.0 0.0 0.0 -0.3 -0.2 0.5 0.0 0.0 0.0 0.0 0.2 0.8 0.0 0.0 0.0 0.0 0.0 
0.0 0.0 0.0 2.1 1.1 -3.2 0.0 0.0 0.0 0.0 0.2 0.8 0.0 0.0 0.0 0.0 0.0 
0.0 0.0 0.0 -1.8 -0.9 2.7 0.0 0.0 0.0 0.0 0.0 0.0 2.8 -1.8 0.0 0.0 0.0 
0.0 0.0 0.0 -3.4 -1.7 5.0 0.0 0.0 0.0 0.0 0.0 0.0 0.7 0.3 0.0 0.0 0.0 
0.0 0.0 0.0 2.2 1.1 -3.3 0.0 0.0 0.0 0.0 0.0 0.0 0.0 0.0 0.3 0.8 0.0 
0.0 0.0 0.0 0.9 0.4 -1.3 0.0 0.0 0.0 0.0 0.0 0.0 0.0 0.0 0.8 0.2 0.0 
-0.0 0.0 -0.0 59.4 29.6 -89.1 -1.2 1.4 23.5 -24.1 -1.0 2.1 2.9 -4.1 1.9 -1.2 0.8 
0.0 -0.0 0.0 -54.5 -27.2 81.6 1.1 -1.3 -22.1 22.7 1.0 -2.0 -2.7 3.8 -1.8 1.1 1.2 
0.0 -0.0 0.0 3.4 1.8 -5.1 1.4 -2.1 13.7 -10.6 -1.1 -6.7 9.4 2.2 -4.5 -5.8 5.0 

0.0 0.3 0.7 0.0 0.0 0.0 0.0 0.0 0.0 0.0 0.0 0.0 0.0 0.0 0.0 0.0 0.0 
0.0 0.0 0.0 0.3 0.4 0.3 0.0 0.0 0.0 0.0 0.0 0.0 0.0 0.0 0.0 0.0 0.0 
0.0 0.0 0.0 1.5 0.1 -0.6 0.0 0.0 0.0 0.0 0.0 0.0 0.0 0.0 0.0 0.0 0.0 
0.0 0.0 0.0 3.1 1.6 -4.7 3.4 -2.4 0.0 0.0 0.0 0.0 0.0 0.0 0.0 0.0 0.0 
0.0 0.0 0.0 -0.7 -0.3 1.0 1.0 0.0 0.0 0.0 0.0 0.0 0.0 0.0 0.0 0.0 0.0 
0.0 0.0 0.0 1.2 0.6 -1.8 2.6 -1.6 0.0 0.0 0.0 0.0 0.0 0.0 0.0 0.0 0.0 
0.0 0.0 0.0 73.7 36.8 -110.5 0.0 0.0 31.0 -30.0 0.0 0.0 0.0 0.0 0.0 0.0 0.0 
0.0 0.0 0.0 62.3 31.2 -93.5 0.0 0.0 26.0 -25.0 0.0 0.0 0.0 0.0 0.0 0.0 0.0 
0.0 0.0 0.0 -0.5 -0.2 0.7 0.0 0.0 0.0 0.0 0.3 0.7 0.0 0.0 0.0 0.0 0.0 
0.0 0.0 0.0 2.0 1.0 -2.9 0.0 0.0 0.0 0.0 0.3 0.7 0.0 0.0 0.0 0.0 0.0 
0.0 0.0 0.0 -1.9 -0.9 2.8 0.0 0.0 0.0 0.0 0.0 0.0 2.9 -1.9 0.0 0.0 0.0 
0.0 0.0 0.0 -3.5 -1.7 5.2 0.0 0.0 0.0 0.0 0.0 0.0 0.9 0.1 0.0 0.0 0.0 
0.0 0.0 0.0 2.3 1.1 -3.4 0.0 0.0 0.0 0.0 0.0 0.0 0.0 0.0 0.1 0.9 0.0 
0.0 0.0 0.0 1.0 0.5 -1.5 0.0 0.0 0.0 0.0 0.0 0.0 0.0 0.0 0.7 0.3 0.0 
-0.0 0.0 -0.0 45.3 22.6 -67.9 -0.9 1.0 17.8 -18.3 -0.8 1.6 2.2 -3.1 1.5 -0.9 0.9 
0.0 -0.0 0.0 -68.6 -34.2 102.9 1.4 -1.6 -27.8 28.5 1.2 -2.5 -3.4 4.8 -2.3 1.4 1.2 
0.0 -0.0 0.0 -45.3 -22.4 67.8 2.5 -3.4 -5.3 9.0 -0.4 -8.6 7.7 5.2 -5.6 -5.4 5.1 

0.0 0.1 0.9 0.0 0.0 0.0 0.0 0.0 0.0 0.0 0.0 0.0 0.0 0.0 0.0 0.0 0.0 
0.0 0.0 0.0 0.3 0.2 0.5 0.0 0.0 0.0 0.0 0.0 0.0 0.0 0.0 0.0 0.0 0.0 
0.0 0.0 0.0 1.5 -0.1 -0.4 0.0 0.0 0.0 0.0 0.0 0.0 0.0 0.0 0.0 0.0 0.0 
0.0 0.0 0.0 3.7 1.8 -5.5 4.0 -3.0 0.0 0.0 0.0 0.0 0.0 0.0 0.0 0.0 0.0 
0.0 0.0 0.0 -0.1 -0.1 0.2 1.6 -0.6 0.0 0.0 0.0 0.0 0.0 0.0 0.0 0.0 0.0 
0.0 0.0 0.0 1.7 0.9 -2.6 3.2 -2.2 0.0 0.0 0.0 0.0 0.0 0.0 0.0 0.0 0.0 
0.0 0.0 0.0 83.3 41.7 -125.0 0.0 0.0 35.0 -34.0 0.0 0.0 0.0 0.0 0.0 0.0 0.0 
0.0 0.0 0.0 72.0 36.0 -108.0 0.0 0.0 30.0 -29.0 0.0 0.0 0.0 0.0 0.0 0.0 0.0 
0.0 0.0 0.0 -0.6 -0.3 0.9 0.0 0.0 0.0 0.0 0.4 0.6 0.0 0.0 0.0 0.0 0.0 
0.0 0.0 0.0 1.8 0.9 -2.7 0.0 0.0 0.0 0.0 0.3 0.7 0.0 0.0 0.0 0.0 0.0 
0.0 0.0 0.0 -1.9 -1.0 2.9 0.0 0.0 0.0 0.0 0.0 0.0 3.1 -2.1 0.0 0.0 0.0 
0.0 0.0 0.0 -3.5 -1.8 5.3 0.0 0.0 0.0 0.0 0.0 0.0 1.1 -0.1 0.0 0.0 0.0 
0.0 0.0 0.0 2.4 1.2 -3.6 0.0 0.0 0.0 0.0 0.0 0.0 0.0 0.0 0.0 1.0 0.0 
0.0 0.0 0.0 1.1 0.5 -1.6 0.0 0.0 0.0 0.0 0.0 0.0 0.0 0.0 0.5 0.5 0.0 
-0.0 0.0 -0.0 31.1 15.5 -46.6 -0.6 0.7 12.1 -12.4 -0.5 1.1 1.5 -2.1 1.0 -0.6 0.9 
0.0 -0.0 0.0 -82.8 -41.3 124.1 1.7 -2.0 -33.5 34.4 1.5 -3.0 -4.1 5.8 -2.7 1.7 1.2 
0.0 -0.0 0.0 -93.9 -46.7 140.7 3.6 -4.7 -24.4 28.7 0.4 -10.5 6.1 8.1 -6.8 -5.0 5.3 

0.0 0.0 1.0 0.0 0.0 0.0 0.0 0.0 0.0 0.0 0.0 0.0 0.0 0.0 0.0 0.0 0.0 
0.0 0.0 0.0 0.3 -0.1 0.8 0.0 0.0 0.0 0.0 0.0 0.0 0.0 0.0 0.0 0.0 0.0 
0.0 0.0 0.0 1.5 -0.4 -0.1 0.0 0.0 0.0 0.0 0.0 0.0 0.0 0.0 0.0 0.0 0.0 
0.0 0.0 0.0 4.2 2.1 -6.3 4.6 -3.6 0.0 0.0 0.0 0.0 0.0 0.0 0.0 0.0 0.0 
0.0 0.0 0.0 0.4 0.2 -0.6 2.2 -1.2 0.0 0.0 0.0 0.0 0.0 0.0 0.0 0.0 0.0 
0.0 0.0 0.0 2.3 1.1 -3.4 3.8 -2.8 0.0 0.0 0.0 0.0 0.0 0.0 0.0 0.0 0.0 
0.0 0.0 0.0 93.0 46.5 -139.5 0.0 0.0 39.0 -38.0 0.0 0.0 0.0 0.0 0.0 0.0 0.0 
0.0 0.0 0.0 81.7 40.8 -122.5 0.0 0.0 34.0 -33.0 0.0 0.0 0.0 0.0 0.0 0.0 0.0 
0.0 0.0 0.0 -0.7 -0.4 1.1 0.0 0.0 0.0 0.0 0.4 0.6 0.0 0.0 0.0 0.0 0.0 
0.0 0.0 0.0 1.7 0.8 -2.5 0.0 0.0 0.0 0.0 0.4 0.6 0.0 0.0 0.0 0.0 0.0 
0.0 0.0 0.0 -2.0 -1.0 3.1 0.0 0.0 0.0 0.0 0.0 0.0 3.3 -2.3 0.0 0.0 0.0 
0.0 0.0 0.0 -3.6 -1.8 5.5 0.0 0.0 0.0 0.0 0.0 0.0 1.3 -0.3 0.0 0.0 0.0 
0.0 0.0 0.0 2.5 1.3 -3.8 0.0 0.0 0.0 0.0 0.0 0.0 0.0 0.0 -0.1 1.1 0.0 
0.0 0.0 0.0 1.2 0.6 -1.8 0.0 0.0 0.0 0.0 0.0 0.0 0.0 0.0 0.4 0.6 0.0 
-0.0 0.0 -0.0 17.0 8.5 -25.4 -0.3 0.4 6.4 -6.6 -0.3 0.6 0.8 -1.1 0.5 -0.3 1.0 
0.0 -0.0 0.0 -96.9 -48.3 145.3 2.0 -2.3 -39.2 40.2 1.7 -3.6 -4.8 6.8 -3.2 2.0 1.3 
0.0 -0.0 0.0 -142.5 -70.9 213.6 4.7 -5.9 -43.4 48.3 1.2 -12.4 4.4 11.0 -7.9 -4.5 5.5 

1.0
0.0
0.0
3.0
0.0
0.0
3.7
6.3
2.8
10.0
9.6
4.0
16.0
14.5
14.0
10.9
12.4
