0.0 0.7 0.3 0.0 0.0 0.0 
0.0 10.7 -9.7 0.0 0.0 0.0 
0.0 0.7 0.3 0.0 0.0 0.0 
0.0 -0.7 0.7 1.0 0.0 0.0 
0.0 235.7 -234.7 0.0 0.0 0.0 
0.0 14.0 -13.0 0.0 0.0 0.0 

0.0 1.2 -0.2 0.0 0.0 0.0 
0.0 11.2 -10.2 0.0 0.0 0.0 
0.0 1.2 -0.2 0.0 0.0 0.0 
0.0 -1.2 1.2 1.0 0.0 0.0 
0.0 236.2 -235.2 0.0 0.0 0.0 
0.0 14.5 -13.5 0.0 0.0 0.0 

0.0 0.0 1.0 0.0 0.0 0.0 
0.0 10.0 -9.0 0.0 0.0 0.0 
0.0 0.0 1.0 0.0 0.0 0.0 
0.0 0.0 0.0 1.0 0.0 0.0 
0.0 235.0 -234.0 0.0 0.0 0.0 
0.0 13.3 -12.3 0.0 0.0 0.0 

0.0 0.3 0.7 0.0 0.0 0.0 
0.0 10.3 -9.3 0.0 0.0 0.0 
0.0 0.3 0.7 0.0 0.0 0.0 
0.0 -0.3 0.3 1.0 0.0 0.0 
0.0 235.3 -234.3 0.0 0.0 0.0 
0.0 13.7 -12.7 0.0 0.0 0.0 

0.0 1.0 0.0 0.0 0.0 0.0 
0.0 11.0 -10.0 0.0 0.0 0.0 
0.0 1.0 0.0 0.0 0.0 0.0 
0.0 -1.0 1.0 1.0 0.0 0.0 
0.0 236.0 -235.0 0.0 0.0 0.0 
0.0 14.3 -13.3 0.0 0.0 0.0 

0.0 1.5 -0.5 0.0 0.0 0.0 
0.0 11.5 -10.5 0.0 0.0 0.0 
0.0 1.5 -0.5 0.0 0.0 0.0 
0.0 -1.5 1.5 1.0 0.0 0.0 
0.0 236.5 -235.5 0.0 0.0 0.0 
0.0 14.8 -13.8 0.0 0.0 0.0 

0.0 0.5 0.5 0.0 0.0 0.0 
0.0 10.5 -9.5 0.0 0.0 0.0 
0.0 0.5 0.5 0.0 0.0 0.0 
0.0 -0.5 0.5 1.0 0.0 0.0 
0.0 235.5 -234.5 0.0 0.0 0.0 
0.0 13.8 -12.8 0.0 0.0 0.0 

1.0 0.0 0.0 0.0 0.0 0.0 
0.0 0.0 -0.3 0.7 0.0 0.0 
0.0 0.0 -1.0 0.0 0.0 0.0 
0.0 0.0 2.0 1.0 0.0 0.0 
0.0 0.0 14.7 15.7 0.0 0.0 
0.0 0.0 -0.1 0.9 0.0 0.0 

0.0 0.8 0.2 0.0 0.0 0.0 
0.0 10.8 -9.8 0.0 0.0 0.0 
0.0 0.8 0.2 0.0 0.0 0.0 
0.0 -0.8 0.8 1.0 0.0 0.0 
0.0 235.8 -234.8 0.0 0.0 0.0 
0.0 14.2 -13.2 0.0 0.0 0.0 

1.0 0.0 0.0 0.0 0.0 0.0 
0.0 0.2 6.6 0.7 0.3 -5.4 
0.0 0.0 1.0 0.0 0.0 0.0 
0.0 0.0 0.0 1.0 0.0 0.0 
0.0 0.5 14.0 1.6 0.7 -12.6 
1.0 0.0 0.0 0.0 0.0 0.0 

0.0 0.0 0.0 0.0 0.0 1.0 
0.0 -0.1 0.7 0.0 0.5 0.0 
0.0 -0.1 1.1 0.0 0.1 0.0 
0.0 0.1 -0.1 1.0 -0.1 0.0 
0.0 -0.1 0.1 0.0 1.1 0.0 
0.0 0.0 0.0 0.0 0.0 1.0 

0.0 0.1 -0.1 0.0 -0.1 1.0 
0.0 -0.0 0.6 0.0 0.4 0.0 
0.0 -0.0 1.0 0.0 0.0 0.0 
0.0 0.0 -0.0 1.0 -0.0 0.0 
0.0 0.0 0.0 0.0 1.0 0.0 
0.0 0.1 -0.1 0.0 -0.1 1.0 

1.0
6.0
0.0
9.0
141.0
8.0
