0.0 -3.5 4.5 0.0 0.0 0.0 0.0 0.0 0.0 0.0 0.0 0.0 0.0 0.0 0.0 0.0 0.0 0.0 
0.0 0.0 0.0 1.6 0.2 -0.8 0.0 0.0 0.0 0.0 0.0 0.0 0.0 0.0 0.0 0.0 0.0 0.0 
0.0 0.0 0.0 2.1 -0.3 -0.8 0.0 0.0 0.0 0.0 0.0 0.0 0.0 0.0 0.0 0.0 0.0 0.0 
0.0 0.0 0.0 -0.3 0.8 -0.5 1.3 -0.3 0.0 0.0 0.0 0.0 0.0 0.0 0.0 0.0 0.0 0.0 
0.0 0.0 0.0 -0.5 1.4 -0.9 1.1 -0.1 0.0 0.0 0.0 0.0 0.0 0.0 0.0 0.0 0.0 0.0 
0.0 0.0 0.0 -0.0 0.1 -0.1 0.9 0.1 0.0 0.0 0.0 0.0 0.0 0.0 0.0 0.0 0.0 0.0 
0.0 0.0 0.0 -0.6 1.9 -1.3 0.0 0.0 7.4 -6.4 0.0 0.0 0.0 0.0 0.0 0.0 0.0 0.0 
0.0 0.0 0.0 -0.8 2.4 -1.6 0.0 0.0 5.3 -4.3 0.0 0.0 0.0 0.0 0.0 0.0 0.0 0.0 
0.0 0.0 0.0 -0.2 0.6 -0.4 0.0 0.0 0.0 0.0 0.5 0.5 0.0 0.0 0.0 0.0 0.0 0.0 
0.0 0.0 0.0 -0.2 0.7 -0.5 0.0 0.0 0.0 0.0 0.6 0.4 0.0 0.0 0.0 0.0 0.0 0.0 
0.0 0.0 0.0 -1.4 4.1 -2.7 0.0 0.0 0.0 0.0 0.0 0.0 1.8 -0.8 0.0 0.0 0.0 0.0 
0.0 0.0 0.0 -3.5 10.5 -7.0 0.0 0.0 0.0 0.0 0.0 0.0 5.7 -4.7 0.0 0.0 0.0 0.0 
0.0 0.0 0.0 0.7 -2.2 1.4 0.0 0.0 0.0 0.0 0.0 0.0 0.0 0.0 0.1 0.9 0.0 0.0 
0.0 0.0 0.0 -0.2 0.6 -0.4 0.0 0.0 0.0 0.0 0.0 0.0 0.0 0.0 0.3 0.7 0.0 0.0 
0.0 0.0 0.0 2.7 -8.2 5.4 0.0 0.0 0.0 0.0 0.0 0.0 0.0 0.0 0.0 0.0 -2.7 3.7 
0.0 0.0 0.0 6.0 -17.9 11.9 0.0 0.0 0.0 0.0 0.0 0.0 0.0 0.0 0.0 0.0 -7.6 8.6 
-0.0 -0.1 0.1 54.1 -164.9 110.6 3.7 -2.7 -47.3 44.7 -12.8 15.8 -83.2 83.0 -17.9 14.5 16.0 -12.7 
-0.0 -0.1 0.1 50.5 -153.8 103.2 3.5 -2.6 -43.8 41.5 -11.9 14.5 -74.8 75.0 -16.0 12.3 11.0 -7.6 

0.0 -3.0 4.0 0.0 0.0 0.0 0.0 0.0 0.0 0.0 0.0 0.0 0.0 0.0 0.0 0.0 0.0 0.0 
0.0 0.0 0.0 1.2 0.4 -0.6 0.0 0.0 0.0 0.0 0.0 0.0 0.0 0.0 0.0 0.0 0.0 0.0 
0.0 0.0 0.0 1.7 -0.1 -0.6 0.0 0.0 0.0 0.0 0.0 0.0 0.0 0.0 0.0 0.0 0.0 0.0 
0.0 0.0 0.0 -0.2 0.6 -0.4 1.1 -0.1 0.0 0.0 0.0 0.0 0.0 0.0 0.0 0.0 0.0 0.0 
0.0 0.0 0.0 -0.4 1.2 -0.8 0.9 0.1 0.0 0.0 0.0 0.0 0.0 0.0 0.0 0.0 0.0 0.0 
0.0 0.0 0.0 0.0 -0.0 0.0 0.7 0.3 0.0 0.0 0.0 0.0 0.0 0.0 0.0 0.0 0.0 0.0 
0.0 0.0 0.0 -0.6 1.7 -1.1 0.0 0.0 6.9 -5.9 0.0 0.0 0.0 0.0 0.0 0.0 0.0 0.0 
0.0 0.0 0.0 -0.7 2.1 -1.4 0.0 0.0 4.7 -3.7 0.0 0.0 0.0 0.0 0.0 0.0 0.0 0.0 
0.0 0.0 0.0 -0.1 0.3 -0.2 0.0 0.0 0.0 0.0 0.5 0.5 0.0 0.0 0.0 0.0 0.0 0.0 
0.0 0.0 0.0 -0.2 0.5 -0.3 0.0 0.0 0.0 0.0 0.7 0.3 0.0 0.0 0.0 0.0 0.0 0.0 
0.0 0.0 0.0 -1.0 3.0 -2.0 0.0 0.0 0.0 0.0 0.0 0.0 1.3 -0.3 0.0 0.0 0.0 0.0 
0.0 0.0 0.0 -3.1 9.4 -6.3 0.0 0.0 0.0 0.0 0.0 0.0 5.2 -4.2 0.0 0.0 0.0 0.0 
0.0 0.0 0.0 0.7 -2.0 1.3 0.0 0.0 0.0 0.0 0.0 0.0 0.0 0.0 0.2 0.8 0.0 0.0 
0.0 0.0 0.0 -0.3 0.8 -0.5 0.0 0.0 0.0 0.0 0.0 0.0 0.0 0.0 0.5 0.5 0.0 0.0 
0.0 0.0 0.0 2.1 -6.4 4.3 0.0 0.0 0.0 0.0 0.0 0.0 0.0 0.0 0.0 0.0 -1.9 2.9 
0.0 0.0 0.0 5.4 -16.1 10.8 0.0 0.0 0.0 0.0 0.0 0.0 0.0 0.0 0.0 0.0 -6.8 7.8 
-0.0 -0.1 0.1 56.7 -173.0 116.0 3.9 -2.9 -50.4 47.6 -13.6 17.0 -90.8 90.2 -19.6 16.4 20.6 -17.3 
-0.0 -0.1 0.1 53.1 -161.9 108.6 3.7 -2.7 -46.9 44.4 -12.7 15.7 -82.4 82.2 -17.7 14.3 15.5 -12.2 

0.0 -2.5 3.5 0.0 0.0 0.0 0.0 0.0 0.0 0.0 0.0 0.0 0.0 0.0 0.0 0.0 0.0 0.0 
0.0 0.0 0.0 0.8 0.6 -0.4 0.0 0.0 0.0 0.0 0.0 0.0 0.0 0.0 0.0 0.0 0.0 0.0 
0.0 0.0 0.0 1.3 0.1 -0.4 0.0 0.0 0.0 0.0 0.0 0.0 0.0 0.0 0.0 0.0 0.0 0.0 
0.0 0.0 0.0 -0.1 0.4 -0.3 0.9 0.1 0.0 0.0 0.0 0.0 0.0 0.0 0.0 0.0 0.0 0.0 
0.0 0.0 0.0 -0.3 1.0 -0.7 0.7 0.3 0.0 0.0 0.0 0.0 0.0 0.0 0.0 0.0 0.0 0.0 
0.0 0.0 0.0 0.1 -0.2 0.1 0.5 0.5 0.0 0.0 0.0 0.0 0.0 0.0 0.0 0.0 0.0 0.0 
0.0 0.0 0.0 -0.5 1.5 -1.0 0.0 0.0 6.3 -5.3 0.0 0.0 0.0 0.0 0.0 0.0 0.0 0.0 
0.0 0.0 0.0 -0.6 1.9 -1.3 0.0 0.0 4.1 -3.1 0.0 0.0 0.0 0.0 0.0 0.0 0.0 0.0 
0.0 0.0 0.0 -0.0 0.1 -0.1 0.0 0.0 0.0 0.0 0.6 0.4 0.0 0.0 0.0 0.0 0.0 0.0 
0.0 0.0 0.0 -0.1 0.3 -0.2 0.0 0.0 0.0 0.0 0.8 0.2 0.0 0.0 0.0 0.0 0.0 0.0 
0.0 0.0 0.0 -0.6 1.9 -1.3 0.0 0.0 0.0 0.0 0.0 0.0 0.8 0.2 0.0 0.0 0.0 0.0 
0.0 0.0 0.0 -2.8 8.3 -5.5 0.0 0.0 0.0 0.0 0.0 0.0 4.8 -3.8 0.0 0.0 0.0 0.0 
0.0 0.0 0.0 0.6 -1.8 1.2 0.0 0.0 0.0 0.0 0.0 0.0 0.0 0.0 0.3 0.7 0.0 0.0 
0.0 0.0 0.0 -0.3 0.9 -0.6 0.0 0.0 0.0 0.0 0.0 0.0 0.0 0.0 0.6 0.4 0.0 0.0 
0.0 0.0 0.0 1.6 -4.7 3.1 0.0 0.0 0.0 0.0 0.0 0.0 0.0 0.0 0.0 0.0 -1.1 2.1 
0.0 0.0 0.0 4.8 -14.4 9.6 0.0 0.0 0.0 0.0 0.0 0.0 0.0 0.0 0.0 0.0 -6.0 7.0 
-0.0 -0.1 0.1 59.4 -181.0 121.4 4.1 -3.0 -53.5 50.5 -14.4 18.2 -98.4 97.4 -21.3 18.3 25.2 -22.0 
-0.0 -0.1 0.1 55.7 -169.9 114.0 3.9 -2.9 -50.0 47.3 -13.5 16.9 -90.0 89.4 -19.4 16.2 20.1 -16.8 

0.0 -2.0 3.0 0.0 0.0 0.0 0.0 0.0 0.0 0.0 0.0 0.0 0.0 0.0 0.0 0.0 0.0 0.0 
0.0 0.0 0.0 0.4 0.8 -0.2 0.0 0.0 0.0 0.0 0.0 0.0 0.0 0.0 0.0 0.0 0.0 0.0 
0.0 0.0 0.0 0.9 0.3 -0.2 0.0 0.0 0.0 0.0 0.0 0.0 0.0 0.0 0.0 0.0 0.0 0.0 
0.0 0.0 0.0 -0.1 0.3 -0.2 0.7 0.3 0.0 0.0 0.0 0.0 0.0 0.0 0.0 0.0 0.0 0.0 
0.0 0.0 0.0 -0.3 0.8 -0.5 0.5 0.5 0.0 0.0 0.0 0.0 0.0 0.0 0.0 0.0 0.0 0.0 
0.0 0.0 0.0 0.1 -0.4 0.3 0.3 0.7 0.0 0.0 0.0 0.0 0.0 0.0 0.0 0.0 0.0 0.0 
0.0 0.0 0.0 -0.4 1.2 -0.8 0.0 0.0 5.7 -4.7 0.0 0.0 0.0 0.0 0.0 0.0 0.0 0.0 
0.0 0.0 0.0 -0.6 1.7 -1.1 0.0 0.0 3.6 -2.6 0.0 0.0 0.0 0.0 0.0 0.0 0.0 0.0 
0.0 0.0 0.0 0.0 -0.1 0.1 0.0 0.0 0.0 0.0 0.7 0.3 0.0 0.0 0.0 0.0 0.0 0.0 
0.0 0.0 0.0 -0.0 0.0 -0.0 0.0 0.0 0.0 0.0 0.9 0.1 0.0 0.0 0.0 0.0 0.0 0.0 
0.0 0.0 0.0 -0.3 0.9 -0.6 0.0 0.0 0.0 0.0 0.0 0.0 0.4 0.6 0.0 0.0 0.0 0.0 
0.0 0.0 0.0 -2.4 7.2 -4.8 0.0 0.0 0.0 0.0 0.0 0.0 4.3 -3.3 0.0 0.0 0.0 0.0 
0.0 0.0 0.0 0.5 -1.6 1.1 0.0 0.0 0.0 0.0 0.0 0.0 0.0 0.0 0.5 0.5 0.0 0.0 
0.0 0.0 0.0 -0.4 1.1 -0.7 0.0 0.0 0.0 0.0 0.0 0.0 0.0 0.0 0.8 0.2 0.0 0.0 
0.0 0.0 0.0 1.0 -2.9 2.0 0.0 0.0 0.0 0.0 0.0 0.0 0.0 0.0 0.0 0.0 -0.3 1.3 
0.0 0.0 0.0 4.2 -12.7 8.4 0.0 0.0 0.0 0.0 0.0 0.0 0.0 0.0 0.0 0.0 -5.2 6.2 
-0.0 -0.1 0.1 62.0 -189.1 126.9 4.4 -3.2 -56.6 53.4 -15.2 19.4 -106.0 104.6 -22.9 20.2 29.7 -26.6 
-0.0 -0.1 0.1 58.4 -178.0 119.4 4.1 -3.0 -53.2 50.2 -14.3 18.1 -97.6 96.6 -21.1 18.1 24.7 -21.5 

0.0 -1.5 2.5 0.0 0.0 0.0 0.0 0.0 0.0 0.0 0.0 0.0 0.0 0.0 0.0 0.0 0.0 0.0 
0.0 0.0 0.0 0.0 1.0 0.0 0.0 0.0 0.0 0.0 0.0 0.0 0.0 0.0 0.0 0.0 0.0 0.0 
0.0 0.0 0.0 0.5 0.5 0.0 0.0 0.0 0.0 0.0 0.0 0.0 0.0 0.0 0.0 0.0 0.0 0.0 
0.0 0.0 0.0 -0.0 0.1 -0.1 0.5 0.5 0.0 0.0 0.0 0.0 0.0 0.0 0.0 0.0 0.0 0.0 
0.0 0.0 0.0 -0.2 0.6 -0.4 0.3 0.7 0.0 0.0 0.0 0.0 0.0 0.0 0.0 0.0 0.0 0.0 
0.0 0.0 0.0 0.2 -0.6 0.4 0.1 0.9 0.0 0.0 0.0 0.0 0.0 0.0 0.0 0.0 0.0 0.0 
0.0 0.0 0.0 -0.3 1.0 -0.7 0.0 0.0 5.1 -4.1 0.0 0.0 0.0 0.0 0.0 0.0 0.0 0.0 
0.0 0.0 0.0 -0.5 1.5 -1.0 0.0 0.0 3.0 -2.0 0.0 0.0 0.0 0.0 0.0 0.0 0.0 0.0 
0.0 0.0 0.0 0.1 -0.4 0.2 0.0 0.0 0.0 0.0 0.8 0.2 0.0 0.0 0.0 0.0 0.0 0.0 
0.0 0.0 0.0 0.1 -0.2 0.1 0.0 0.0 0.0 0.0 1.0 0.0 0.0 0.0 0.0 0.0 0.0 0.0 
0.0 0.0 0.0 0.1 -0.2 0.2 0.0 0.0 0.0 0.0 0.0 0.0 -0.1 1.1 0.0 0.0 0.0 0.0 
0.0 0.0 0.0 -2.0 6.1 -4.1 0.0 0.0 0.0 0.0 0.0 0.0 3.8 -2.8 0.0 0.0 0.0 0.0 
0.0 0.0 0.0 0.5 -1.5 1.0 0.0 0.0 0.0 0.0 0.0 0.0 0.0 0.0 0.6 0.4 0.0 0.0 
0.0 0.0 0.0 -0.4 1.3 -0.9 0.0 0.0 0.0 0.0 0.0 0.0 0.0 0.0 0.9 0.1 0.0 0.0 
0.0 0.0 0.0 0.4 -1.2 0.8 0.0 0.0 0.0 0.0 0.0 0.0 0.0 0.0 0.0 0.0 0.5 0.5 
0.0 0.0 0.0 3.6 -10.9 7.3 0.0 0.0 0.0 0.0 0.0 0.0 0.0 0.0 0.0 0.0 -4.4 5.4 
-0.0 -0.1 0.1 64.7 -197.2 132.3 4.6 -3.3 -59.7 56.4 -16.0 20.6 -113.6 111.8 -24.6 22.1 34.3 -31.2 
-0.0 -0.1 0.1 61.0 -186.1 124.8 4.3 -3.2 -56.3 53.1 -15.1 19.3 -105.2 103.8 -22.7 20.0 29.2 -26.1 

0.0 -1.0 2.0 0.0 0.0 0.0 0.0 0.0 0.0 0.0 0.0 0.0 0.0 0.0 0.0 0.0 0.0 0.0 
0.0 0.0 0.0 -0.4 1.2 0.2 0.0 0.0 0.0 0.0 0.0 0.0 0.0 0.0 0.0 0.0 0.0 0.0 
0.0 0.0 0.0 0.1 0.7 0.2 0.0 0.0 0.0 0.0 0.0 0.0 0.0 0.0 0.0 0.0 0.0 0.0 
0.0 0.0 0.0 0.0 -0.1 0.1 0.3 0.7 0.0 0.0 0.0 0.0 0.0 0.0 0.0 0.0 0.0 0.0 
0.0 0.0 0.0 -0.2 0.5 -0.3 0.1 0.9 0.0 0.0 0.0 0.0 0.0 0.0 0.0 0.0 0.0 0.0 
0.0 0.0 0.0 0.3 -0.8 0.5 -0.1 1.1 0.0 0.0 0.0 0.0 0.0 0.0 0.0 0.0 0.0 0.0 
0.0 0.0 0.0 -0.3 0.8 -0.5 0.0 0.0 4.6 -3.6 0.0 0.0 0.0 0.0 0.0 0.0 0.0 0.0 
0.0 0.0 0.0 -0.4 1.3 -0.9 0.0 0.0 2.4 -1.4 0.0 0.0 0.0 0.0 0.0 0.0 0.0 0.0 
0.0 0.0 0.0 0.2 -0.6 0.4 0.0 0.0 0.0 0.0 0.9 0.1 0.0 0.0 0.0 0.0 0.0 0.0 
0.0 0.0 0.0 0.1 -0.4 0.3 0.0 0.0 0.0 0.0 1.1 -0.1 0.0 0.0 0.0 0.0 0.0 0.0 
0.0 0.0 0.0 0.4 -1.3 0.9 0.0 0.0 0.0 0.0 0.0 0.0 -0.5 1.5 0.0 0.0 0.0 0.0 
0.0 0.0 0.0 -1.7 5.1 -3.4 0.0 0.0 0.0 0.0 0.0 0.0 3.4 -2.4 0.0 0.0 0.0 0.0 
0.0 0.0 0.0 0.4 -1.3 0.9 0.0 0.0 0.0 0.0 0.0 0.0 0.0 0.0 0.8 0.2 0.0 0.0 
0.0 0.0 0.0 -0.5 1.5 -1.0 0.0 0.0 0.0 0.0 0.0 0.0 0.0 0.0 1.0 -0.0 0.0 0.0 
0.0 0.0 0.0 -0.2 0.5 -0.4 0.0 0.0 0.0 0.0 0.0 0.0 0.0 0.0 0.0 0.0 1.3 -0.3 
0.0 0.0 0.0 3.1 -9.2 6.1 0.0 0.0 0.0 0.0 0.0 0.0 0.0 0.0 0.0 0.0 -3.6 4.6 
-0.0 -0.1 0.1 67.3 -205.3 137.7 4.8 -3.5 -62.9 59.3 -16.8 21.8 -121.2 119.0 -26.3 24.0 38.9 -35.8 
-0.0 -0.1 0.1 63.7 -194.2 130.3 4.5 -3.3 -59.4 56.0 -15.9 20.5 -112.8 111.0 -24.4 21.9 33.8 -30.7 

0.0 -0.5 1.5 0.0 0.0 0.0 0.0 0.0 0.0 0.0 0.0 0.0 0.0 0.0 0.0 0.0 0.0 0.0 
0.0 0.0 0.0 -0.8 1.4 0.4 0.0 0.0 0.0 0.0 0.0 0.0 0.0 0.0 0.0 0.0 0.0 0.0 
0.0 0.0 0.0 -0.3 0.9 0.4 0.0 0.0 0.0 0.0 0.0 0.0 0.0 0.0 0.0 0.0 0.0 0.0 
0.0 0.0 0.0 0.1 -0.3 0.2 0.1 0.9 0.0 0.0 0.0 0.0 0.0 0.0 0.0 0.0 0.0 0.0 
0.0 0.0 0.0 -0.1 0.3 -0.2 -0.1 1.1 0.0 0.0 0.0 0.0 0.0 0.0 0.0 0.0 0.0 0.0 
0.0 0.0 0.0 0.3 -0.9 0.6 -0.3 1.3 0.0 0.0 0.0 0.0 0.0 0.0 0.0 0.0 0.0 0.0 
0.0 0.0 0.0 -0.2 0.6 -0.4 0.0 0.0 4.0 -3.0 0.0 0.0 0.0 0.0 0.0 0.0 0.0 0.0 
0.0 0.0 0.0 -0.4 1.1 -0.7 0.0 0.0 1.9 -0.9 0.0 0.0 0.0 0.0 0.0 0.0 0.0 0.0 
0.0 0.0 0.0 0.3 -0.8 0.5 0.0 0.0 0.0 0.0 1.0 -0.0 0.0 0.0 0.0 0.0 0.0 0.0 
0.0 0.0 0.0 0.2 -0.7 0.4 0.0 0.0 0.0 0.0 1.2 -0.2 0.0 0.0 0.0 0.0 0.0 0.0 
0.0 0.0 0.0 0.8 -2.4 1.6 0.0 0.0 0.0 0.0 0.0 0.0 -1.0 2.0 0.0 0.0 0.0 0.0 
0.0 0.0 0.0 -1.3 4.0 -2.6 0.0 0.0 0.0 0.0 0.0 0.0 2.9 -1.9 0.0 0.0 0.0 0.0 
0.0 0.0 0.0 0.4 -1.1 0.8 0.0 0.0 0.0 0.0 0.0 0.0 0.0 0.0 0.9 0.1 0.0 0.0 
0.0 0.0 0.0 -0.5 1.6 -1.1 0.0 0.0 0.0 0.0 0.0 0.0 0.0 0.0 1.2 -0.2 0.0 0.0 
0.0 0.0 0.0 -0.8 2.3 -1.5 0.0 0.0 0.0 0.0 0.0 0.0 0.0 0.0 0.0 0.0 2.1 -1.1 
0.0 0.0 0.0 2.5 -7.4 5.0 0.0 0.0 0.0 0.0 0.0 0.0 0.0 0.0 0.0 0.0 -2.8 3.8 
-0.0 -0.1 0.1 70.0 -213.3 143.1 5.0 -3.6 -66.0 62.2 -17.7 23.0 -128.8 126.2 -28.0 26.0 43.4 -40.5 
-0.0 -0.1 0.1 66.3 -202.2 135.7 4.8 -3.5 -62.5 58.9 -16.8 21.7 -120.4 118.2 -26.1 23.8 38.4 -35.3 

0.0 0.0 1.0 0.0 0.0 0.0 0.0 0.0 0.0 0.0 0.0 0.0 0.0 0.0 0.0 0.0 0.0 0.0 
0.0 0.0 0.0 -1.2 1.6 0.6 0.0 0.0 0.0 0.0 0.0 0.0 0.0 0.0 0.0 0.0 0.0 0.0 
0.0 0.0 0.0 -0.7 1.1 0.6 0.0 0.0 0.0 0.0 0.0 0.0 0.0 0.0 0.0 0.0 0.0 0.0 
0.0 0.0 0.0 0.2 -0.5 0.3 -0.1 1.1 0.0 0.0 0.0 0.0 0.0 0.0 0.0 0.0 0.0 0.0 
0.0 0.0 0.0 -0.0 0.1 -0.1 -0.3 1.3 0.0 0.0 0.0 0.0 0.0 0.0 0.0 0.0 0.0 0.0 
0.0 0.0 0.0 0.4 -1.1 0.7 -0.5 1.5 0.0 0.0 0.0 0.0 0.0 0.0 0.0 0.0 0.0 0.0 
0.0 0.0 0.0 -0.1 0.4 -0.3 0.0 0.0 3.4 -2.4 0.0 0.0 0.0 0.0 0.0 0.0 0.0 0.0 
0.0 0.0 0.0 -0.3 0.9 -0.6 0.0 0.0 1.3 -0.3 0.0 0.0 0.0 0.0 0.0 0.0 0.0 0.0 
0.0 0.0 0.0 0.3 -1.0 0.7 0.0 0.0 0.0 0.0 1.1 -0.1 0.0 0.0 0.0 0.0 0.0 0.0 
0.0 0.0 0.0 0.3 -0.9 0.6 0.0 0.0 0.0 0.0 1.3 -0.3 0.0 0.0 0.0 0.0 0.0 0.0 
0.0 0.0 0.0 1.2 -3.5 2.3 0.0 0.0 0.0 0.0 0.0 0.0 -1.5 2.5 0.0 0.0 0.0 0.0 
0.0 0.0 0.0 -1.0 2.9 -1.9 0.0 0.0 0.0 0.0 0.0 0.0 2.5 -1.5 0.0 0.0 0.0 0.0 
0.0 0.0 0.0 0.3 -1.0 0.6 0.0 0.0 0.0 0.0 0.0 0.0 0.0 0.0 1.1 -0.1 0.0 0.0 
0.0 0.0 0.0 -0.6 1.8 -1.2 0.0 0.0 0.0 0.0 0.0 0.0 0.0 0.0 1.3 -0.3 0.0 0.0 
0.0 0.0 0.0 -1.3 4.0 -2.7 0.0 0.0 0.0 0.0 0.0 0.0 0.0 0.0 0.0 0.0 2.9 -1.9 
0.0 0.0 0.0 1.9 -5.7 3.8 0.0 0.0 0.0 0.0 0.0 0.0 0.0 0.0 0.0 0.0 -2.0 3.0 
-0.0 -0.1 0.1 72.6 -221.4 148.5 5.2 -3.8 -69.1 65.1 -18.5 24.2 -136.4 133.3 -29.7 27.9 48.0 -45.1 
-0.0 -0.1 0.1 69.0 -210.3 141.1 5.0 -3.6 -65.6 61.9 -17.6 22.9 -128.0 125.4 -27.8 25.7 42.9 -39.9 

0.0 0.5 0.5 0.0 0.0 0.0 0.0 0.0 0.0 0.0 0.0 0.0 0.0 0.0 0.0 0.0 0.0 0.0 
0.0 0.0 0.0 -1.6 1.8 0.8 0.0 0.0 0.0 0.0 0.0 0.0 0.0 0.0 0.0 0.0 0.0 0.0 
0.0 0.0 0.0 -1.1 1.3 0.8 0.0 0.0 0.0 0.0 0.0 0.0 0.0 0.0 0.0 0.0 0.0 0.0 
0.0 0.0 0.0 0.2 -0.6 0.4 -0.3 1.3 0.0 0.0 0.0 0.0 0.0 0.0 0.0 0.0 0.0 0.0 
0.0 0.0 0.0 0.0 -0.1 0.1 -0.5 1.5 0.0 0.0 0.0 0.0 0.0 0.0 0.0 0.0 0.0 0.0 
0.0 0.0 0.0 0.4 -1.3 0.9 -0.7 1.7 0.0 0.0 0.0 0.0 0.0 0.0 0.0 0.0 0.0 0.0 
0.0 0.0 0.0 -0.1 0.2 -0.1 0.0 0.0 2.9 -1.9 0.0 0.0 0.0 0.0 0.0 0.0 0.0 0.0 
0.0 0.0 0.0 -0.2 0.6 -0.4 0.0 0.0 0.7 0.3 0.0 0.0 0.0 0.0 0.0 0.0 0.0 0.0 
0.0 0.0 0.0 0.4 -1.3 0.8 0.0 0.0 0.0 0.0 1.2 -0.2 0.0 0.0 0.0 0.0 0.0 0.0 
0.0 0.0 0.0 0.4 -1.1 0.7 0.0 0.0 0.0 0.0 1.4 -0.4 0.0 0.0 0.0 0.0 0.0 0.0 
0.0 0.0 0.0 1.5 -4.6 3.0 0.0 0.0 0.0 0.0 0.0 0.0 -1.9 2.9 0.0 0.0 0.0 0.0 
0.0 0.0 0.0 -0.6 1.8 -1.2 0.0 0.0 0.0 0.0 0.0 0.0 2.0 -1.0 0.0 0.0 0.0 0.0 
0.0 0.0 0.0 0.3 -0.8 0.5 0.0 0.0 0.0 0.0 0.0 0.0 0.0 0.0 1.2 -0.2 0.0 0.0 
0.0 0.0 0.0 -0.7 2.0 -1.3 0.0 0.0 0.0 0.0 0.0 0.0 0.0 0.0 1.5 -0.5 0.0 0.0 
0.0 0.0 0.0 -1.9 5.8 -3.8 0.0 0.0 0.0 0.0 0.0 0.0 0.0 0.0 0.0 0.0 3.7 -2.7 
0.0 0.0 0.0 1.3 -4.0 2.6 0.0 0.0 0.0 0.0 0.0 0.0 0.0 0.0 0.0 0.0 -1.2 2.2 
-0.0 -0.1 0.1 75.2 -229.5 153.9 5.4 -3.9 -72.2 68.0 -19.3 25.4 -144.0 140.5 -31.3 29.8 52.6 -49.7 
-0.0 -0.1 0.1 71.6 -218.4 146.5 5.2 -3.8 -68.7 64.8 -18.4 24.1 -135.6 132.5 -29.5 27.7 47.5 -44.6 

0.0 1.0 0.0 0.0 0.0 0.0 0.0 0.0 0.0 0.0 0.0 0.0 0.0 0.0 0.0 0.0 0.0 0.0 
0.0 0.0 0.0 -2.0 2.0 1.0 0.0 0.0 0.0 0.0 0.0 0.0 0.0 0.0 0.0 0.0 0.0 0.0 
0.0 0.0 0.0 -1.5 1.5 1.0 0.0 0.0 0.0 0.0 0.0 0.0 0.0 0.0 0.0 0.0 0.0 0.0 
0.0 0.0 0.0 0.3 -0.8 0.5 -0.5 1.5 0.0 0.0 0.0 0.0 0.0 0.0 0.0 0.0 0.0 0.0 
0.0 0.0 0.0 0.1 -0.3 0.2 -0.7 1.7 0.0 0.0 0.0 0.0 0.0 0.0 0.0 0.0 0.0 0.0 
0.0 0.0 0.0 0.5 -1.5 1.0 -0.9 1.9 0.0 0.0 0.0 0.0 0.0 0.0 0.0 0.0 0.0 0.0 
0.0 0.0 0.0 0.0 -0.0 0.0 0.0 0.0 2.3 -1.3 0.0 0.0 0.0 0.0 0.0 0.0 0.0 0.0 
0.0 0.0 0.0 -0.1 0.4 -0.3 0.0 0.0 0.1 0.9 0.0 0.0 0.0 0.0 0.0 0.0 0.0 0.0 
0.0 0.0 0.0 0.5 -1.5 1.0 0.0 0.0 0.0 0.0 1.3 -0.3 0.0 0.0 0.0 0.0 0.0 0.0 
0.0 0.0 0.0 0.4 -1.3 0.9 0.0 0.0 0.0 0.0 1.5 -0.5 0.0 0.0 0.0 0.0 0.0 0.0 
0.0 0.0 0.0 1.9 -5.7 3.8 0.0 0.0 0.0 0.0 0.0 0.0 -2.4 3.4 0.0 0.0 0.0 0.0 
0.0 0.0 0.0 -0.2 0.7 -0.5 0.0 0.0 0.0 0.0 0.0 0.0 1.5 -0.5 0.0 0.0 0.0 0.0 
0.0 0.0 0.0 0.2 -0.6 0.4 0.0 0.0 0.0 0.0 0.0 0.0 0.0 0.0 1.3 -0.3 0.0 0.0 
0.0 0.0 0.0 -0.7 2.1 -1.4 0.0 0.0 0.0 0.0 0.0 0.0 0.0 0.0 1.6 -0.6 0.0 0.0 
0.0 0.0 0.0 -2.5 7.5 -5.0 0.0 0.0 0.0 0.0 0.0 0.0 0.0 0.0 0.0 0.0 4.5 -3.5 
0.0 0.0 0.0 0.7 -2.2 1.5 0.0 0.0 0.0 0.0 0.0 0.0 0.0 0.0 0.0 0.0 -0.4 1.4 
-0.0 -0.1 0.1 77.9 -237.5 159.4 5.6 -4.1 -75.3 70.9 -20.1 26.6 -151.6 147.7 -33.0 31.7 57.1 -54.3 
-0.0 -0.1 0.1 74.2 -226.4 151.9 5.4 -3.9 -71.9 67.7 -19.2 25.3 -143.2 139.7 -31.1 29.6 52.1 -49.2 

1.0
0.0
0.0
2.5
4.5
0.5
3.0
6.0
6.3
7.5
11.8
4.0
7.2
15.0
13.0
17.0
16.0
23.3
