0.0 2.7 -1.7 0.0 0.0 0.0 0.0 0.0 0.0 0.0 0.0 0.0 0.0 0.0 0.0 0.0 0.0 0.0 0.0 0.0 0.0 0.0 
0.0 0.0 0.0 -9.7 7.3 3.3 0.0 0.0 0.0 0.0 0.0 0.0 0.0 0.0 0.0 0.0 0.0 0.0 0.0 0.0 0.0 0.0 
0.0 0.0 0.0 -14.7 11.3 4.3 0.0 0.0 0.0 0.0 0.0 0.0 0.0 0.0 0.0 0.0 0.0 0.0 0.0 0.0 0.0 0.0 
0.0 0.0 0.0 9.6 -7.2 -2.4 1.3 -0.3 0.0 0.0 0.0 0.0 0.0 0.0 0.0 0.0 0.0 0.0 0.0 0.0 0.0 0.0 
0.0 0.0 0.0 6.4 -4.8 -1.6 1.1 -0.1 0.0 0.0 0.0 0.0 0.0 0.0 0.0 0.0 0.0 0.0 0.0 0.0 0.0 0.0 
0.0 0.0 0.0 15.2 -11.4 -3.8 1.9 -0.9 0.0 0.0 0.0 0.0 0.0 0.0 0.0 0.0 0.0 0.0 0.0 0.0 0.0 0.0 
0.0 0.0 0.0 -21.1 15.8 5.3 0.0 0.0 1.3 -0.3 0.0 0.0 0.0 0.0 0.0 0.0 0.0 0.0 0.0 0.0 0.0 0.0 
0.0 0.0 0.0 -21.8 16.3 5.4 0.0 0.0 0.9 0.1 0.0 0.0 0.0 0.0 0.0 0.0 0.0 0.0 0.0 0.0 0.0 0.0 
0.0 0.0 0.0 4.0 -3.0 -1.0 0.0 0.0 0.0 0.0 -4.3 5.3 0.0 0.0 0.0 0.0 0.0 0.0 0.0 0.0 0.0 0.0 
0.0 0.0 0.0 -16.0 12.0 4.0 0.0 0.0 0.0 0.0 -1.3 2.3 0.0 0.0 0.0 0.0 0.0 0.0 0.0 0.0 0.0 0.0 
0.0 0.0 0.0 -4.0 3.0 1.0 0.0 0.0 0.0 0.0 0.0 0.0 0.8 0.2 0.0 0.0 0.0 0.0 0.0 0.0 0.0 0.0 
0.0 0.0 0.0 8.0 -6.0 -2.0 0.0 0.0 0.0 0.0 0.0 0.0 1.4 -0.4 0.0 0.0 0.0 0.0 0.0 0.0 0.0 0.0 
0.0 0.0 0.0 -9.0 6.8 2.3 0.0 0.0 0.0 0.0 0.0 0.0 0.0 0.0 1.6 -0.6 0.0 0.0 0.0 0.0 0.0 0.0 
0.0 0.0 0.0 2.0 -1.5 -0.5 0.0 0.0 0.0 0.0 0.0 0.0 0.0 0.0 0.9 0.1 0.0 0.0 0.0 0.0 0.0 0.0 
0.0 0.0 0.0 -1.5 1.1 0.4 0.0 0.0 0.0 0.0 0.0 0.0 0.0 0.0 0.0 0.0 0.1 0.9 0.0 0.0 0.0 0.0 
0.0 0.0 0.0 23.3 -17.5 -5.8 0.0 0.0 0.0 0.0 0.0 0.0 0.0 0.0 0.0 0.0 1.5 -0.5 0.0 0.0 0.0 0.0 
0.0 0.0 0.0 -17.3 13.0 4.3 0.0 0.0 0.0 0.0 0.0 0.0 0.0 0.0 0.0 0.0 0.0 0.0 -1.9 2.9 0.0 0.0 
0.0 0.0 0.0 -4.0 3.0 1.0 0.0 0.0 0.0 0.0 0.0 0.0 0.0 0.0 0.0 0.0 0.0 0.0 -2.3 3.3 0.0 0.0 
0.0 0.0 0.0 -66.0 49.5 16.5 0.0 0.0 0.0 0.0 0.0 0.0 0.0 0.0 0.0 0.0 0.0 0.0 0.0 0.0 2.2 -1.2 
0.0 0.0 0.0 -2.0 1.5 0.5 0.0 0.0 0.0 0.0 0.0 0.0 0.0 0.0 0.0 0.0 0.0 0.0 0.0 0.0 0.2 0.8 
-0.0 0.0 -0.0 777.2 -582.9 -194.4 1.1 -0.8 -4.2 2.8 -53.7 57.4 -79.6 74.4 88.6 -86.4 136.5 -132.3 -19.1 12.1 10.1 -5.8 
-0.0 0.0 -0.0 732.6 -549.5 -183.2 0.9 -0.7 -3.7 2.5 -45.7 48.7 -66.4 62.7 71.8 -71.4 112.0 -106.4 -11.2 3.4 4.1 0.3 

0.0 2.3 -1.3 0.0 0.0 0.0 0.0 0.0 0.0 0.0 0.0 0.0 0.0 0.0 0.0 0.0 0.0 0.0 0.0 0.0 0.0 0.0 
0.0 0.0 0.0 -9.0 7.0 3.0 0.0 0.0 0.0 0.0 0.0 0.0 0.0 0.0 0.0 0.0 0.0 0.0 0.0 0.0 0.0 0.0 
0.0 0.0 0.0 -14.0 11.0 4.0 0.0 0.0 0.0 0.0 0.0 0.0 0.0 0.0 0.0 0.0 0.0 0.0 0.0 0.0 0.0 0.0 
0.0 0.0 0.0 10.4 -7.8 -2.6 1.1 -0.1 0.0 0.0 0.0 0.0 0.0 0.0 0.0 0.0 0.0 0.0 0.0 0.0 0.0 0.0 
0.0 0.0 0.0 7.2 -5.4 -1.8 0.9 0.1 0.0 0.0 0.0 0.0 0.0 0.0 0.0 0.0 0.0 0.0 0.0 0.0 0.0 0.0 
0.0 0.0 0.0 16.0 -12.0 -4.0 1.7 -0.7 0.0 0.0 0.0 0.0 0.0 0.0 0.0 0.0 0.0 0.0 0.0 0.0 0.0 0.0 
0.0 0.0 0.0 -18.9 14.2 4.7 0.0 0.0 1.2 -0.2 0.0 0.0 0.0 0.0 0.0 0.0 0.0 0.0 0.0 0.0 0.0 0.0 
0.0 0.0 0.0 -19.6 14.7 4.9 0.0 0.0 0.8 0.2 0.0 0.0 0.0 0.0 0.0 0.0 0.0 0.0 0.0 0.0 0.0 0.0 
0.0 0.0 0.0 5.0 -3.8 -1.3 0.0 0.0 0.0 0.0 -3.9 4.9 0.0 0.0 0.0 0.0 0.0 0.0 0.0 0.0 0.0 0.0 
0.0 0.0 0.0 -15.0 11.3 3.8 0.0 0.0 0.0 0.0 -0.9 1.9 0.0 0.0 0.0 0.0 0.0 0.0 0.0 0.0 0.0 0.0 
0.0 0.0 0.0 -8.0 6.0 2.0 0.0 0.0 0.0 0.0 0.0 0.0 0.5 0.5 0.0 0.0 0.0 0.0 0.0 0.0 0.0 0.0 
0.0 0.0 0.0 4.0 -3.0 -1.0 0.0 0.0 0.0 0.0 0.0 0.0 1.1 -0.1 0.0 0.0 0.0 0.0 0.0 0.0 0.0 0.0 
0.0 0.0 0.0 -9.5 7.1 2.4 0.0 0.0 0.0 0.0 0.0 0.0 0.0 0.0 1.3 -0.3 0.0 0.0 0.0 0.0 0.0 0.0 
0.0 0.0 0.0 1.5 -1.1 -0.4 0.0 0.0 0.0 0.0 0.0 0.0 0.0 0.0 0.7 0.3 0.0 0.0 0.0 0.0 0.0 0.0 
0.0 0.0 0.0 4.7 -3.5 -1.2 0.0 0.0 0.0 0.0 0.0 0.0 0.0 0.0 0.0 0.0 0.5 0.5 0.0 0.0 0.0 0.0 
0.0 0.0 0.0 29.5 -22.1 -7.4 0.0 0.0 0.0 0.0 0.0 0.0 0.0 0.0 0.0 0.0 1.9 -0.9 0.0 0.0 0.0 0.0 
0.0 0.0 0.0 -15.3 11.5 3.8 0.0 0.0 0.0 0.0 0.0 0.0 0.0 0.0 0.0 0.0 0.0 0.0 -1.8 2.8 0.0 0.0 
0.0 0.0 0.0 -2.0 1.5 0.5 0.0 0.0 0.0 0.0 0.0 0.0 0.0 0.0 0.0 0.0 0.0 0.0 -2.1 3.1 0.0 0.0 
0.0 0.0 0.0 -74.0 55.5 18.5 0.0 0.0 0.0 0.0 0.0 0.0 0.0 0.0 0.0 0.0 0.0 0.0 0.0 0.0 2.5 -1.5 
0.0 0.0 0.0 -10.0 7.5 2.5 0.0 0.0 0.0 0.0 0.0 0.0 0.0 0.0 0.0 0.0 0.0 0.0 0.0 0.0 0.5 0.5 
-0.0 0.0 -0.0 785.1 -588.8 -196.4 1.1 -0.8 -4.5 3.0 -56.6 60.6 -84.5 78.8 94.8 -91.9 145.4 -141.8 -22.1 15.2 12.3 -8.0 
-0.0 0.0 -0.0 740.6 -555.4 -185.2 1.0 -0.7 -3.9 2.6 -48.6 51.9 -71.3 67.0 77.9 -76.9 121.0 -115.9 -14.1 6.6 6.3 -1.9 

0.0 2.0 -1.0 0.0 0.0 0.0 0.0 0.0 0.0 0.0 0.0 0.0 0.0 0.0 0.0 0.0 0.0 0.0 0.0 0.0 0.0 0.0 
0.0 0.0 0.0 -8.3 6.7 2.7 0.0 0.0 0.0 0.0 0.0 0.0 0.0 0.0 0.0 0.0 0.0 0.0 0.0 0.0 0.0 0.0 
0.0 0.0 0.0 -13.3 10.7 3.7 0.0 0.0 0.0 0.0 0.0 0.0 0.0 0.0 0.0 0.0 0.0 0.0 0.0 0.0 0.0 0.0 
0.0 0.0 0.0 11.2 -8.4 -2.8 0.9 0.1 0.0 0.0 0.0 0.0 0.0 0.0 0.0 0.0 0.0 0.0 0.0 0.0 0.0 0.0 
0.0 0.0 0.0 8.0 -6.0 -2.0 0.7 0.3 0.0 0.0 0.0 0.0 0.0 0.0 0.0 0.0 0.0 0.0 0.0 0.0 0.0 0.0 
0.0 0.0 0.0 16.8 -12.6 -4.2 1.5 -0.5 0.0 0.0 0.0 0.0 0.0 0.0 0.0 0.0 0.0 0.0 0.0 0.0 0.0 0.0 
0.0 0.0 0.0 -16.7 12.5 4.2 0.0 0.0 1.1 -0.1 0.0 0.0 0.0 0.0 0.0 0.0 0.0 0.0 0.0 0.0 0.0 0.0 
0.0 0.0 0.0 -17.3 13.0 4.3 0.0 0.0 0.7 0.3 0.0 0.0 0.0 0.0 0.0 0.0 0.0 0.0 0.0 0.0 0.0 0.0 
0.0 0.0 0.0 6.0 -4.5 -1.5 0.0 0.0 0.0 0.0 -3.5 4.5 0.0 0.0 0.0 0.0 0.0 0.0 0.0 0.0 0.0 0.0 
0.0 0.0 0.0 -14.0 10.5 3.5 0.0 0.0 0.0 0.0 -0.5 1.5 0.0 0.0 0.0 0.0 0.0 0.0 0.0 0.0 0.0 0.0 
0.0 0.0 0.0 -12.0 9.0 3.0 0.0 0.0 0.0 0.0 0.0 0.0 0.3 0.7 0.0 0.0 0.0 0.0 0.0 0.0 0.0 0.0 
0.0 0.0 0.0 0.0 0.0 0.0 0.0 0.0 0.0 0.0 0.0 0.0 0.8 0.2 0.0 0.0 0.0 0.0 0.0 0.0 0.0 0.0 
0.0 0.0 0.0 -10.0 7.5 2.5 0.0 0.0 0.0 0.0 0.0 0.0 0.0 0.0 1.1 -0.1 0.0 0.0 0.0 0.0 0.0 0.0 
0.0 0.0 0.0 1.0 -0.8 -0.3 0.0 0.0 0.0 0.0 0.0 0.0 0.0 0.0 0.4 0.6 0.0 0.0 0.0 0.0 0.0 0.0 
0.0 0.0 0.0 10.9 -8.2 -2.7 0.0 0.0 0.0 0.0 0.0 0.0 0.0 0.0 0.0 0.0 0.8 0.2 0.0 0.0 0.0 0.0 
0.0 0.0 0.0 35.6 -26.7 -8.9 0.0 0.0 0.0 0.0 0.0 0.0 0.0 0.0 0.0 0.0 2.3 -1.3 0.0 0.0 0.0 0.0 
0.0 0.0 0.0 -13.3 10.0 3.3 0.0 0.0 0.0 0.0 0.0 0.0 0.0 0.0 0.0 0.0 0.0 0.0 -1.6 2.6 0.0 0.0 
0.0 0.0 0.0 0.0 0.0 0.0 0.0 0.0 0.0 0.0 0.0 0.0 0.0 0.0 0.0 0.0 0.0 0.0 -2.0 3.0 0.0 0.0 
0.0 0.0 0.0 -82.0 61.5 20.5 0.0 0.0 0.0 0.0 0.0 0.0 0.0 0.0 0.0 0.0 0.0 0.0 0.0 0.0 2.8 -1.8 
0.0 0.0 0.0 -18.0 13.5 4.5 0.0 0.0 0.0 0.0 0.0 0.0 0.0 0.0 0.0 0.0 0.0 0.0 0.0 0.0 0.8 0.2 
-0.0 0.0 -0.0 793.0 -594.7 -198.3 1.2 -0.8 -4.7 3.1 -59.5 63.8 -89.3 83.1 100.9 -97.4 154.4 -151.3 -25.0 18.4 14.5 -10.2 
-0.0 0.0 -0.0 748.5 -561.3 -187.2 1.0 -0.7 -4.1 2.7 -51.5 55.1 -76.1 71.3 84.1 -82.4 130.0 -125.4 -17.0 9.8 8.5 -4.1 

0.0 1.7 -0.7 0.0 0.0 0.0 0.0 0.0 0.0 0.0 0.0 0.0 0.0 0.0 0.0 0.0 0.0 0.0 0.0 0.0 0.0 0.0 
0.0 0.0 0.0 -7.7 6.3 2.3 0.0 0.0 0.0 0.0 0.0 0.0 0.0 0.0 0.0 0.0 0.0 0.0 0.0 0.0 0.0 0.0 
0.0 0.0 0.0 -12.7 10.3 3.3 0.0 0.0 0.0 0.0 0.0 0.0 0.0 0.0 0.0 0.0 0.0 0.0 0.0 0.0 0.0 0.0 
0.0 0.0 0.0 12.0 -9.0 -3.0 0.7 0.3 0.0 0.0 0.0 0.0 0.0 0.0 0.0 0.0 0.0 0.0 0.0 0.0 0.0 0.0 
0.0 0.0 0.0 8.8 -6.6 -2.2 0.5 0.5 0.0 0.0 0.0 0.0 0.0 0.0 0.0 0.0 0.0 0.0 0.0 0.0 0.0 0.0 
0.0 0.0 0.0 17.6 -13.2 -4.4 1.3 -0.3 0.0 0.0 0.0 0.0 0.0 0.0 0.0 0.0 0.0 0.0 0.0 0.0 0.0 0.0 
0.0 0.0 0.0 -14.4 10.8 3.6 0.0 0.0 1.0 0.0 0.0 0.0 0.0 0.0 0.0 0.0 0.0 0.0 0.0 0.0 0.0 0.0 
0.0 0.0 0.0 -15.1 11.3 3.8 0.0 0.0 0.6 0.4 0.0 0.0 0.0 0.0 0.0 0.0 0.0 0.0 0.0 0.0 0.0 0.0 
0.0 0.0 0.0 7.0 -5.3 -1.8 0.0 0.0 0.0 0.0 -3.1 4.1 0.0 0.0 0.0 0.0 0.0 0.0 0.0 0.0 0.0 0.0 
0.0 0.0 0.0 -13.0 9.8 3.3 0.0 0.0 0.0 0.0 -0.1 1.1 0.0 0.0 0.0 0.0 0.0 0.0 0.0 0.0 0.0 0.0 
0.0 0.0 0.0 -16.0 12.0 4.0 0.0 0.0 0.0 0.0 0.0 0.0 0.0 1.0 0.0 0.0 0.0 0.0 0.0 0.0 0.0 0.0 
0.0 0.0 0.0 -4.0 3.0 1.0 0.0 0.0 0.0 0.0 0.0 0.0 0.5 0.5 0.0 0.0 0.0 0.0 0.0 0.0 0.0 0.0 
0.0 0.0 0.0 -10.5 7.9 2.6 0.0 0.0 0.0 0.0 0.0 0.0 0.0 0.0 0.9 0.1 0.0 0.0 0.0 0.0 0.0 0.0 
0.0 0.0 0.0 0.5 -0.4 -0.1 0.0 0.0 0.0 0.0 0.0 0.0 0.0 0.0 0.2 0.8 0.0 0.0 0.0 0.0 0.0 0.0 
0.0 0.0 0.0 17.1 -12.8 -4.3 0.0 0.0 0.0 0.0 0.0 0.0 0.0 0.0 0.0 0.0 1.2 -0.2 0.0 0.0 0.0 0.0 
0.0 0.0 0.0 41.8 -31.4 -10.5 0.0 0.0 0.0 0.0 0.0 0.0 0.0 0.0 0.0 0.0 2.6 -1.6 0.0 0.0 0.0 0.0 
0.0 0.0 0.0 -11.3 8.5 2.8 0.0 0.0 0.0 0.0 0.0 0.0 0.0 0.0 0.0 0.0 0.0 0.0 -1.5 2.5 0.0 0.0 
0.0 0.0 0.0 2.0 -1.5 -0.5 0.0 0.0 0.0 0.0 0.0 0.0 0.0 0.0 0.0 0.0 0.0 0.0 -1.9 2.9 0.0 0.0 
0.0 0.0 0.0 -90.0 67.5 22.5 0.0 0.0 0.0 0.0 0.0 0.0 0.0 0.0 0.0 0.0 0.0 0.0 0.0 0.0 3.2 -2.2 
0.0 0.0 0.0 -26.0 19.5 6.5 0.0 0.0 0.0 0.0 0.0 0.0 0.0 0.0 0.0 0.0 0.0 0.0 0.0 0.0 1.2 -0.2 
-0.0 0.0 -0.0 801.0 -600.7 -200.3 1.2 -0.9 -4.9 3.2 -62.5 66.9 -94.2 87.4 107.1 -102.9 163.4 -160.8 -27.9 21.5 16.7 -12.5 
-0.0 0.0 -0.0 756.4 -567.3 -189.2 1.1 -0.8 -4.3 2.9 -54.5 58.3 -81.0 75.6 90.3 -87.9 138.9 -134.9 -19.9 12.9 10.7 -6.4 

0.0 1.3 -0.3 0.0 0.0 0.0 0.0 0.0 0.0 0.0 0.0 0.0 0.0 0.0 0.0 0.0 0.0 0.0 0.0 0.0 0.0 0.0 
0.0 0.0 0.0 -7.0 6.0 2.0 0.0 0.0 0.0 0.0 0.0 0.0 0.0 0.0 0.0 0.0 0.0 0.0 0.0 0.0 0.0 0.0 
0.0 0.0 0.0 -12.0 10.0 3.0 0.0 0.0 0.0 0.0 0.0 0.0 0.0 0.0 0.0 0.0 0.0 0.0 0.0 0.0 0.0 0.0 
0.0 0.0 0.0 12.8 -9.6 -3.2 0.5 0.5 0.0 0.0 0.0 0.0 0.0 0.0 0.0 0.0 0.0 0.0 0.0 0.0 0.0 0.0 
0.0 0.0 0.0 9.6 -7.2 -2.4 0.3 0.7 0.0 0.0 0.0 0.0 0.0 0.0 0.0 0.0 0.0 0.0 0.0 0.0 0.0 0.0 
0.0 0.0 0.0 18.4 -13.8 -4.6 1.1 -0.1 0.0 0.0 0.0 0.0 0.0 0.0 0.0 0.0 0.0 0.0 0.0 0.0 0.0 0.0 
0.0 0.0 0.0 -12.2 9.2 3.1 0.0 0.0 0.9 0.1 0.0 0.0 0.0 0.0 0.0 0.0 0.0 0.0 0.0 0.0 0.0 0.0 
0.0 0.0 0.0 -12.9 9.7 3.2 0.0 0.0 0.4 0.6 0.0 0.0 0.0 0.0 0.0 0.0 0.0 0.0 0.0 0.0 0.0 0.0 
0.0 0.0 0.0 8.0 -6.0 -2.0 0.0 0.0 0.0 0.0 -2.7 3.7 0.0 0.0 0.0 0.0 0.0 0.0 0.0 0.0 0.0 0.0 
0.0 0.0 0.0 -12.0 9.0 3.0 0.0 0.0 0.0 0.0 0.3 0.7 0.0 0.0 0.0 0.0 0.0 0.0 0.0 0.0 0.0 0.0 
0.0 0.0 0.0 -20.0 15.0 5.0 0.0 0.0 0.0 0.0 0.0 0.0 -0.3 1.3 0.0 0.0 0.0 0.0 0.0 0.0 0.0 0.0 
0.0 0.0 0.0 -8.0 6.0 2.0 0.0 0.0 0.0 0.0 0.0 0.0 0.3 0.7 0.0 0.0 0.0 0.0 0.0 0.0 0.0 0.0 
0.0 0.0 0.0 -11.0 8.3 2.8 0.0 0.0 0.0 0.0 0.0 0.0 0.0 0.0 0.7 0.3 0.0 0.0 0.0 0.0 0.0 0.0 
0.0 0.0 0.0 0.0 0.0 0.0 0.0 0.0 0.0 0.0 0.0 0.0 0.0 0.0 0.0 1.0 0.0 0.0 0.0 0.0 0.0 0.0 
0.0 0.0 0.0 23.3 -17.5 -5.8 0.0 0.0 0.0 0.0 0.0 0.0 0.0 0.0 0.0 0.0 1.5 -0.5 0.0 0.0 0.0 0.0 
0.0 0.0 0.0 48.0 -36.0 -12.0 0.0 0.0 0.0 0.0 0.0 0.0 0.0 0.0 0.0 0.0 3.0 -2.0 0.0 0.0 0.0 0.0 
0.0 0.0 0.0 -9.3 7.0 2.3 0.0 0.0 0.0 0.0 0.0 0.0 0.0 0.0 0.0 0.0 0.0 0.0 -1.3 2.3 0.0 0.0 
0.0 0.0 0.0 4.0 -3.0 -1.0 0.0 0.0 0.0 0.0 0.0 0.0 0.0 0.0 0.0 0.0 0.0 0.0 -1.7 2.7 0.0 0.0 
0.0 0.0 0.0 -98.0 73.5 24.5 0.0 0.0 0.0 0.0 0.0 0.0 0.0 0.0 0.0 0.0 0.0 0.0 0.0 0.0 3.5 -2.5 
0.0 0.0 0.0 -34.0 25.5 8.5 0.0 0.0 0.0 0.0 0.0 0.0 0.0 0.0 0.0 0.0 0.0 0.0 0.0 0.0 1.5 -0.5 
-0.0 0.0 -0.0 808.9 -606.6 -202.3 1.3 -0.9 -5.1 3.4 -65.4 70.1 -99.0 91.7 113.3 -108.4 172.3 -170.3 -30.8 24.7 18.9 -14.7 
-0.0 0.0 -0.0 764.4 -573.2 -191.2 1.1 -0.8 -4.5 3.0 -57.4 61.4 -85.8 79.9 96.5 -93.4 147.9 -144.4 -22.9 16.1 12.9 -8.6 

0.0 1.0 0.0 0.0 0.0 0.0 0.0 0.0 0.0 0.0 0.0 0.0 0.0 0.0 0.0 0.0 0.0 0.0 0.0 0.0 0.0 0.0 
0.0 0.0 0.0 -6.3 5.7 1.7 0.0 0.0 0.0 0.0 0.0 0.0 0.0 0.0 0.0 0.0 0.0 0.0 0.0 0.0 0.0 0.0 
0.0 0.0 0.0 -11.3 9.7 2.7 0.0 0.0 0.0 0.0 0.0 0.0 0.0 0.0 0.0 0.0 0.0 0.0 0.0 0.0 0.0 0.0 
0.0 0.0 0.0 13.6 -10.2 -3.4 0.3 0.7 0.0 0.0 0.0 0.0 0.0 0.0 0.0 0.0 0.0 0.0 0.0 0.0 0.0 0.0 
0.0 0.0 0.0 10.4 -7.8 -2.6 0.1 0.9 0.0 0.0 0.0 0.0 0.0 0.0 0.0 0.0 0.0 0.0 0.0 0.0 0.0 0.0 
0.0 0.0 0.0 19.2 -14.4 -4.8 0.9 0.1 0.0 0.0 0.0 0.0 0.0 0.0 0.0 0.0 0.0 0.0 0.0 0.0 0.0 0.0 
0.0 0.0 0.0 -10.0 7.5 2.5 0.0 0.0 0.8 0.3 0.0 0.0 0.0 0.0 0.0 0.0 0.0 0.0 0.0 0.0 0.0 0.0 
0.0 0.0 0.0 -10.7 8.0 2.7 0.0 0.0 0.3 0.7 0.0 0.0 0.0 0.0 0.0 0.0 0.0 0.0 0.0 0.0 0.0 0.0 
0.0 0.0 0.0 9.0 -6.8 -2.3 0.0 0.0 0.0 0.0 -2.3 3.3 0.0 0.0 0.0 0.0 0.0 0.0 0.0 0.0 0.0 0.0 
0.0 0.0 0.0 -11.0 8.3 2.8 0.0 0.0 0.0 0.0 0.8 0.3 0.0 0.0 0.0 0.0 0.0 0.0 0.0 0.0 0.0 0.0 
0.0 0.0 0.0 -24.0 18.0 6.0 0.0 0.0 0.0 0.0 0.0 0.0 -0.5 1.5 0.0 0.0 0.0 0.0 0.0 0.0 0.0 0.0 
0.0 0.0 0.0 -12.0 9.0 3.0 0.0 0.0 0.0 0.0 0.0 0.0 0.0 1.0 0.0 0.0 0.0 0.0 0.0 0.0 0.0 0.0 
0.0 0.0 0.0 -11.5 8.6 2.9 0.0 0.0 0.0 0.0 0.0 0.0 0.0 0.0 0.5 0.5 0.0 0.0 0.0 0.0 0.0 0.0 
0.0 0.0 0.0 -0.5 0.4 0.1 0.0 0.0 0.0 0.0 0.0 0.0 0.0 0.0 -0.2 1.2 0.0 0.0 0.0 0.0 0.0 0.0 
0.0 0.0 0.0 29.5 -22.1 -7.4 0.0 0.0 0.0 0.0 0.0 0.0 0.0 0.0 0.0 0.0 1.9 -0.9 0.0 0.0 0.0 0.0 
0.0 0.0 0.0 54.2 -40.6 -13.5 0.0 0.0 0.0 0.0 0.0 0.0 0.0 0.0 0.0 0.0 3.4 -2.4 0.0 0.0 0.0 0.0 
0.0 0.0 0.0 -7.3 5.5 1.8 0.0 0.0 0.0 0.0 0.0 0.0 0.0 0.0 0.0 0.0 0.0 0.0 -1.2 2.2 0.0 0.0 
0.0 0.0 0.0 6.0 -4.5 -1.5 0.0 0.0 0.0 0.0 0.0 0.0 0.0 0.0 0.0 0.0 0.0 0.0 -1.6 2.5 0.0 0.0 
0.0 0.0 0.0 -106.0 79.5 26.5 0.0 0.0 0.0 0.0 0.0 0.0 0.0 0.0 0.0 0.0 0.0 0.0 0.0 0.0 3.8 -2.8 
0.0 0.0 0.0 -42.0 31.5 10.5 0.0 0.0 0.0 0.0 0.0 0.0 0.0 0.0 0.0 0.0 0.0 0.0 0.0 0.0 1.8 -0.8 
-0.0 0.0 -0.0 816.8 -612.6 -204.3 1.3 -0.9 -5.3 3.5 -68.3 73.3 -103.8 96.0 119.5 -113.9 181.3 -179.8 -33.8 27.9 21.1 -17.0 
-0.0 0.0 -0.0 772.3 -579.2 -193.2 1.2 -0.8 -4.7 3.1 -60.3 64.6 -90.6 84.2 102.6 -98.9 156.8 -153.9 -25.8 19.2 15.1 -10.9 

0.0 0.7 0.3 0.0 0.0 0.0 0.0 0.0 0.0 0.0 0.0 0.0 0.0 0.0 0.0 0.0 0.0 0.0 0.0 0.0 0.0 0.0 
0.0 0.0 0.0 -5.7 5.3 1.3 0.0 0.0 0.0 0.0 0.0 0.0 0.0 0.0 0.0 0.0 0.0 0.0 0.0 0.0 0.0 0.0 
0.0 0.0 0.0 -10.7 9.3 2.3 0.0 0.0 0.0 0.0 0.0 0.0 0.0 0.0 0.0 0.0 0.0 0.0 0.0 0.0 0.0 0.0 
0.0 0.0 0.0 14.4 -10.8 -3.6 0.1 0.9 0.0 0.0 0.0 0.0 0.0 0.0 0.0 0.0 0.0 0.0 0.0 0.0 0.0 0.0 
0.0 0.0 0.0 11.2 -8.4 -2.8 -0.1 1.1 0.0 0.0 0.0 0.0 0.0 0.0 0.0 0.0 0.0 0.0 0.0 0.0 0.0 0.0 
0.0 0.0 0.0 20.0 -15.0 -5.0 0.7 0.3 0.0 0.0 0.0 0.0 0.0 0.0 0.0 0.0 0.0 0.0 0.0 0.0 0.0 0.0 
0.0 0.0 0.0 -7.8 5.8 1.9 0.0 0.0 0.6 0.4 0.0 0.0 0.0 0.0 0.0 0.0 0.0 0.0 0.0 0.0 0.0 0.0 
0.0 0.0 0.0 -8.4 6.3 2.1 0.0 0.0 0.2 0.8 0.0 0.0 0.0 0.0 0.0 0.0 0.0 0.0 0.0 0.0 0.0 0.0 
0.0 0.0 0.0 10.0 -7.5 -2.5 0.0 0.0 0.0 0.0 -1.8 2.8 0.0 0.0 0.0 0.0 0.0 0.0 0.0 0.0 0.0 0.0 
0.0 0.0 0.0 -10.0 7.5 2.5 0.0 0.0 0.0 0.0 1.2 -0.2 0.0 0.0 0.0 0.0 0.0 0.0 0.0 0.0 0.0 0.0 
0.0 0.0 0.0 -28.0 21.0 7.0 0.0 0.0 0.0 0.0 0.0 0.0 -0.8 1.8 0.0 0.0 0.0 0.0 0.0 0.0 0.0 0.0 
0.0 0.0 0.0 -16.0 12.0 4.0 0.0 0.0 0.0 0.0 0.0 0.0 -0.3 1.3 0.0 0.0 0.0 0.0 0.0 0.0 0.0 0.0 
0.0 0.0 0.0 -12.0 9.0 3.0 0.0 0.0 0.0 0.0 0.0 0.0 0.0 0.0 0.3 0.8 0.0 0.0 0.0 0.0 0.0 0.0 
0.0 0.0 0.0 -1.0 0.8 0.3 0.0 0.0 0.0 0.0 0.0 0.0 0.0 0.0 -0.4 1.4 0.0 0.0 0.0 0.0 0.0 0.0 
0.0 0.0 0.0 35.6 -26.7 -8.9 0.0 0.0 0.0 0.0 0.0 0.0 0.0 0.0 0.0 0.0 2.3 -1.3 0.0 0.0 0.0 0.0 
0.0 0.0 0.0 60.4 -45.3 -15.1 0.0 0.0 0.0 0.0 0.0 0.0 0.0 0.0 0.0 0.0 3.7 -2.7 0.0 0.0 0.0 0.0 
0.0 0.0 0.0 -5.3 4.0 1.3 0.0 0.0 0.0 0.0 0.0 0.0 0.0 0.0 0.0 0.0 0.0 0.0 -1.0 2.0 0.0 0.0 
0.0 0.0 0.0 8.0 -6.0 -2.0 0.0 0.0 0.0 0.0 0.0 0.0 0.0 0.0 0.0 0.0 0.0 0.0 -1.4 2.4 0.0 0.0 
0.0 0.0 0.0 -114.0 85.5 28.5 0.0 0.0 0.0 0.0 0.0 0.0 0.0 0.0 0.0 0.0 0.0 0.0 0.0 0.0 4.2 -3.2 
0.0 0.0 0.0 -50.0 37.5 12.5 0.0 0.0 0.0 0.0 0.0 0.0 0.0 0.0 0.0 0.0 0.0 0.0 0.0 0.0 2.2 -1.2 
-0.0 0.0 -0.0 824.8 -618.5 -206.3 1.4 -1.0 -5.5 3.6 -71.2 76.5 -108.7 100.3 125.6 -119.4 190.2 -189.3 -36.7 31.0 23.3 -19.2 
-0.0 0.0 -0.0 780.2 -585.1 -195.1 1.2 -0.9 -4.9 3.3 -63.3 67.8 -95.5 88.6 108.8 -104.4 165.8 -163.4 -28.7 22.4 17.3 -13.1 

0.0 0.3 0.7 0.0 0.0 0.0 0.0 0.0 0.0 0.0 0.0 0.0 0.0 0.0 0.0 0.0 0.0 0.0 0.0 0.0 0.0 0.0 
0.0 0.0 0.0 -5.0 5.0 1.0 0.0 0.0 0.0 0.0 0.0 0.0 0.0 0.0 0.0 0.0 0.0 0.0 0.0 0.0 0.0 0.0 
0.0 0.0 0.0 -10.0 9.0 2.0 0.0 0.0 0.0 0.0 0.0 0.0 0.0 0.0 0.0 0.0 0.0 0.0 0.0 0.0 0.0 0.0 
0.0 0.0 0.0 15.2 -11.4 -3.8 -0.1 1.1 0.0 0.0 0.0 0.0 0.0 0.0 0.0 0.0 0.0 0.0 0.0 0.0 0.0 0.0 
0.0 0.0 0.0 12.0 -9.0 -3.0 -0.3 1.3 0.0 0.0 0.0 0.0 0.0 0.0 0.0 0.0 0.0 0.0 0.0 0.0 0.0 0.0 
0.0 0.0 0.0 20.8 -15.6 -5.2 0.5 0.5 0.0 0.0 0.0 0.0 0.0 0.0 0.0 0.0 0.0 0.0 0.0 0.0 0.0 0.0 
0.0 0.0 0.0 -5.6 4.2 1.4 0.0 0.0 0.5 0.5 0.0 0.0 0.0 0.0 0.0 0.0 0.0 0.0 0.0 0.0 0.0 0.0 
0.0 0.0 0.0 -6.2 4.7 1.6 0.0 0.0 0.1 0.9 0.0 0.0 0.0 0.0 0.0 0.0 0.0 0.0 0.0 0.0 0.0 0.0 
0.0 0.0 0.0 11.0 -8.3 -2.8 0.0 0.0 0.0 0.0 -1.4 2.4 0.0 0.0 0.0 0.0 0.0 0.0 0.0 0.0 0.0 0.0 
0.0 0.0 0.0 -9.0 6.8 2.3 0.0 0.0 0.0 0.0 1.6 -0.6 0.0 0.0 0.0 0.0 0.0 0.0 0.0 0.0 0.0 0.0 
0.0 0.0 0.0 -32.0 24.0 8.0 0.0 0.0 0.0 0.0 0.0 0.0 -1.1 2.1 0.0 0.0 0.0 0.0 0.0 0.0 0.0 0.0 
0.0 0.0 0.0 -20.0 15.0 5.0 0.0 0.0 0.0 0.0 0.0 0.0 -0.5 1.5 0.0 0.0 0.0 0.0 0.0 0.0 0.0 0.0 
0.0 0.0 0.0 -12.5 9.4 3.1 0.0 0.0 0.0 0.0 0.0 0.0 0.0 0.0 0.0 1.0 0.0 0.0 0.0 0.0 0.0 0.0 
0.0 0.0 0.0 -1.5 1.1 0.4 0.0 0.0 0.0 0.0 0.0 0.0 0.0 0.0 -0.7 1.7 0.0 0.0 0.0 0.0 0.0 0.0 
0.0 0.0 0.0 41.8 -31.4 -10.5 0.0 0.0 0.0 0.0 0.0 0.0 0.0 0.0 0.0 0.0 2.6 -1.6 0.0 0.0 0.0 0.0 
0.0 0.0 0.0 66.5 -49.9 -16.6 0.0 0.0 0.0 0.0 0.0 0.0 0.0 0.0 0.0 0.0 4.1 -3.1 0.0 0.0 0.0 0.0 
0.0 0.0 0.0 -3.3 2.5 0.8 0.0 0.0 0.0 0.0 0.0 0.0 0.0 0.0 0.0 0.0 0.0 0.0 -0.9 1.9 0.0 0.0 
0.0 0.0 0.0 10.0 -7.5 -2.5 0.0 0.0 0.0 0.0 0.0 0.0 0.0 0.0 0.0 0.0 0.0 0.0 -1.3 2.3 0.0 0.0 
0.0 0.0 0.0 -122.0 91.5 30.5 0.0 0.0 0.0 0.0 0.0 0.0 0.0 0.0 0.0 0.0 0.0 0.0 0.0 0.0 4.5 -3.5 
0.0 0.0 0.0 -58.0 43.5 14.5 0.0 0.0 0.0 0.0 0.0 0.0 0.0 0.0 0.0 0.0 0.0 0.0 0.0 0.0 2.5 -1.5 
-0.0 0.0 -0.0 832.7 -624.5 -208.3 1.4 -1.0 -5.7 3.8 -74.2 79.7 -113.5 104.7 131.8 -124.9 199.2 -198.8 -39.6 34.2 25.5 -21.4 
-0.0 0.0 -0.0 788.2 -591.1 -197.1 1.3 -0.9 -5.2 3.4 -66.2 71.0 -100.3 92.9 115.0 -109.9 174.8 -172.9 -31.6 25.6 19.5 -15.3 

0.0 0.0 1.0 0.0 0.0 0.0 0.0 0.0 0.0 0.0 0.0 0.0 0.0 0.0 0.0 0.0 0.0 0.0 0.0 0.0 0.0 0.0 
0.0 0.0 0.0 -4.3 4.7 0.7 0.0 0.0 0.0 0.0 0.0 0.0 0.0 0.0 0.0 0.0 0.0 0.0 0.0 0.0 0.0 0.0 
0.0 0.0 0.0 -9.3 8.7 1.7 0.0 0.0 0.0 0.0 0.0 0.0 0.0 0.0 0.0 0.0 0.0 0.0 0.0 0.0 0.0 0.0 
0.0 0.0 0.0 16.0 -12.0 -4.0 -0.3 1.3 0.0 0.0 0.0 0.0 0.0 0.0 0.0 0.0 0.0 0.0 0.0 0.0 0.0 0.0 
0.0 0.0 0.0 12.8 -9.6 -3.2 -0.5 1.5 0.0 0.0 0.0 0.0 0.0 0.0 0.0 0.0 0.0 0.0 0.0 0.0 0.0 0.0 
0.0 0.0 0.0 21.6 -16.2 -5.4 0.3 0.7 0.0 0.0 0.0 0.0 0.0 0.0 0.0 0.0 0.0 0.0 0.0 0.0 0.0 0.0 
0.0 0.0 0.0 -3.3 2.5 0.8 0.0 0.0 0.4 0.6 0.0 0.0 0.0 0.0 0.0 0.0 0.0 0.0 0.0 0.0 0.0 0.0 
0.0 0.0 0.0 -4.0 3.0 1.0 0.0 0.0 0.0 1.0 0.0 0.0 0.0 0.0 0.0 0.0 0.0 0.0 0.0 0.0 0.0 0.0 
0.0 0.0 0.0 12.0 -9.0 -3.0 0.0 0.0 0.0 0.0 -1.0 2.0 0.0 0.0 0.0 0.0 0.0 0.0 0.0 0.0 0.0 0.0 
0.0 0.0 0.0 -8.0 6.0 2.0 0.0 0.0 0.0 0.0 2.0 -1.0 0.0 0.0 0.0 0.0 0.0 0.0 0.0 0.0 0.0 0.0 
0.0 0.0 0.0 -36.0 27.0 9.0 0.0 0.0 0.0 0.0 0.0 0.0 -1.4 2.4 0.0 0.0 0.0 0.0 0.0 0.0 0.0 0.0 
0.0 0.0 0.0 -24.0 18.0 6.0 0.0 0.0 0.0 0.0 0.0 0.0 -0.8 1.8 0.0 0.0 0.0 0.0 0.0 0.0 0.0 0.0 
0.0 0.0 0.0 -13.0 9.8 3.3 0.0 0.0 0.0 0.0 0.0 0.0 0.0 0.0 -0.2 1.2 0.0 0.0 0.0 0.0 0.0 0.0 
0.0 0.0 0.0 -2.0 1.5 0.5 0.0 0.0 0.0 0.0 0.0 0.0 0.0 0.0 -0.9 1.9 0.0 0.0 0.0 0.0 0.0 0.0 
0.0 0.0 0.0 48.0 -36.0 -12.0 0.0 0.0 0.0 0.0 0.0 0.0 0.0 0.0 0.0 0.0 3.0 -2.0 0.0 0.0 0.0 0.0 
0.0 0.0 0.0 72.7 -54.5 -18.2 0.0 0.0 0.0 0.0 0.0 0.0 0.0 0.0 0.0 0.0 4.5 -3.5 0.0 0.0 0.0 0.0 
0.0 0.0 0.0 -1.3 1.0 0.3 0.0 0.0 0.0 0.0 0.0 0.0 0.0 0.0 0.0 0.0 0.0 0.0 -0.7 1.7 0.0 0.0 
0.0 0.0 0.0 12.0 -9.0 -3.0 0.0 0.0 0.0 0.0 0.0 0.0 0.0 0.0 0.0 0.0 0.0 0.0 -1.1 2.1 0.0 0.0 
0.0 0.0 0.0 -130.0 97.5 32.5 0.0 0.0 0.0 0.0 0.0 0.0 0.0 0.0 0.0 0.0 0.0 0.0 0.0 0.0 4.8 -3.8 
0.0 0.0 0.0 -66.0 49.5 16.5 0.0 0.0 0.0 0.0 0.0 0.0 0.0 0.0 0.0 0.0 0.0 0.0 0.0 0.0 2.8 -1.8 
-0.0 0.0 -0.0 840.6 -630.4 -210.3 1.5 -1.0 -6.0 3.9 -77.1 82.9 -118.4 109.0 138.0 -130.4 208.2 -208.3 -42.5 37.4 27.7 -23.7 
-0.0 0.0 -0.0 796.1 -597.0 -199.1 1.3 -0.9 -5.4 3.5 -69.1 74.2 -105.2 97.2 121.2 -115.4 183.7 -182.4 -34.6 28.7 21.7 -17.6 

0.0 -0.3 1.3 0.0 0.0 0.0 0.0 0.0 0.0 0.0 0.0 0.0 0.0 0.0 0.0 0.0 0.0 0.0 0.0 0.0 0.0 0.0 
0.0 0.0 0.0 -3.7 4.3 0.3 0.0 0.0 0.0 0.0 0.0 0.0 0.0 0.0 0.0 0.0 0.0 0.0 0.0 0.0 0.0 0.0 
0.0 0.0 0.0 -8.7 8.3 1.3 0.0 0.0 0.0 0.0 0.0 0.0 0.0 0.0 0.0 0.0 0.0 0.0 0.0 0.0 0.0 0.0 
0.0 0.0 0.0 16.8 -12.6 -4.2 -0.5 1.5 0.0 0.0 0.0 0.0 0.0 0.0 0.0 0.0 0.0 0.0 0.0 0.0 0.0 0.0 
0.0 0.0 0.0 13.6 -10.2 -3.4 -0.7 1.7 0.0 0.0 0.0 0.0 0.0 0.0 0.0 0.0 0.0 0.0 0.0 0.0 0.0 0.0 
0.0 0.0 0.0 22.4 -16.8 -5.6 0.1 0.9 0.0 0.0 0.0 0.0 0.0 0.0 0.0 0.0 0.0 0.0 0.0 0.0 0.0 0.0 
0.0 0.0 0.0 -1.1 0.8 0.3 0.0 0.0 0.3 0.7 0.0 0.0 0.0 0.0 0.0 0.0 0.0 0.0 0.0 0.0 0.0 0.0 
0.0 0.0 0.0 -1.8 1.3 0.4 0.0 0.0 -0.1 1.1 0.0 0.0 0.0 0.0 0.0 0.0 0.0 0.0 0.0 0.0 0.0 0.0 
0.0 0.0 0.0 13.0 -9.8 -3.3 0.0 0.0 0.0 0.0 -0.6 1.6 0.0 0.0 0.0 0.0 0.0 0.0 0.0 0.0 0.0 0.0 
0.0 0.0 0.0 -7.0 5.3 1.8 0.0 0.0 0.0 0.0 2.4 -1.4 0.0 0.0 0.0 0.0 0.0 0.0 0.0 0.0 0.0 0.0 
0.0 0.0 0.0 -40.0 30.0 10.0 0.0 0.0 0.0 0.0 0.0 0.0 -1.6 2.6 0.0 0.0 0.0 0.0 0.0 0.0 0.0 0.0 
0.0 0.0 0.0 -28.0 21.0 7.0 0.0 0.0 0.0 0.0 0.0 0.0 -1.1 2.1 0.0 0.0 0.0 0.0 0.0 0.0 0.0 0.0 
0.0 0.0 0.0 -13.5 10.1 3.4 0.0 0.0 0.0 0.0 0.0 0.0 0.0 0.0 -0.4 1.4 0.0 0.0 0.0 0.0 0.0 0.0 
0.0 0.0 0.0 -2.5 1.9 0.6 0.0 0.0 0.0 0.0 0.0 0.0 0.0 0.0 -1.1 2.1 0.0 0.0 0.0 0.0 0.0 0.0 
0.0 0.0 0.0 54.2 -40.6 -13.5 0.0 0.0 0.0 0.0 0.0 0.0 0.0 0.0 0.0 0.0 3.4 -2.4 0.0 0.0 0.0 0.0 
0.0 0.0 0.0 78.9 -59.2 -19.7 0.0 0.0 0.0 0.0 0.0 0.0 0.0 0.0 0.0 0.0 4.8 -3.8 0.0 0.0 0.0 0.0 
0.0 0.0 0.0 0.7 -0.5 -0.2 0.0 0.0 0.0 0.0 0.0 0.0 0.0 0.0 0.0 0.0 0.0 0.0 -0.6 1.6 0.0 0.0 
0.0 0.0 0.0 14.0 -10.5 -3.5 0.0 0.0 0.0 0.0 0.0 0.0 0.0 0.0 0.0 0.0 0.0 0.0 -0.9 2.0 0.0 0.0 
0.0 0.0 0.0 -138.0 103.5 34.5 0.0 0.0 0.0 0.0 0.0 0.0 0.0 0.0 0.0 0.0 0.0 0.0 0.0 0.0 5.2 -4.2 
0.0 0.0 0.0 -74.0 55.5 18.5 0.0 0.0 0.0 0.0 0.0 0.0 0.0 0.0 0.0 0.0 0.0 0.0 0.0 0.0 3.2 -2.2 
-0.0 0.0 -0.0 848.6 -636.4 -212.2 1.5 -1.1 -6.2 4.0 -80.0 86.1 -123.2 113.3 144.2 -135.9 217.1 -217.8 -45.5 40.5 29.9 -25.9 
-0.0 0.0 -0.0 804.0 -603.0 -201.1 1.4 -1.0 -5.6 3.7 -72.0 77.4 -110.0 101.5 127.3 -120.9 192.7 -191.9 -37.5 31.9 23.9 -19.8 

1.0
0.0
0.0
0.5
1.0
0.0
5.3
6.3
3.0
8.0
8.6
8.0
11.3
7.7
10.9
10.3
16.3
12.0
23.4
20.1
17.3
23.3
