0.0 0.2 0.8 0.0 0.0 0.0 
0.0 15.2 -14.2 0.0 0.0 0.0 
0.0 5.2 -4.2 0.0 0.0 0.0 
0.0 1535.2 -1534.2 0.0 0.0 0.0 
0.0 0.0 1.2 0.0 0.0 0.3 
0.0 -0.7 0.7 0.0 0.0 1.0 

0.0 0.7 0.3 0.0 0.0 0.0 
0.0 15.7 -14.7 0.0 0.0 0.0 
0.0 5.7 -4.7 0.0 0.0 0.0 
0.0 1535.7 -1534.7 0.0 0.0 0.0 
0.0 0.5 0.7 0.0 0.0 0.3 
0.0 -1.2 1.2 0.0 0.0 1.0 

0.0 -0.5 1.5 0.0 0.0 0.0 
0.0 14.5 -13.5 0.0 0.0 0.0 
0.0 4.5 -3.5 0.0 0.0 0.0 
0.0 1534.5 -1533.5 0.0 0.0 0.0 
0.0 -0.6 1.9 0.0 0.0 0.3 
0.0 0.0 0.0 0.0 0.0 1.0 

0.0 -0.2 1.2 0.0 0.0 0.0 
0.0 14.8 -13.8 0.0 0.0 0.0 
0.0 4.8 -3.8 0.0 0.0 0.0 
0.0 1534.8 -1533.8 0.0 0.0 0.0 
0.0 -0.3 1.6 0.0 0.0 0.3 
0.0 -0.3 0.3 0.0 0.0 1.0 

0.0 0.5 0.5 0.0 0.0 0.0 
0.0 15.5 -14.5 0.0 0.0 0.0 
0.0 5.5 -4.5 0.0 0.0 0.0 
0.0 1535.5 -1534.5 0.0 0.0 0.0 
0.0 0.4 0.9 0.0 0.0 0.3 
0.0 -1.0 1.0 0.0 0.0 1.0 

0.0 1.0 0.0 0.0 0.0 0.0 
0.0 16.0 -15.0 0.0 0.0 0.0 
0.0 6.0 -5.0 0.0 0.0 0.0 
0.0 1536.0 -1535.0 0.0 0.0 0.0 
0.0 0.9 0.4 0.0 0.0 0.3 
0.0 -1.5 1.5 0.0 0.0 1.0 

0.0 0.0 1.0 0.0 0.0 0.0 
0.0 15.0 -14.0 0.0 0.0 0.0 
0.0 5.0 -4.0 0.0 0.0 0.0 
0.0 1535.0 -1534.0 0.0 0.0 0.0 
0.0 -0.1 1.4 0.0 0.0 0.3 
0.0 -0.5 0.5 0.0 0.0 1.0 

1.0 0.0 0.0 0.0 0.0 0.0 
0.0 0.4 -1.3 0.0 0.0 0.1 
0.0 0.5 -1.4 0.0 0.0 0.0 
0.0 -6.0 18.0 0.0 0.0 13.0 
0.0 0.4 -1.1 0.0 0.0 0.3 
0.0 -1.0 3.0 0.0 0.0 1.0 

0.0 0.3 0.7 0.0 0.0 0.0 
0.0 15.3 -14.3 0.0 0.0 0.0 
0.0 5.3 -4.3 0.0 0.0 0.0 
0.0 1535.3 -1534.3 0.0 0.0 0.0 
0.0 0.2 1.1 0.0 0.0 0.3 
0.0 -0.8 0.8 0.0 0.0 1.0 

1.0 0.0 0.0 0.0 0.0 0.0 
0.0 -0.3 0.8 0.0 0.5 0.0 
0.0 -0.4 1.3 0.0 0.2 0.0 
0.0 1.9 -5.8 0.0 4.8 0.0 
0.0 0.0 0.0 0.0 1.0 0.0 
0.0 0.0 0.0 0.0 0.0 1.0 

0.0 -0.6 1.6 0.0 0.0 0.0 
0.0 -0.6 1.5 0.1 0.0 0.0 
0.0 -0.6 1.6 0.0 0.0 0.0 
0.0 -0.1 0.1 1.0 0.0 0.0 
0.0 -0.5 1.3 0.2 0.0 0.0 
0.0 0.1 -0.1 -0.0 0.0 1.0 

0.0 -0.5 1.5 0.0 0.0 0.0 
0.0 -0.5 1.4 0.1 0.0 0.0 
0.0 -0.5 1.5 0.0 0.0 0.0 
0.0 0.0 0.0 1.0 0.0 0.0 
0.0 -0.4 1.2 0.2 0.0 0.0 
0.0 0.0 -0.0 -0.0 0.0 1.0 

1.0
9.0
3.0
921.0
19.0
71.0
