0.0 0.0 -0.3 0.0 1.3 0.0 0.0 
0.0 1.0 -1.0 0.0 1.0 0.0 0.0 
0.0 0.0 22.3 0.0 -21.3 0.0 0.0 
0.0 0.0 19.8 0.0 -18.8 0.0 0.0 
0.0 0.0 12.3 0.0 -11.3 0.0 0.0 
0.0 1.2 -1.7 0.0 3.9 0.0 0.0 
0.0 0.0 77.3 0.0 -76.3 0.0 0.0 

0.0 0.0 0.5 0.0 0.5 0.0 0.0 
0.0 1.0 -1.8 0.0 1.8 0.0 0.0 
0.0 0.0 23.0 0.0 -22.0 0.0 0.0 
0.0 0.0 20.5 0.0 -19.5 0.0 0.0 
0.0 0.0 13.0 0.0 -12.0 0.0 0.0 
0.0 1.2 -1.0 0.0 3.1 0.0 0.0 
0.0 0.0 78.0 0.0 -77.0 0.0 0.0 

0.0 0.0 -1.3 0.0 2.3 0.0 0.0 
0.0 1.0 0.0 0.0 0.0 0.0 0.0 
0.0 0.0 21.3 0.0 -20.3 0.0 0.0 
0.0 0.0 18.8 0.0 -17.8 0.0 0.0 
0.0 0.0 11.3 0.0 -10.3 0.0 0.0 
0.0 1.2 -2.7 0.0 4.9 0.0 0.0 
0.0 0.0 76.3 0.0 -75.3 0.0 0.0 

0.0 0.0 -0.8 0.0 1.8 0.0 0.0 
0.0 1.0 -0.5 0.0 0.5 0.0 0.0 
0.0 0.0 21.8 0.0 -20.8 0.0 0.0 
0.0 0.0 19.3 0.0 -18.3 0.0 0.0 
0.0 0.0 11.8 0.0 -10.8 0.0 0.0 
0.0 1.2 -2.2 0.0 4.4 0.0 0.0 
0.0 0.0 76.8 0.0 -75.8 0.0 0.0 

0.0 0.0 0.3 0.0 0.8 0.0 0.0 
0.0 1.0 -1.5 0.0 1.5 0.0 0.0 
0.0 0.0 22.8 0.0 -21.8 0.0 0.0 
0.0 0.0 20.3 0.0 -19.3 0.0 0.0 
0.0 0.0 12.8 0.0 -11.8 0.0 0.0 
0.0 1.2 -1.2 0.0 3.4 0.0 0.0 
0.0 0.0 77.8 0.0 -76.8 0.0 0.0 

0.0 0.0 1.0 0.0 0.0 0.0 0.0 
0.0 1.0 -2.3 0.0 2.3 0.0 0.0 
0.0 0.0 23.5 0.0 -22.5 0.0 0.0 
0.0 0.0 21.0 0.0 -20.0 0.0 0.0 
0.0 0.0 13.5 0.0 -12.5 0.0 0.0 
0.0 1.2 -0.5 0.0 2.6 0.0 0.0 
0.0 0.0 78.5 0.0 -77.5 0.0 0.0 

0.0 0.0 -0.5 0.0 1.5 0.0 0.0 
0.0 1.0 -0.8 0.0 0.8 0.0 0.0 
0.0 0.0 22.0 0.0 -21.0 0.0 0.0 
0.0 0.0 19.5 0.0 -18.5 0.0 0.0 
0.0 0.0 12.0 0.0 -11.0 0.0 0.0 
0.0 1.2 -2.0 0.0 4.1 0.0 0.0 
0.0 0.0 77.0 0.0 -76.0 0.0 0.0 

1.0 0.0 0.0 0.0 0.0 0.0 0.0 
0.0 1.0 -2.5 0.0 4.5 0.0 0.0 
0.0 1.5 -0.6 0.0 1.1 0.0 0.0 
0.0 1.3 -0.4 0.0 0.8 0.0 0.0 
0.0 0.8 0.2 0.0 -0.4 0.0 0.0 
0.0 1.2 -0.2 0.0 0.4 0.0 0.0 
0.0 5.2 -5.2 0.0 9.4 0.0 0.0 

0.0 0.0 0.0 0.0 1.0 0.0 0.0 
0.0 1.0 -1.3 0.0 1.3 0.0 0.0 
0.0 0.0 22.5 0.0 -21.5 0.0 0.0 
0.0 0.0 20.0 0.0 -19.0 0.0 0.0 
0.0 0.0 12.5 0.0 -11.5 0.0 0.0 
0.0 1.2 -1.5 0.0 3.6 0.0 0.0 
0.0 0.0 77.5 0.0 -76.5 0.0 0.0 

1.0 0.0 0.0 0.0 0.0 0.0 0.0 
0.0 1.0 0.0 0.0 0.0 0.0 0.0 
0.0 0.0 0.4 0.0 -0.6 1.3 0.0 
1.0 0.0 0.0 0.0 0.0 0.0 0.0 
0.0 0.0 -0.4 0.0 0.6 0.7 0.0 
0.0 0.0 0.0 0.0 0.0 1.0 0.0 
0.0 0.0 -0.7 0.0 1.3 0.4 0.0 

0.0 0.0 0.0 1.0 0.0 0.0 0.0 
0.0 1.0 -0.1 0.0 0.4 0.0 -0.3 
0.0 0.0 2.6 0.0 -4.8 0.0 3.2 
0.0 0.0 0.0 1.0 0.0 0.0 0.0 
0.0 0.0 0.9 0.0 -1.8 0.0 1.9 
0.0 0.0 1.8 0.0 -3.3 0.0 2.5 
0.0 0.0 0.1 0.0 -0.4 0.0 1.3 

0.0 0.0 -0.1 1.0 0.4 0.0 -0.3 
0.0 1.0 -0.0 0.0 0.1 0.0 -0.0 
0.0 0.0 2.5 0.0 -4.4 0.0 2.9 
0.0 0.0 -0.1 1.0 0.4 0.0 -0.3 
0.0 0.0 0.8 0.0 -1.5 0.0 1.6 
0.0 0.0 1.6 0.0 -2.9 0.0 2.3 
0.0 0.0 0.0 0.0 0.0 0.0 1.0 

1.0
6.0
9.0
8.0
5.0
7.0
31.0
