0.0 0.5 0.5 0.0 0.0 
0.0 15.5 -14.5 0.0 0.0 
0.0 5.5 -4.5 0.0 0.0 
0.0 153.0 -152.0 0.0 0.0 
0.0 -1.0 1.0 0.0 1.0 

0.0 1.3 -0.3 0.0 0.0 
0.0 16.3 -15.3 0.0 0.0 
0.0 6.3 -5.3 0.0 0.0 
0.0 153.8 -152.8 0.0 0.0 
0.0 -1.8 1.8 0.0 1.0 

0.0 -0.5 1.5 0.0 0.0 
0.0 14.5 -13.5 0.0 0.0 
0.0 4.5 -3.5 0.0 0.0 
0.0 152.0 -151.0 0.0 0.0 
0.0 0.0 0.0 0.0 1.0 

0.0 0.0 1.0 0.0 0.0 
0.0 15.0 -14.0 0.0 0.0 
0.0 5.0 -4.0 0.0 0.0 
0.0 152.5 -151.5 0.0 0.0 
0.0 -0.5 0.5 0.0 1.0 

0.0 1.0 0.0 0.0 0.0 
0.0 16.0 -15.0 0.0 0.0 
0.0 6.0 -5.0 0.0 0.0 
0.0 153.5 -152.5 0.0 0.0 
0.0 -1.5 1.5 0.0 1.0 

0.0 1.8 -0.8 0.0 0.0 
0.0 16.8 -15.8 0.0 0.0 
0.0 6.8 -5.8 0.0 0.0 
0.0 154.3 -153.3 0.0 0.0 
0.0 -2.3 2.3 0.0 1.0 

0.0 0.3 0.8 0.0 0.0 
0.0 15.3 -14.3 0.0 0.0 
0.0 5.3 -4.3 0.0 0.0 
0.0 152.8 -151.8 0.0 0.0 
0.0 -0.8 0.8 0.0 1.0 

1.0 0.0 0.0 0.0 0.0 
0.0 0.5 -1.4 0.0 0.1 
0.0 0.5 -1.5 0.0 0.0 
0.0 0.0 -0.1 0.0 0.9 
0.0 -1.0 3.0 0.0 1.0 

0.0 0.8 0.3 0.0 0.0 
0.0 15.8 -14.8 0.0 0.0 
0.0 5.8 -4.8 0.0 0.0 
0.0 153.3 -152.3 0.0 0.0 
0.0 -1.3 1.3 0.0 1.0 

1.0 0.0 0.0 0.0 0.0 
0.0 0.9 0.3 -0.1 0.1 
0.0 -0.0 1.1 -0.0 0.0 
0.0 0.9 0.3 -0.1 0.1 
0.0 0.0 0.0 0.0 1.0 

0.0 -0.6 1.5 0.1 0.0 
0.0 -0.1 0.0 1.1 0.0 
0.0 -0.5 1.0 0.5 0.0 
0.0 -0.1 0.0 1.1 0.0 
0.0 0.1 0.0 -0.1 1.0 

0.0 -0.5 1.5 0.0 0.0 
0.0 0.0 0.0 1.0 0.0 
0.0 -0.3 1.0 0.3 0.0 
0.0 0.0 0.0 1.0 0.0 
0.0 0.0 0.0 -0.0 1.0 

1.0
6.0
2.0
61.0
66.0
