0.0 1.3 -0.3 0.0 0.0 0.0 0.0 0.0 0.0 
0.0 -11.3 12.3 0.0 0.0 0.0 0.0 0.0 0.0 
0.0 -21.3 22.3 0.0 0.0 0.0 0.0 0.0 0.0 
0.0 -1.3 2.3 0.0 0.0 0.0 0.0 0.0 0.0 
0.0 0.5 -0.5 0.0 0.0 0.0 0.0 1.0 -0.0 
0.0 1.2 -0.3 0.0 0.0 0.0 0.0 0.0 0.1 
0.0 -169985126.3 169985127.3 0.0 0.0 0.0 0.0 0.0 0.0 
0.0 5.5 -5.5 0.0 0.0 0.0 0.0 1.0 0.0 
0.0 -12.3 12.3 0.0 0.0 0.0 0.0 0.0 1.0 

0.0 0.5 0.5 0.0 0.0 0.0 0.0 0.0 0.0 
0.0 -12.0 13.0 0.0 0.0 0.0 0.0 0.0 0.0 
0.0 -22.0 23.0 0.0 0.0 0.0 0.0 0.0 0.0 
0.0 -2.0 3.0 0.0 0.0 0.0 0.0 0.0 0.0 
0.0 1.3 -1.3 0.0 0.0 0.0 0.0 1.0 -0.0 
0.0 0.4 0.5 0.0 0.0 0.0 0.0 0.0 0.1 
0.0 -169985127.0 169985128.0 0.0 0.0 0.0 0.0 0.0 0.0 
0.0 6.3 -6.3 0.0 0.0 0.0 0.0 1.0 0.0 
0.0 -13.0 13.0 0.0 0.0 0.0 0.0 0.0 1.0 

0.0 2.3 -1.3 0.0 0.0 0.0 0.0 0.0 0.0 
0.0 -10.3 11.3 0.0 0.0 0.0 0.0 0.0 0.0 
0.0 -20.3 21.3 0.0 0.0 0.0 0.0 0.0 0.0 
0.0 -0.3 1.3 0.0 0.0 0.0 0.0 0.0 0.0 
0.0 -0.5 0.5 0.0 0.0 0.0 0.0 1.0 -0.0 
0.0 2.2 -1.3 0.0 0.0 0.0 0.0 0.0 0.1 
0.0 -169985125.3 169985126.3 0.0 0.0 0.0 0.0 0.0 0.0 
0.0 4.5 -4.5 0.0 0.0 0.0 0.0 1.0 0.0 
0.0 -11.3 11.3 0.0 0.0 0.0 0.0 0.0 1.0 

0.0 1.8 -0.8 0.0 0.0 0.0 0.0 0.0 0.0 
0.0 -10.8 11.8 0.0 0.0 0.0 0.0 0.0 0.0 
0.0 -20.8 21.8 0.0 0.0 0.0 0.0 0.0 0.0 
0.0 -0.8 1.8 0.0 0.0 0.0 0.0 0.0 0.0 
0.0 0.0 0.0 0.0 0.0 0.0 0.0 1.0 -0.0 
0.0 1.7 -0.8 0.0 0.0 0.0 0.0 0.0 0.1 
0.0 -169985125.8 169985126.8 0.0 0.0 0.0 0.0 0.0 0.0 
0.0 5.0 -5.0 0.0 0.0 0.0 0.0 1.0 0.0 
0.0 -11.8 11.8 0.0 0.0 0.0 0.0 0.0 1.0 

0.0 0.8 0.3 0.0 0.0 0.0 0.0 0.0 0.0 
0.0 -11.8 12.8 0.0 0.0 0.0 0.0 0.0 0.0 
0.0 -21.8 22.8 0.0 0.0 0.0 0.0 0.0 0.0 
0.0 -1.8 2.8 0.0 0.0 0.0 0.0 0.0 0.0 
0.0 1.0 -1.0 0.0 0.0 0.0 0.0 1.0 -0.0 
0.0 0.7 0.3 0.0 0.0 0.0 0.0 0.0 0.1 
0.0 -169985126.8 169985127.8 0.0 0.0 0.0 0.0 0.0 0.0 
0.0 6.0 -6.0 0.0 0.0 0.0 0.0 1.0 0.0 
0.0 -12.8 12.8 0.0 0.0 0.0 0.0 0.0 1.0 

0.0 0.0 1.0 0.0 0.0 0.0 0.0 0.0 0.0 
0.0 -12.5 13.5 0.0 0.0 0.0 0.0 0.0 0.0 
0.0 -22.5 23.5 0.0 0.0 0.0 0.0 0.0 0.0 
0.0 -2.5 3.5 0.0 0.0 0.0 0.0 0.0 0.0 
0.0 1.8 -1.8 0.0 0.0 0.0 0.0 1.0 -0.0 
0.0 -0.1 1.0 0.0 0.0 0.0 0.0 0.0 0.1 
0.0 -169985127.5 169985128.5 0.0 0.0 0.0 0.0 0.0 0.0 
0.0 6.8 -6.8 0.0 0.0 0.0 0.0 1.0 0.0 
0.0 -13.5 13.5 0.0 0.0 0.0 0.0 0.0 1.0 

0.0 1.5 -0.5 0.0 0.0 0.0 0.0 0.0 0.0 
0.0 -11.0 12.0 0.0 0.0 0.0 0.0 0.0 0.0 
0.0 -21.0 22.0 0.0 0.0 0.0 0.0 0.0 0.0 
0.0 -1.0 2.0 0.0 0.0 0.0 0.0 0.0 0.0 
0.0 0.3 -0.3 0.0 0.0 0.0 0.0 1.0 -0.0 
0.0 1.4 -0.5 0.0 0.0 0.0 0.0 0.0 0.1 
0.0 -169985126.0 169985127.0 0.0 0.0 0.0 0.0 0.0 0.0 
0.0 5.3 -5.3 0.0 0.0 0.0 0.0 1.0 0.0 
0.0 -12.0 12.0 0.0 0.0 0.0 0.0 0.0 1.0 

1.0 0.0 0.0 0.0 0.0 0.0 0.0 0.0 0.0 
0.0 -0.0 0.0 0.0 1.0 0.0 0.0 0.0 0.0 
0.0 -0.0 0.0 0.0 1.0 0.0 0.0 0.0 0.0 
0.0 0.0 0.0 0.0 1.0 0.0 0.0 0.0 -0.0 
0.0 2.2 -1.3 0.0 0.0 0.0 0.0 0.0 0.0 
0.0 -0.1 0.0 0.0 1.0 0.0 0.0 0.0 0.1 
0.0 -0.8 0.0 0.0 1.0 0.0 0.0 0.0 0.8 
0.0 -0.0 0.0 0.0 1.0 0.0 0.0 0.0 0.0 
0.0 -1.0 0.0 0.0 1.0 0.0 0.0 0.0 1.0 

0.0 1.0 0.0 0.0 0.0 0.0 0.0 0.0 0.0 
0.0 -11.5 12.5 0.0 0.0 0.0 0.0 0.0 0.0 
0.0 -21.5 22.5 0.0 0.0 0.0 0.0 0.0 0.0 
0.0 -1.5 2.5 0.0 0.0 0.0 0.0 0.0 0.0 
0.0 0.8 -0.8 0.0 0.0 0.0 0.0 1.0 -0.0 
0.0 0.9 0.0 0.0 0.0 0.0 0.0 0.0 0.1 
0.0 -169985126.5 169985127.5 0.0 0.0 0.0 0.0 0.0 0.0 
0.0 5.8 -5.8 0.0 0.0 0.0 0.0 1.0 0.0 
0.0 -12.5 12.5 0.0 0.0 0.0 0.0 0.0 1.0 

1.0 0.0 0.0 0.0 0.0 0.0 0.0 0.0 0.0 
0.0 2.2 -1.2 0.0 0.0 0.0 0.0 0.0 0.0 
0.0 2.2 -1.2 0.0 0.0 0.0 0.0 0.0 0.0 
1.0 0.0 0.0 0.0 0.0 0.0 0.0 0.0 0.0 
0.0 0.0 0.0 0.0 1.0 0.0 0.0 0.0 0.0 
0.0 0.0 0.0 0.0 0.0 1.0 0.0 0.0 0.0 
0.0 -1.2 0.7 0.0 0.0 1.5 0.0 0.0 0.0 
0.0 -26.6 13.2 14.4 0.0 0.0 0.0 0.0 0.0 
0.0 1.2 -1.2 0.0 0.0 0.0 0.0 0.0 1.0 

0.0 0.2 -0.2 1.0 0.0 0.0 0.0 0.0 0.0 
0.0 2.5 -1.5 0.0 0.0 0.0 0.0 0.0 0.0 
0.0 2.5 -1.5 0.0 0.0 0.0 0.0 0.0 0.0 
0.0 0.2 -0.2 1.0 0.0 0.0 0.0 0.0 0.0 
0.0 -0.7 0.7 0.0 0.0 0.0 -0.0 1.0 -0.0 
0.0 1.0 -0.6 0.0 0.0 0.0 0.7 0.0 0.0 
0.0 0.2 -0.2 0.0 0.0 0.0 1.0 0.0 0.0 
0.0 -0.7 0.7 0.0 0.0 0.0 -0.0 1.0 0.0 
0.0 1.5 -1.5 0.0 0.0 0.0 0.0 0.0 1.0 

0.0 0.0 0.0 1.0 0.0 0.0 0.0 0.0 0.0 
0.0 2.3 -1.3 0.0 0.0 0.0 0.0 0.0 0.0 
0.0 2.3 -1.3 0.0 0.0 0.0 0.0 0.0 0.0 
0.0 0.0 0.0 1.0 0.0 0.0 0.0 0.0 0.0 
0.0 -0.5 0.5 0.0 0.0 0.0 -0.0 1.0 -0.0 
0.0 0.8 -0.4 0.0 0.0 0.0 0.7 0.0 0.0 
0.0 0.0 0.0 0.0 0.0 0.0 1.0 0.0 0.0 
0.0 -0.5 0.5 0.0 0.0 0.0 -0.0 1.0 0.0 
0.0 1.3 -1.3 0.0 0.0 0.0 0.0 0.0 1.0 

1.0
5.0
9.0
1.0
2.0
4422505.0
67994051.0
31.0
84789858.0
