0.0 0.8 0.2 0.0 0.0 0.0 0.0 
0.0 -4.2 5.2 0.0 0.0 0.0 0.0 
0.0 -14.2 15.2 0.0 0.0 0.0 0.0 
0.0 -34.2 35.2 0.0 0.0 0.0 0.0 
0.0 3.1 -0.6 0.0 0.0 1.5 0.0 
0.0 -15.2 4.5 0.4 0.0 -10.3 1.0 
0.0 13.5 -13.9 0.4 0.0 0.0 1.0 

0.0 0.3 0.7 0.0 0.0 0.0 0.0 
0.0 -4.7 5.7 0.0 0.0 0.0 0.0 
0.0 -14.7 15.7 0.0 0.0 0.0 0.0 
0.0 -34.7 35.7 0.0 0.0 0.0 0.0 
0.0 2.6 -0.1 0.0 0.0 1.5 0.0 
0.0 -14.7 4.0 0.4 0.0 -10.3 1.0 
0.0 14.0 -14.4 0.4 0.0 0.0 1.0 

0.0 1.5 -0.5 0.0 0.0 0.0 0.0 
0.0 -3.5 4.5 0.0 0.0 0.0 0.0 
0.0 -13.5 14.5 0.0 0.0 0.0 0.0 
0.0 -33.5 34.5 0.0 0.0 0.0 0.0 
0.0 3.8 -1.3 0.0 0.0 1.5 0.0 
0.0 -15.9 5.2 0.4 0.0 -10.3 1.0 
0.0 12.8 -13.3 0.4 0.0 0.0 1.0 

0.0 1.2 -0.2 0.0 0.0 0.0 0.0 
0.0 -3.8 4.8 0.0 0.0 0.0 0.0 
0.0 -13.8 14.8 0.0 0.0 0.0 0.0 
0.0 -33.8 34.8 0.0 0.0 0.0 0.0 
0.0 3.4 -0.9 0.0 0.0 1.5 0.0 
0.0 -15.5 4.9 0.4 0.0 -10.3 1.0 
0.0 13.2 -13.6 0.4 0.0 0.0 1.0 

0.0 0.5 0.5 0.0 0.0 0.0 0.0 
0.0 -4.5 5.5 0.0 0.0 0.0 0.0 
0.0 -14.5 15.5 0.0 0.0 0.0 0.0 
0.0 -34.5 35.5 0.0 0.0 0.0 0.0 
0.0 2.8 -0.3 0.0 0.0 1.5 0.0 
0.0 -14.9 4.2 0.4 0.0 -10.3 1.0 
0.0 13.8 -14.3 0.4 0.0 0.0 1.0 

0.0 0.0 1.0 0.0 0.0 0.0 0.0 
0.0 -5.0 6.0 0.0 0.0 0.0 0.0 
0.0 -15.0 16.0 0.0 0.0 0.0 0.0 
0.0 -35.0 36.0 0.0 0.0 0.0 0.0 
0.0 2.3 0.3 0.0 0.0 1.5 0.0 
0.0 -14.4 3.7 0.4 0.0 -10.3 1.0 
0.0 14.3 -14.8 0.4 0.0 0.0 1.0 

0.0 1.0 0.0 0.0 0.0 0.0 0.0 
0.0 -4.0 5.0 0.0 0.0 0.0 0.0 
0.0 -14.0 15.0 0.0 0.0 0.0 0.0 
0.0 -34.0 35.0 0.0 0.0 0.0 0.0 
0.0 3.3 -0.8 0.0 0.0 1.5 0.0 
0.0 -15.4 4.7 0.4 0.0 -10.3 1.0 
0.0 13.3 -13.8 0.4 0.0 0.0 1.0 

1.0 0.0 0.0 0.0 0.0 0.0 0.0 
0.0 -0.4 0.1 0.0 0.0 0.8 0.0 
0.0 1.9 -0.6 0.0 0.0 2.3 0.0 
0.0 6.4 -2.1 0.0 0.0 5.3 0.0 
0.0 0.8 -0.3 0.0 0.0 1.5 0.0 
0.0 3.0 -1.0 0.0 0.0 1.0 0.0 
0.0 12.4 -4.1 0.0 0.0 9.3 0.0 

0.0 0.7 0.3 0.0 0.0 0.0 0.0 
0.0 -4.3 5.3 0.0 0.0 0.0 0.0 
0.0 -14.3 15.3 0.0 0.0 0.0 0.0 
0.0 -34.3 35.3 0.0 0.0 0.0 0.0 
0.0 2.9 -0.4 0.0 0.0 1.5 0.0 
0.0 -15.0 4.4 0.4 0.0 -10.3 1.0 
0.0 13.7 -14.1 0.4 0.0 0.0 1.0 

1.0 0.0 0.0 0.0 0.0 0.0 0.0 
0.0 0.8 -0.3 0.0 0.5 0.0 0.0 
0.0 -0.8 0.3 0.0 1.5 0.0 0.0 
0.0 1.0 -0.3 0.0 0.3 0.0 0.0 
0.0 0.0 0.0 0.0 1.0 0.0 0.0 
0.0 0.0 0.0 0.0 0.0 1.0 0.0 
0.0 15.4 -5.1 0.0 0.0 11.3 0.0 

0.0 1.0 -0.4 0.4 0.0 0.0 0.0 
0.0 -1.1 0.3 1.8 0.0 0.0 0.0 
0.0 -5.5 1.8 4.7 0.0 0.0 0.0 
0.0 -0.4 0.1 1.4 0.0 0.0 0.0 
0.0 -3.3 1.0 3.3 0.0 0.0 0.0 
0.0 -15.4 5.1 0.0 0.0 -10.3 1.0 
0.0 0.0 0.0 0.0 0.0 0.0 1.0 

0.0 1.4 -0.5 0.1 0.0 0.0 0.0 
0.0 -0.7 0.2 1.5 0.0 0.0 0.0 
0.0 -5.0 1.7 4.3 0.0 0.0 0.0 
0.0 0.0 0.0 1.0 0.0 0.0 0.0 
0.0 -2.9 1.0 2.9 0.0 0.0 0.0 
0.0 -15.8 5.2 0.4 0.0 -10.3 1.0 
0.0 -0.4 0.1 0.4 0.0 0.0 1.0 

1.0
3.0
9.0
21.0
6.0
4.0
37.0
