0.0 1.0 0.0 0.0 0.0 0.0 0.0 
0.0 -0.1 0.0 1.1 0.0 0.0 0.0 
0.0 -1.8 0.0 2.8 0.0 0.0 0.0 
0.0 -10.1 0.0 11.1 0.0 0.0 0.0 
0.0 0.6 0.0 0.4 0.0 0.0 0.0 
0.0 1.1 0.0 0.0 0.0 0.0 0.1 
0.0 0.1 0.0 -0.1 0.0 0.0 1.0 

0.0 0.9 0.0 0.1 0.0 0.0 0.0 
0.0 -0.2 0.0 1.2 0.0 0.0 0.0 
0.0 -1.9 0.0 2.9 0.0 0.0 0.0 
0.0 -10.2 0.0 11.2 0.0 0.0 0.0 
0.0 0.5 0.0 0.5 0.0 0.0 0.0 
0.0 1.0 0.0 0.1 0.0 0.0 0.1 
0.0 0.2 0.0 -0.2 0.0 0.0 1.0 

0.0 1.1 0.0 -0.1 0.0 0.0 0.0 
0.0 0.1 0.0 0.9 0.0 0.0 0.0 
0.0 -1.7 0.0 2.7 0.0 0.0 0.0 
0.0 -9.9 0.0 10.9 0.0 0.0 0.0 
0.0 0.8 0.0 0.2 0.0 0.0 0.0 
0.0 1.2 0.0 -0.1 0.0 0.0 0.1 
0.0 0.0 0.0 0.0 0.0 0.0 1.0 

0.0 1.0 0.0 -0.0 0.0 0.0 0.0 
0.0 0.0 0.0 1.0 0.0 0.0 0.0 
0.0 -1.7 0.0 2.7 0.0 0.0 0.0 
0.0 -10.0 0.0 11.0 0.0 0.0 0.0 
0.0 0.7 0.0 0.3 0.0 0.0 0.0 
0.0 1.1 0.0 -0.0 0.0 0.0 0.1 
0.0 0.1 0.0 -0.1 0.0 0.0 1.0 

0.0 0.9 0.0 0.1 0.0 0.0 0.0 
0.0 -0.1 0.0 1.1 0.0 0.0 0.0 
0.0 -1.9 0.0 2.9 0.0 0.0 0.0 
0.0 -10.1 0.0 11.1 0.0 0.0 0.0 
0.0 0.6 0.0 0.4 0.0 0.0 0.0 
0.0 1.0 0.0 0.1 0.0 0.0 0.1 
0.0 0.2 0.0 -0.2 0.0 0.0 1.0 

0.0 0.8 0.0 0.2 0.0 0.0 0.0 
0.0 -0.2 0.0 1.2 0.0 0.0 0.0 
0.0 -2.0 0.0 3.0 0.0 0.0 0.0 
0.0 -10.2 0.0 11.2 0.0 0.0 0.0 
0.0 0.4 0.0 0.6 0.0 0.0 0.0 
0.0 0.9 0.0 0.2 0.0 0.0 0.1 
0.0 0.3 0.0 -0.3 0.0 0.0 1.0 

0.0 1.0 0.0 0.0 0.0 0.0 0.0 
0.0 -0.0 0.0 1.0 0.0 0.0 0.0 
0.0 -1.8 0.0 2.8 0.0 0.0 0.0 
0.0 -10.0 0.0 11.0 0.0 0.0 0.0 
0.0 0.7 0.0 0.3 0.0 0.0 0.0 
0.0 1.1 0.0 -0.0 0.0 0.0 0.1 
0.0 0.1 0.0 -0.1 0.0 0.0 1.0 

1.0 0.0 0.0 0.0 0.0 0.0 0.0 
0.0 -1.1 0.0 0.1 0.0 0.0 0.0 
0.0 -1.1 0.0 0.1 0.0 0.0 0.0 
0.0 -1.1 0.0 0.1 0.0 0.0 0.0 
0.0 -1.1 0.0 0.1 0.0 0.0 0.0 
0.0 -1.0 0.0 0.1 0.0 0.0 0.1 
0.0 2.2 0.0 -0.2 0.0 0.0 1.0 

0.0 0.9 0.0 0.1 0.0 0.0 0.0 
0.0 -0.1 0.0 1.1 0.0 0.0 0.0 
0.0 -1.8 0.0 2.8 0.0 0.0 0.0 
0.0 -10.1 0.0 11.1 0.0 0.0 0.0 
0.0 0.6 0.0 0.4 0.0 0.0 0.0 
0.0 1.0 0.0 0.1 0.0 0.0 0.1 
0.0 0.2 0.0 -0.2 0.0 0.0 1.0 

1.0 0.0 0.0 0.0 0.0 0.0 0.0 
0.0 1.1 0.0 -0.1 0.0 0.0 0.0 
1.0 0.0 0.0 0.0 0.0 0.0 0.0 
0.0 1.1 0.0 -0.1 0.0 0.0 0.0 
1.0 0.0 0.0 0.0 0.0 0.0 0.0 
0.0 0.0 0.0 0.0 0.0 1.0 0.0 
0.0 0.0 0.0 0.0 0.0 0.0 1.0 

0.0 0.0 1.0 0.0 0.0 0.0 0.0 
0.0 1.0 5.0 0.0 -5.0 0.0 0.0 
0.0 0.0 1.0 0.0 0.0 0.0 0.0 
0.0 0.0 42.3 1.0 -42.3 0.0 0.0 
0.0 0.0 1.0 0.0 0.0 0.0 0.0 
0.0 -28.7 1113.3 29.7 -1113.3 0.0 0.0 
0.0 0.0 -1.1 0.0 1.1 0.0 1.0 

0.0 0.0 0.0 0.0 1.0 0.0 0.0 
0.0 1.0 4.0 0.0 -4.0 0.0 0.0 
0.0 0.0 0.0 0.0 1.0 0.0 0.0 
0.0 0.0 41.3 1.0 -41.3 0.0 0.0 
0.0 0.0 0.0 0.0 1.0 0.0 0.0 
0.0 -28.7 1112.3 29.7 -1112.3 0.0 0.0 
0.0 0.0 -0.1 0.0 0.1 0.0 1.0 

1.0
3.0
8.0
32.0
1.0
865.0
9078.0
