0.0 0.0 0.9 0.1 0.0 0.0 0.0 0.0 0.0 
0.0 0.0 -3.1 4.1 0.0 0.0 0.0 0.0 0.0 
0.0 0.0 -0.1 1.1 0.0 0.0 0.0 0.0 0.0 
0.0 0.0 -10.1 11.1 0.0 0.0 0.0 0.0 0.0 
0.0 0.0 -0.3 -0.2 0.0 0.0 0.0 1.5 0.0 
0.0 0.0 -3084.6 3085.6 0.0 0.0 0.0 0.0 0.0 
0.0 0.0 1.1 -1.1 0.0 0.0 1.0 0.0 0.0 
0.0 0.0 -2.9 2.9 0.0 0.0 0.0 1.0 0.0 
0.0 0.0 1.3 0.2 0.0 0.0 1.0 -1.5 0.0 

0.0 0.0 0.8 0.3 0.0 0.0 0.0 0.0 0.0 
0.0 0.0 -3.3 4.3 0.0 0.0 0.0 0.0 0.0 
0.0 0.0 -0.3 1.3 0.0 0.0 0.0 0.0 0.0 
0.0 0.0 -10.3 11.3 0.0 0.0 0.0 0.0 0.0 
0.0 0.0 -0.5 -0.1 0.0 0.0 0.0 1.5 0.0 
0.0 0.0 -3084.8 3085.8 0.0 0.0 0.0 0.0 0.0 
0.0 0.0 1.3 -1.3 0.0 0.0 1.0 0.0 0.0 
0.0 0.0 -3.0 3.0 0.0 0.0 0.0 1.0 0.0 
0.0 0.0 1.5 0.1 0.0 0.0 1.0 -1.5 0.0 

0.0 0.0 1.1 -0.1 0.0 0.0 0.0 0.0 0.0 
0.0 0.0 -2.9 3.9 0.0 0.0 0.0 0.0 0.0 
0.0 0.0 0.1 0.9 0.0 0.0 0.0 0.0 0.0 
0.0 0.0 -9.9 10.9 0.0 0.0 0.0 0.0 0.0 
0.0 0.0 -0.1 -0.4 0.0 0.0 0.0 1.5 0.0 
0.0 0.0 -3084.4 3085.4 0.0 0.0 0.0 0.0 0.0 
0.0 0.0 0.9 -0.9 0.0 0.0 1.0 0.0 0.0 
0.0 0.0 -2.7 2.7 0.0 0.0 0.0 1.0 0.0 
0.0 0.0 1.1 0.4 0.0 0.0 1.0 -1.5 0.0 

0.0 0.0 1.0 0.0 0.0 0.0 0.0 0.0 0.0 
0.0 0.0 -3.0 4.0 0.0 0.0 0.0 0.0 0.0 
0.0 0.0 0.0 1.0 0.0 0.0 0.0 0.0 0.0 
0.0 0.0 -10.0 11.0 0.0 0.0 0.0 0.0 0.0 
0.0 0.0 -0.2 -0.3 0.0 0.0 0.0 1.5 0.0 
0.0 0.0 -3084.5 3085.5 0.0 0.0 0.0 0.0 0.0 
0.0 0.0 1.0 -1.0 0.0 0.0 1.0 0.0 0.0 
0.0 0.0 -2.8 2.8 0.0 0.0 0.0 1.0 0.0 
0.0 0.0 1.2 0.3 0.0 0.0 1.0 -1.5 0.0 

0.0 0.0 0.8 0.2 0.0 0.0 0.0 0.0 0.0 
0.0 0.0 -3.2 4.2 0.0 0.0 0.0 0.0 0.0 
0.0 0.0 -0.2 1.2 0.0 0.0 0.0 0.0 0.0 
0.0 0.0 -10.2 11.2 0.0 0.0 0.0 0.0 0.0 
0.0 0.0 -0.4 -0.1 0.0 0.0 0.0 1.5 0.0 
0.0 0.0 -3084.7 3085.7 0.0 0.0 0.0 0.0 0.0 
0.0 0.0 1.2 -1.2 0.0 0.0 1.0 0.0 0.0 
0.0 0.0 -3.0 3.0 0.0 0.0 0.0 1.0 0.0 
0.0 0.0 1.4 0.1 0.0 0.0 1.0 -1.5 0.0 

0.0 0.0 0.7 0.3 0.0 0.0 0.0 0.0 0.0 
0.0 0.0 -3.4 4.3 0.0 0.0 0.0 0.0 0.0 
0.0 0.0 -0.3 1.4 0.0 0.0 0.0 0.0 0.0 
0.0 0.0 -10.4 11.4 0.0 0.0 0.0 0.0 0.0 
0.0 0.0 -0.6 0.1 0.0 0.0 0.0 1.5 0.0 
0.0 0.0 -3084.8 3085.8 0.0 0.0 0.0 0.0 0.0 
0.0 0.0 1.4 -1.4 0.0 0.0 1.0 0.0 0.0 
0.0 0.0 -3.1 3.1 0.0 0.0 0.0 1.0 0.0 
0.0 0.0 1.6 -0.1 0.0 0.0 1.0 -1.5 0.0 

0.0 0.0 0.9 0.1 0.0 0.0 0.0 0.0 0.0 
0.0 0.0 -3.0 4.0 0.0 0.0 0.0 0.0 0.0 
0.0 0.0 -0.1 1.1 0.0 0.0 0.0 0.0 0.0 
0.0 0.0 -10.1 11.1 0.0 0.0 0.0 0.0 0.0 
0.0 0.0 -0.3 -0.3 0.0 0.0 0.0 1.5 0.0 
0.0 0.0 -3084.6 3085.6 0.0 0.0 0.0 0.0 0.0 
0.0 0.0 1.1 -1.1 0.0 0.0 1.0 0.0 0.0 
0.0 0.0 -2.9 2.9 0.0 0.0 0.0 1.0 0.0 
0.0 0.0 1.3 0.3 0.0 0.0 1.0 -1.5 0.0 

1.0 0.0 0.0 0.0 0.0 0.0 0.0 0.0 0.0 
0.0 0.0 -1.6 -0.4 0.0 0.0 0.0 2.0 1.0 
0.0 0.0 -0.4 -0.1 0.0 0.0 0.0 0.5 1.0 
0.0 0.0 -4.4 -1.1 0.0 0.0 0.0 5.5 1.0 
0.0 0.0 -1.2 -0.3 0.0 0.0 0.0 1.5 1.0 
0.0 0.0 -1234.2 -308.6 0.0 0.0 0.0 1542.8 1.0 
0.0 0.0 -0.8 -0.2 0.0 0.0 0.0 1.0 1.0 
0.0 0.0 -2.0 -0.5 0.0 0.0 0.0 2.5 1.0 
0.0 0.0 1.1 -0.1 0.0 0.0 0.0 0.0 0.0 

0.0 0.0 0.8 0.1 0.0 0.0 0.0 0.0 0.0 
0.0 0.0 -3.1 4.2 0.0 0.0 0.0 0.0 0.0 
0.0 0.0 -0.1 1.1 0.0 0.0 0.0 0.0 0.0 
0.0 0.0 -10.2 11.2 0.0 0.0 0.0 0.0 0.0 
0.0 0.0 -0.3 -0.1 0.0 0.0 0.0 1.5 0.0 
0.0 0.0 -3084.7 3085.7 0.0 0.0 0.0 0.0 0.0 
0.0 0.0 1.1 -1.1 0.0 0.0 1.0 0.0 0.0 
0.0 0.0 -3.0 3.0 0.0 0.0 0.0 1.0 0.0 
0.0 0.0 1.4 0.1 0.0 0.0 1.0 -1.5 0.0 

1.0 0.0 0.0 0.0 0.0 0.0 0.0 0.0 0.0 
1.0 0.0 0.0 0.0 0.0 0.0 0.0 0.0 0.0 
0.0 0.0 0.7 -0.1 0.3 0.0 0.0 0.0 0.0 
0.0 0.0 -2.9 0.3 3.7 0.0 0.0 0.0 0.0 
0.0 0.0 0.0 0.0 1.0 0.0 0.0 0.0 0.0 
0.0 0.0 -112.0 10.2 102.8 0.0 0.0 0.0 0.0 
0.0 0.8 -0.5 -0.4 -0.5 -0.0 0.1 1.6 -0.1 
0.0 0.0 -0.8 -0.2 1.0 0.0 0.0 1.0 0.0 
0.0 0.0 0.0 0.0 0.0 0.0 0.0 0.0 1.0 

0.0 1.0 0.0 0.0 0.0 0.0 0.0 0.0 0.0 
0.0 1.0 0.0 0.0 0.0 0.0 0.0 0.0 0.0 
0.0 0.0 1.1 -0.1 0.0 0.0 0.0 0.0 0.0 
0.0 0.0 1.1 -0.1 0.0 0.0 0.0 0.0 0.0 
0.0 0.0 1.1 -0.1 0.0 0.0 0.0 0.0 0.0 
0.0 0.0 0.0 -0.0 0.0 1.0 0.0 0.0 0.0 
0.0 0.0 -0.1 0.1 0.0 -0.0 1.0 0.0 0.0 
0.0 0.0 0.3 -0.3 0.0 0.0 0.0 1.0 0.0 
0.0 0.0 -0.0 0.0 0.0 -0.0 0.0 0.0 1.0 

0.0 1.0 -0.0 0.0 0.0 -0.0 0.0 0.0 0.0 
0.0 1.0 -0.0 0.0 0.0 -0.0 0.0 0.0 0.0 
0.0 0.0 1.1 -0.1 0.0 0.0 0.0 0.0 0.0 
0.0 0.0 1.1 -0.1 0.0 0.0 0.0 0.0 0.0 
0.0 0.0 1.1 -0.1 0.0 0.0 0.0 0.0 0.0 
0.0 0.0 0.0 0.0 0.0 1.0 0.0 0.0 0.0 
0.0 0.0 -0.1 0.1 0.0 -0.0 1.0 0.0 0.0 
0.0 0.0 0.3 -0.3 0.0 0.0 0.0 1.0 0.0 
0.0 0.0 -0.0 0.0 0.0 -0.0 0.0 0.0 1.0 

1.0
8.0
2.0
22.0
6.0
6171.0
4.0
10.0
0.0
