0.0 0.7 0.3 0.0 0.0 0.0 0.0 0.0 0.0 
0.0 -2.1 3.1 0.0 0.0 0.0 0.0 0.0 0.0 
0.0 -12.1 13.1 0.0 0.0 0.0 0.0 0.0 0.0 
0.0 -4.1 -3.4 0.0 0.0 0.0 0.0 8.5 0.0 
0.0 -100.7 101.7 0.0 0.0 0.0 0.0 0.0 0.0 
0.0 -1.7 -1.3 0.0 0.0 0.0 0.0 3.0 1.0 
0.0 -0.7 1.7 0.0 0.0 0.0 0.0 0.0 0.0 
0.0 -7.0 7.0 0.0 0.0 0.0 0.0 1.0 0.0 
0.0 5.7 -5.7 0.0 0.0 0.0 0.0 0.0 1.0 

0.0 0.3 0.7 0.0 0.0 0.0 0.0 0.0 0.0 
0.0 -2.6 3.6 0.0 0.0 0.0 0.0 0.0 0.0 
0.0 -12.6 13.6 0.0 0.0 0.0 0.0 0.0 0.0 
0.0 -4.6 -2.9 0.0 0.0 0.0 0.0 8.5 0.0 
0.0 -101.1 102.1 0.0 0.0 0.0 0.0 0.0 0.0 
0.0 -1.3 -1.7 0.0 0.0 0.0 0.0 3.0 1.0 
0.0 -1.1 2.1 0.0 0.0 0.0 0.0 0.0 0.0 
0.0 -7.4 7.4 0.0 0.0 0.0 0.0 1.0 0.0 
0.0 6.1 -6.1 0.0 0.0 0.0 0.0 0.0 1.0 

0.0 1.3 -0.3 0.0 0.0 0.0 0.0 0.0 0.0 
0.0 -1.6 2.6 0.0 0.0 0.0 0.0 0.0 0.0 
0.0 -11.6 12.6 0.0 0.0 0.0 0.0 0.0 0.0 
0.0 -3.6 -3.9 0.0 0.0 0.0 0.0 8.5 0.0 
0.0 -100.1 101.1 0.0 0.0 0.0 0.0 0.0 0.0 
0.0 -2.3 -0.7 0.0 0.0 0.0 0.0 3.0 1.0 
0.0 -0.1 1.1 0.0 0.0 0.0 0.0 0.0 0.0 
0.0 -6.4 6.4 0.0 0.0 0.0 0.0 1.0 0.0 
0.0 5.1 -5.1 0.0 0.0 0.0 0.0 0.0 1.0 

0.0 1.0 0.0 0.0 0.0 0.0 0.0 0.0 0.0 
0.0 -1.9 2.9 0.0 0.0 0.0 0.0 0.0 0.0 
0.0 -11.9 12.9 0.0 0.0 0.0 0.0 0.0 0.0 
0.0 -3.9 -3.6 0.0 0.0 0.0 0.0 8.5 0.0 
0.0 -100.4 101.4 0.0 0.0 0.0 0.0 0.0 0.0 
0.0 -2.0 -1.0 0.0 0.0 0.0 0.0 3.0 1.0 
0.0 -0.4 1.4 0.0 0.0 0.0 0.0 0.0 0.0 
0.0 -6.7 6.7 0.0 0.0 0.0 0.0 1.0 0.0 
0.0 5.4 -5.4 0.0 0.0 0.0 0.0 0.0 1.0 

0.0 0.4 0.6 0.0 0.0 0.0 0.0 0.0 0.0 
0.0 -2.4 3.4 0.0 0.0 0.0 0.0 0.0 0.0 
0.0 -12.4 13.4 0.0 0.0 0.0 0.0 0.0 0.0 
0.0 -4.4 -3.1 0.0 0.0 0.0 0.0 8.5 0.0 
0.0 -101.0 102.0 0.0 0.0 0.0 0.0 0.0 0.0 
0.0 -1.4 -1.6 0.0 0.0 0.0 0.0 3.0 1.0 
0.0 -1.0 2.0 0.0 0.0 0.0 0.0 0.0 0.0 
0.0 -7.3 7.3 0.0 0.0 0.0 0.0 1.0 0.0 
0.0 6.0 -6.0 0.0 0.0 0.0 0.0 0.0 1.0 

0.0 0.0 1.0 0.0 0.0 0.0 0.0 0.0 0.0 
0.0 -2.9 3.9 0.0 0.0 0.0 0.0 0.0 0.0 
0.0 -12.9 13.9 0.0 0.0 0.0 0.0 0.0 0.0 
0.0 -4.9 -2.6 0.0 0.0 0.0 0.0 8.5 0.0 
0.0 -101.4 102.4 0.0 0.0 0.0 0.0 0.0 0.0 
0.0 -1.0 -2.0 0.0 0.0 0.0 0.0 3.0 1.0 
0.0 -1.4 2.4 0.0 0.0 0.0 0.0 0.0 0.0 
0.0 -7.7 7.7 0.0 0.0 0.0 0.0 1.0 0.0 
0.0 6.4 -6.4 0.0 0.0 0.0 0.0 0.0 1.0 

0.0 0.9 0.1 0.0 0.0 0.0 0.0 0.0 0.0 
0.0 -2.0 3.0 0.0 0.0 0.0 0.0 0.0 0.0 
0.0 -12.0 13.0 0.0 0.0 0.0 0.0 0.0 0.0 
0.0 -4.0 -3.5 0.0 0.0 0.0 0.0 8.5 0.0 
0.0 -100.6 101.6 0.0 0.0 0.0 0.0 0.0 0.0 
0.0 -1.9 -1.1 0.0 0.0 0.0 0.0 3.0 1.0 
0.0 -0.6 1.6 0.0 0.0 0.0 0.0 0.0 0.0 
0.0 -6.9 6.9 0.0 0.0 0.0 0.0 1.0 0.0 
0.0 5.6 -5.6 0.0 0.0 0.0 0.0 0.0 1.0 

1.0 0.0 0.0 0.0 0.0 0.0 0.0 0.0 0.0 
0.0 1.7 1.3 0.0 0.0 1.0 0.0 -3.0 0.0 
0.0 -0.3 -0.2 0.0 0.0 1.0 0.0 0.5 0.0 
0.0 -2.6 -1.9 0.0 0.0 1.0 0.0 4.5 0.0 
0.0 -18.0 -13.5 0.0 0.0 1.0 0.0 31.5 0.0 
0.0 -1.0 -2.0 0.0 0.0 0.0 0.0 4.0 0.0 
0.0 2.0 1.5 0.0 0.0 1.0 0.0 -3.5 0.0 
0.0 0.3 0.2 0.0 0.0 1.0 0.0 -0.5 0.0 
0.0 2.9 2.1 0.0 0.0 1.0 0.0 -5.0 0.0 

0.0 0.6 0.4 0.0 0.0 0.0 0.0 0.0 0.0 
0.0 -2.3 3.3 0.0 0.0 0.0 0.0 0.0 0.0 
0.0 -12.3 13.3 0.0 0.0 0.0 0.0 0.0 0.0 
0.0 -4.3 -3.2 0.0 0.0 0.0 0.0 8.5 0.0 
0.0 -100.9 101.9 0.0 0.0 0.0 0.0 0.0 0.0 
0.0 -1.6 -1.4 0.0 0.0 0.0 0.0 3.0 1.0 
0.0 -0.9 1.9 0.0 0.0 0.0 0.0 0.0 0.0 
0.0 -7.1 7.1 0.0 0.0 0.0 0.0 1.0 0.0 
0.0 5.9 -5.9 0.0 0.0 0.0 0.0 0.0 1.0 

1.0 0.0 0.0 0.0 0.0 0.0 0.0 0.0 0.0 
0.0 1.1 -0.3 0.1 0.0 0.0 0.0 0.0 0.0 
0.0 0.6 -0.1 0.5 0.0 0.0 0.0 0.0 0.0 
0.0 0.0 0.0 1.0 0.0 0.0 0.0 0.0 0.0 
0.0 0.8 -0.2 0.4 0.0 0.0 0.0 0.0 0.0 
0.0 0.0 0.0 0.0 0.0 1.0 0.0 0.0 0.0 
1.0 0.0 0.0 0.0 0.0 0.0 0.0 0.0 0.0 
0.0 0.3 -0.6 0.3 0.0 0.0 0.0 1.0 0.0 
0.0 -0.3 -0.8 -0.3 0.0 0.0 1.0 1.3 0.0 

0.0 -0.0 -0.1 0.0 0.1 0.0 1.0 0.0 0.0 
0.0 0.9 -0.3 0.0 0.4 0.0 0.0 0.0 0.0 
0.0 -0.4 0.0 0.0 1.4 0.0 0.0 0.0 0.0 
0.0 -1.9 0.3 0.0 2.5 0.0 0.0 0.0 0.0 
0.0 -0.0 -0.1 0.0 1.1 0.0 0.0 0.0 0.0 
0.0 -2.3 -0.6 0.0 -0.1 0.0 0.0 3.0 1.0 
0.0 -0.0 -0.1 0.0 0.1 0.0 1.0 0.0 0.0 
0.0 -0.2 -0.6 0.0 0.8 0.0 0.0 1.0 0.0 
0.0 0.2 0.5 0.0 -0.7 0.0 0.0 0.0 1.0 

0.0 0.0 0.0 0.0 0.0 0.0 1.0 0.0 0.0 
0.0 0.9 -0.2 0.0 0.3 0.0 0.0 0.0 0.0 
0.0 -0.4 0.1 0.0 1.3 0.0 0.0 0.0 0.0 
0.0 -1.8 0.4 0.0 2.4 0.0 0.0 0.0 0.0 
0.0 0.0 0.0 0.0 1.0 0.0 0.0 0.0 0.0 
0.0 -2.3 -0.7 0.0 -0.0 0.0 0.0 3.0 1.0 
0.0 0.0 0.0 0.0 0.0 0.0 1.0 0.0 0.0 
0.0 -0.2 -0.5 0.0 0.7 0.0 0.0 1.0 0.0 
0.0 0.2 0.4 0.0 -0.6 0.0 0.0 0.0 1.0 

1.0
2.0
9.0
17.0
71.0
8.0
1.0
7.0
-2.0
