0.0 0.0 1.1 -0.1 0.0 0.0 0.0 
0.0 0.0 -3.3 4.3 0.0 0.0 0.0 
0.0 0.0 -2.2 3.2 0.0 0.0 0.0 
0.0 0.0 -12.2 13.2 0.0 0.0 0.0 
0.0 0.0 -110.6 111.6 0.0 0.0 0.0 
0.0 0.0 0.2 -0.2 0.0 1.0 0.0 
0.0 0.0 1.2 -0.1 0.0 0.0 0.0 

0.0 0.0 0.9 0.1 0.0 0.0 0.0 
0.0 0.0 -3.5 4.5 0.0 0.0 0.0 
0.0 0.0 -2.4 3.4 0.0 0.0 0.0 
0.0 0.0 -12.4 13.4 0.0 0.0 0.0 
0.0 0.0 -110.7 111.7 0.0 0.0 0.0 
0.0 0.0 0.4 -0.4 0.0 1.0 0.0 
0.0 0.0 1.0 0.0 0.0 0.0 0.0 

0.0 0.0 1.3 -0.3 0.0 0.0 0.0 
0.0 0.0 -3.1 4.1 0.0 0.0 0.0 
0.0 0.0 -2.0 3.0 0.0 0.0 0.0 
0.0 0.0 -12.0 13.0 0.0 0.0 0.0 
0.0 0.0 -110.3 111.3 0.0 0.0 0.0 
0.0 0.0 0.0 0.0 0.0 1.0 0.0 
0.0 0.0 1.4 -0.3 0.0 0.0 0.0 

0.0 0.0 1.2 -0.2 0.0 0.0 0.0 
0.0 0.0 -3.2 4.2 0.0 0.0 0.0 
0.0 0.0 -2.1 3.1 0.0 0.0 0.0 
0.0 0.0 -12.1 13.1 0.0 0.0 0.0 
0.0 0.0 -110.4 111.4 0.0 0.0 0.0 
0.0 0.0 0.1 -0.1 0.0 1.0 0.0 
0.0 0.0 1.3 -0.2 0.0 0.0 0.0 

0.0 0.0 1.0 0.0 0.0 0.0 0.0 
0.0 0.0 -3.4 4.4 0.0 0.0 0.0 
0.0 0.0 -2.3 3.3 0.0 0.0 0.0 
0.0 0.0 -12.3 13.3 0.0 0.0 0.0 
0.0 0.0 -110.7 111.7 0.0 0.0 0.0 
0.0 0.0 0.3 -0.3 0.0 1.0 0.0 
0.0 0.0 1.1 -0.0 0.0 0.0 0.0 

0.0 0.0 0.8 0.2 0.0 0.0 0.0 
0.0 0.0 -3.6 4.6 0.0 0.0 0.0 
0.0 0.0 -2.5 3.5 0.0 0.0 0.0 
0.0 0.0 -12.5 13.5 0.0 0.0 0.0 
0.0 0.0 -110.8 111.8 0.0 0.0 0.0 
0.0 0.0 0.5 -0.5 0.0 1.0 0.0 
0.0 0.0 0.9 0.2 0.0 0.0 0.0 

0.0 0.0 1.2 -0.2 0.0 0.0 0.0 
0.0 0.0 -3.3 4.3 0.0 0.0 0.0 
0.0 0.0 -2.2 3.2 0.0 0.0 0.0 
0.0 0.0 -12.2 13.2 0.0 0.0 0.0 
0.0 0.0 -110.5 111.5 0.0 0.0 0.0 
0.0 0.0 0.2 -0.2 0.0 1.0 0.0 
0.0 0.0 1.2 -0.2 0.0 0.0 0.0 

1.0 0.0 0.0 0.0 0.0 0.0 0.0 
0.0 0.0 -1.3 0.3 0.0 0.0 0.0 
0.0 0.0 -1.3 0.3 0.0 0.0 0.0 
0.0 0.0 -1.1 0.3 0.0 0.1 0.0 
0.0 0.0 0.2 -0.1 0.0 1.2 0.0 
0.0 0.0 2.7 -0.7 0.0 1.0 0.0 
0.0 0.0 -1.3 0.3 0.0 0.0 0.0 

0.0 0.0 1.1 -0.1 0.0 0.0 0.0 
0.0 0.0 -3.4 4.4 0.0 0.0 0.0 
0.0 0.0 -2.3 3.3 0.0 0.0 0.0 
0.0 0.0 -12.3 13.3 0.0 0.0 0.0 
0.0 0.0 -110.6 111.6 0.0 0.0 0.0 
0.0 0.0 0.3 -0.3 0.0 1.0 0.0 
0.0 0.0 1.1 -0.1 0.0 0.0 0.0 

1.0 0.0 0.0 0.0 0.0 0.0 0.0 
1.0 0.0 0.0 0.0 0.0 0.0 0.0 
0.0 0.0 0.2 -0.0 0.0 0.0 0.9 
0.0 0.0 -3.2 0.8 0.0 0.0 3.4 
0.0 0.0 -2.5 0.6 0.0 0.0 2.9 
0.0 0.0 0.0 0.0 0.0 1.0 0.0 
0.0 0.0 0.0 0.0 0.0 0.0 1.0 

0.0 1.0 0.0 0.0 0.0 0.0 0.0 
0.0 1.0 0.0 0.0 0.0 0.0 0.0 
0.0 0.0 0.9 -0.3 0.3 0.0 0.0 
0.0 0.0 -0.3 0.0 1.2 0.0 0.0 
0.0 0.0 -0.0 -0.0 1.0 0.0 0.0 
0.0 0.0 0.0 0.0 -0.0 1.0 0.0 
0.0 0.0 0.9 -0.2 0.4 0.0 0.0 

0.0 1.0 0.0 0.0 -0.0 0.0 0.0 
0.0 1.0 0.0 0.0 -0.0 0.0 0.0 
0.0 0.0 0.9 -0.2 0.3 0.0 0.0 
0.0 0.0 -0.3 0.1 1.2 0.0 0.0 
0.0 0.0 0.0 0.0 1.0 0.0 0.0 
0.0 0.0 0.0 0.0 -0.0 1.0 0.0 
0.0 0.0 0.9 -0.2 0.4 0.0 0.0 

1.0
8.0
6.0
24.0
201.0
170.0
7.0
