0.0 -1.5 2.5 0.0 0.0 0.0 
0.0 43.5 -42.5 0.0 0.0 0.0 
0.0 33.5 -32.5 0.0 0.0 0.0 
0.0 3.5 -2.5 0.0 0.0 0.0 
0.0 399153.5 -399152.5 0.0 0.0 0.0 
0.0 -2.0 2.0 0.0 0.0 1.0 

0.0 0.0 1.0 0.0 0.0 0.0 
0.0 45.0 -44.0 0.0 0.0 0.0 
0.0 35.0 -34.0 0.0 0.0 0.0 
0.0 5.0 -4.0 0.0 0.0 0.0 
0.0 399155.0 -399154.0 0.0 0.0 0.0 
0.0 -3.5 3.5 0.0 0.0 1.0 

0.0 -3.5 4.5 0.0 0.0 0.0 
0.0 41.5 -40.5 0.0 0.0 0.0 
0.0 31.5 -30.5 0.0 0.0 0.0 
0.0 1.5 -0.5 0.0 0.0 0.0 
0.0 399151.5 -399150.5 0.0 0.0 0.0 
0.0 0.0 0.0 0.0 0.0 1.0 

0.0 -2.5 3.5 0.0 0.0 0.0 
0.0 42.5 -41.5 0.0 0.0 0.0 
0.0 32.5 -31.5 0.0 0.0 0.0 
0.0 2.5 -1.5 0.0 0.0 0.0 
0.0 399152.5 -399151.5 0.0 0.0 0.0 
0.0 -1.0 1.0 0.0 0.0 1.0 

0.0 -0.5 1.5 0.0 0.0 0.0 
0.0 44.5 -43.5 0.0 0.0 0.0 
0.0 34.5 -33.5 0.0 0.0 0.0 
0.0 4.5 -3.5 0.0 0.0 0.0 
0.0 399154.5 -399153.5 0.0 0.0 0.0 
0.0 -3.0 3.0 0.0 0.0 1.0 

0.0 1.0 0.0 0.0 0.0 0.0 
0.0 46.0 -45.0 0.0 0.0 0.0 
0.0 36.0 -35.0 0.0 0.0 0.0 
0.0 6.0 -5.0 0.0 0.0 0.0 
0.0 399156.0 -399155.0 0.0 0.0 0.0 
0.0 -4.5 4.5 0.0 0.0 1.0 

0.0 -2.0 3.0 0.0 0.0 0.0 
0.0 43.0 -42.0 0.0 0.0 0.0 
0.0 33.0 -32.0 0.0 0.0 0.0 
0.0 3.0 -2.0 0.0 0.0 0.0 
0.0 399153.0 -399152.0 0.0 0.0 0.0 
0.0 -1.5 1.5 0.0 0.0 1.0 

1.0 0.0 0.0 0.0 0.0 0.0 
0.0 -4.4 5.6 0.0 0.0 2.3 
0.0 -2.6 3.4 0.0 0.0 1.8 
0.0 2.6 -3.4 0.0 0.0 0.3 
0.0 -69848.6 89805.4 0.0 0.0 19957.8 
0.0 -7.0 9.0 0.0 0.0 1.0 

0.0 -1.0 2.0 0.0 0.0 0.0 
0.0 44.0 -43.0 0.0 0.0 0.0 
0.0 34.0 -33.0 0.0 0.0 0.0 
0.0 4.0 -3.0 0.0 0.0 0.0 
0.0 399154.0 -399153.0 0.0 0.0 0.0 
0.0 -2.5 2.5 0.0 0.0 1.0 

1.0 0.0 0.0 0.0 0.0 0.0 
0.0 -35.7 47.0 -8.1 0.0 2.3 
0.0 -28.5 37.6 -6.3 0.0 1.8 
1.0 0.0 0.0 0.0 0.0 0.0 
0.0 -28542.7 37724.2 -7184.7 0.0 1995.8 
0.0 0.0 0.0 0.0 0.0 1.0 

0.0 -0.4 0.4 1.0 0.0 0.0 
0.0 -3.9 4.9 0.0 0.0 0.0 
0.0 -3.9 4.9 0.0 0.0 0.0 
0.0 -0.4 0.4 1.0 0.0 0.0 
0.0 -0.4 0.4 0.0 1.0 0.0 
0.0 0.4 -0.4 0.0 -0.0 1.0 

0.0 0.0 0.0 1.0 0.0 0.0 
0.0 -3.6 4.6 0.0 0.0 0.0 
0.0 -3.6 4.6 0.0 0.0 0.0 
0.0 0.0 0.0 1.0 0.0 0.0 
0.0 0.0 0.0 0.0 1.0 0.0 
0.0 0.1 -0.1 0.0 -0.0 1.0 

1.0
9.0
7.0
1.0
79831.0
4.0
