0.0 0.8 0.0 0.2 0.0 0.0 0.0 0.0 
0.0 10.8 0.0 -9.8 0.0 0.0 0.0 0.0 
0.0 16.8 0.0 -15.8 0.0 0.0 0.0 0.0 
0.0 0.8 0.0 0.2 0.0 0.0 0.0 0.0 
0.0 0.6 0.0 0.3 0.9 0.0 0.0 1.0 
0.0 0.8 0.0 165.5 165.3 0.0 0.0 0.0 
0.0 896.8 0.0 -895.8 0.0 0.0 0.0 0.0 
0.0 -13.4 0.0 13.4 0.0 0.0 0.0 1.0 

0.0 1.4 0.0 -0.4 0.0 0.0 0.0 0.0 
0.0 11.4 0.0 -10.4 0.0 0.0 0.0 0.0 
0.0 17.4 0.0 -16.4 0.0 0.0 0.0 0.0 
0.0 1.4 0.0 -0.4 0.0 0.0 0.0 0.0 
0.0 0.0 0.0 0.9 0.9 0.0 0.0 1.0 
0.0 1.4 0.0 164.9 165.3 0.0 0.0 0.0 
0.0 897.4 0.0 -896.4 0.0 0.0 0.0 0.0 
0.0 -14.0 0.0 14.0 0.0 0.0 0.0 1.0 

0.0 0.0 0.0 1.0 0.0 0.0 0.0 0.0 
0.0 10.0 0.0 -9.0 0.0 0.0 0.0 0.0 
0.0 16.0 0.0 -15.0 0.0 0.0 0.0 0.0 
0.0 0.0 0.0 1.0 0.0 0.0 0.0 0.0 
0.0 1.4 0.0 -0.5 0.9 0.0 0.0 1.0 
0.0 0.0 0.0 166.3 165.3 0.0 0.0 0.0 
0.0 896.0 0.0 -895.0 0.0 0.0 0.0 0.0 
0.0 -12.6 0.0 12.6 0.0 0.0 0.0 1.0 

0.0 0.4 0.0 0.6 0.0 0.0 0.0 0.0 
0.0 10.4 0.0 -9.4 0.0 0.0 0.0 0.0 
0.0 16.4 0.0 -15.4 0.0 0.0 0.0 0.0 
0.0 0.4 0.0 0.6 0.0 0.0 0.0 0.0 
0.0 1.0 0.0 -0.1 0.9 0.0 0.0 1.0 
0.0 0.4 0.0 165.9 165.3 0.0 0.0 0.0 
0.0 896.4 0.0 -895.4 0.0 0.0 0.0 0.0 
0.0 -13.0 0.0 13.0 0.0 0.0 0.0 1.0 

0.0 1.2 0.0 -0.2 0.0 0.0 0.0 0.0 
0.0 11.2 0.0 -10.2 0.0 0.0 0.0 0.0 
0.0 17.2 0.0 -16.2 0.0 0.0 0.0 0.0 
0.0 1.2 0.0 -0.2 0.0 0.0 0.0 0.0 
0.0 0.2 0.0 0.7 0.9 0.0 0.0 1.0 
0.0 1.2 0.0 165.1 165.3 0.0 0.0 0.0 
0.0 897.2 0.0 -896.2 0.0 0.0 0.0 0.0 
0.0 -13.8 0.0 13.8 0.0 0.0 0.0 1.0 

0.0 1.8 0.0 -0.8 0.0 0.0 0.0 0.0 
0.0 11.8 0.0 -10.8 0.0 0.0 0.0 0.0 
0.0 17.8 0.0 -16.8 0.0 0.0 0.0 0.0 
0.0 1.8 0.0 -0.8 0.0 0.0 0.0 0.0 
0.0 -0.4 0.0 1.3 0.9 0.0 0.0 1.0 
0.0 1.8 0.0 164.5 165.3 0.0 0.0 0.0 
0.0 897.8 0.0 -896.8 0.0 0.0 0.0 0.0 
0.0 -14.4 0.0 14.4 0.0 0.0 0.0 1.0 

0.0 0.6 0.0 0.4 0.0 0.0 0.0 0.0 
0.0 10.6 0.0 -9.6 0.0 0.0 0.0 0.0 
0.0 16.6 0.0 -15.6 0.0 0.0 0.0 0.0 
0.0 0.6 0.0 0.4 0.0 0.0 0.0 0.0 
0.0 0.8 0.0 0.1 0.9 0.0 0.0 1.0 
0.0 0.6 0.0 165.7 165.3 0.0 0.0 0.0 
0.0 896.6 0.0 -895.6 0.0 0.0 0.0 0.0 
0.0 -13.2 0.0 13.2 0.0 0.0 0.0 1.0 

1.0 0.0 0.0 0.0 0.0 0.0 0.0 0.0 
0.0 0.0 0.0 -0.9 0.1 0.0 0.0 0.0 
0.0 0.0 0.0 -0.9 0.1 0.0 0.0 0.0 
0.0 0.0 0.0 -1.0 0.0 0.0 0.0 0.0 
0.0 0.0 0.0 2.0 1.0 0.0 0.0 0.0 
0.0 0.0 0.0 164.3 165.3 0.0 0.0 0.0 
0.0 0.0 0.0 7.1 8.1 0.0 0.0 0.0 
0.0 0.0 0.0 -1.0 0.0 0.0 0.0 0.0 

0.0 1.0 0.0 0.0 0.0 0.0 0.0 0.0 
0.0 11.0 0.0 -10.0 0.0 0.0 0.0 0.0 
0.0 17.0 0.0 -16.0 0.0 0.0 0.0 0.0 
0.0 1.0 0.0 0.0 0.0 0.0 0.0 0.0 
0.0 0.4 0.0 0.5 0.9 0.0 0.0 1.0 
0.0 1.0 0.0 165.3 165.3 0.0 0.0 0.0 
0.0 897.0 0.0 -896.0 0.0 0.0 0.0 0.0 
0.0 -13.6 0.0 13.6 0.0 0.0 0.0 1.0 

1.0 0.0 0.0 0.0 0.0 0.0 0.0 0.0 
0.0 0.0 0.0 1.0 0.0 0.0 0.0 0.0 
1.0 0.0 0.0 0.0 0.0 0.0 0.0 0.0 
0.0 0.0 0.0 1.0 0.0 0.0 0.0 0.0 
0.0 0.0 0.0 0.0 1.0 0.0 0.0 0.0 
0.0 0.0 0.0 0.0 0.0 1.0 0.0 0.0 
0.0 0.0 0.0 1.0 0.0 0.0 0.0 0.0 
0.0 -2.7 -14.4 16.2 0.7 -0.0 0.2 -2.4 

0.0 0.0 1.0 0.0 0.0 0.0 0.0 0.0 
0.0 -0.2 0.0 1.0 0.0 0.0 0.1 0.0 
0.0 0.0 1.0 0.0 0.0 0.0 0.0 0.0 
0.0 -0.2 0.0 1.2 0.0 0.0 0.0 0.0 
0.0 0.2 0.0 -0.2 1.0 0.0 -0.0 0.0 
0.0 35.8 0.0 -237.4 0.0 0.0 202.6 0.0 
0.0 0.0 0.0 0.0 0.0 0.0 1.0 0.0 
0.0 1.5 0.0 -1.4 0.0 0.0 -0.2 1.0 

0.0 0.2 1.0 -0.1 0.0 0.0 -0.0 0.0 
0.0 -0.0 0.0 0.9 0.0 0.0 0.1 0.0 
0.0 0.2 1.0 -0.1 0.0 0.0 -0.0 0.0 
0.0 -0.0 0.0 1.0 0.0 0.0 0.0 0.0 
0.0 0.0 0.0 -0.0 1.0 0.0 -0.0 0.0 
0.0 36.0 0.0 -237.5 0.0 0.0 202.5 0.0 
0.0 0.2 0.0 -0.1 0.0 0.0 1.0 0.0 
0.0 1.4 0.0 -1.2 0.0 0.0 -0.2 1.0 

1.0
5.0
8.0
0.0
55.0
9092.0
448.0
0.0
