0.0 1.0 -0.0 0.0 0.0 0.0 0.0 0.0 
0.0 0.0 1.0 0.0 0.0 0.0 0.0 0.0 
0.0 -10.0 11.0 0.0 0.0 0.0 0.0 0.0 
0.0 -132.0 133.0 0.0 0.0 0.0 0.0 0.0 
0.0 -1.0 0.0 0.0 0.0 2.0 0.0 0.0 
0.0 -0.8 0.8 0.0 0.0 1.0 0.0 0.0 
0.0 9.8 -0.2 0.0 0.0 -9.7 0.0 1.0 
0.0 0.5 -0.5 0.0 0.0 0.0 0.0 1.0 

0.0 1.0 0.0 0.0 0.0 0.0 0.0 0.0 
0.0 -0.0 1.0 0.0 0.0 0.0 0.0 0.0 
0.0 -10.0 11.0 0.0 0.0 0.0 0.0 0.0 
0.0 -132.0 133.0 0.0 0.0 0.0 0.0 0.0 
0.0 -1.1 0.1 0.0 0.0 2.0 0.0 0.0 
0.0 -0.9 0.9 0.0 0.0 1.0 0.0 0.0 
0.0 9.9 -0.2 0.0 0.0 -9.7 0.0 1.0 
0.0 0.6 -0.6 0.0 0.0 0.0 0.0 1.0 

0.0 1.1 -0.1 0.0 0.0 0.0 0.0 0.0 
0.0 0.1 0.9 0.0 0.0 0.0 0.0 0.0 
0.0 -9.9 10.9 0.0 0.0 0.0 0.0 0.0 
0.0 -131.9 132.9 0.0 0.0 0.0 0.0 0.0 
0.0 -0.9 -0.1 0.0 0.0 2.0 0.0 0.0 
0.0 -0.8 0.8 0.0 0.0 1.0 0.0 0.0 
0.0 9.8 -0.1 0.0 0.0 -9.7 0.0 1.0 
0.0 0.5 -0.5 0.0 0.0 0.0 0.0 1.0 

0.0 1.1 -0.1 0.0 0.0 0.0 0.0 0.0 
0.0 0.1 0.9 0.0 0.0 0.0 0.0 0.0 
0.0 -9.9 10.9 0.0 0.0 0.0 0.0 0.0 
0.0 -131.9 132.9 0.0 0.0 0.0 0.0 0.0 
0.0 -1.0 -0.0 0.0 0.0 2.0 0.0 0.0 
0.0 -0.8 0.8 0.0 0.0 1.0 0.0 0.0 
0.0 9.8 -0.1 0.0 0.0 -9.7 0.0 1.0 
0.0 0.5 -0.5 0.0 0.0 0.0 0.0 1.0 

0.0 1.0 0.0 0.0 0.0 0.0 0.0 0.0 
0.0 0.0 1.0 0.0 0.0 0.0 0.0 0.0 
0.0 -10.0 11.0 0.0 0.0 0.0 0.0 0.0 
0.0 -132.0 133.0 0.0 0.0 0.0 0.0 0.0 
0.0 -1.0 0.0 0.0 0.0 2.0 0.0 0.0 
0.0 -0.8 0.8 0.0 0.0 1.0 0.0 0.0 
0.0 9.9 -0.2 0.0 0.0 -9.7 0.0 1.0 
0.0 0.6 -0.6 0.0 0.0 0.0 0.0 1.0 

0.0 0.9 0.1 0.0 0.0 0.0 0.0 0.0 
0.0 -0.1 1.1 0.0 0.0 0.0 0.0 0.0 
0.0 -10.1 11.1 0.0 0.0 0.0 0.0 0.0 
0.0 -132.1 133.1 0.0 0.0 0.0 0.0 0.0 
0.0 -1.1 0.1 0.0 0.0 2.0 0.0 0.0 
0.0 -0.9 0.9 0.0 0.0 1.0 0.0 0.0 
0.0 9.9 -0.3 0.0 0.0 -9.7 0.0 1.0 
0.0 0.6 -0.6 0.0 0.0 0.0 0.0 1.0 

0.0 1.1 -0.1 0.0 0.0 0.0 0.0 0.0 
0.0 0.1 0.9 0.0 0.0 0.0 0.0 0.0 
0.0 -9.9 10.9 0.0 0.0 0.0 0.0 0.0 
0.0 -131.9 132.9 0.0 0.0 0.0 0.0 0.0 
0.0 -1.0 -0.0 0.0 0.0 2.0 0.0 0.0 
0.0 -0.8 0.8 0.0 0.0 1.0 0.0 0.0 
0.0 9.8 -0.2 0.0 0.0 -9.7 0.0 1.0 
0.0 0.5 -0.5 0.0 0.0 0.0 0.0 1.0 

1.0 0.0 0.0 0.0 0.0 0.0 0.0 0.0 
0.0 -1.0 0.0 0.0 0.0 1.0 1.0 0.0 
0.0 -21.4 0.3 0.0 0.0 21.0 1.0 0.0 
0.0 -269.4 4.4 0.0 0.0 265.0 1.0 0.0 
0.0 -1.0 0.0 0.0 0.0 1.0 1.0 0.0 
0.0 -1.7 0.0 0.0 0.0 1.7 1.0 0.0 
0.0 0.1 -0.1 0.0 0.0 1.0 0.0 0.0 
0.0 -8.8 0.1 0.0 0.0 8.7 1.0 0.0 

0.0 1.0 -0.0 0.0 0.0 0.0 0.0 0.0 
0.0 0.0 1.0 0.0 0.0 0.0 0.0 0.0 
0.0 -10.0 11.0 0.0 0.0 0.0 0.0 0.0 
0.0 -132.0 133.0 0.0 0.0 0.0 0.0 0.0 
0.0 -1.0 0.0 0.0 0.0 2.0 0.0 0.0 
0.0 -0.8 0.8 0.0 0.0 1.0 0.0 0.0 
0.0 9.9 -0.2 0.0 0.0 -9.7 0.0 1.0 
0.0 0.5 -0.5 0.0 0.0 0.0 0.0 1.0 

1.0 0.0 0.0 0.0 0.0 0.0 0.0 0.0 
0.0 0.0 0.0 0.0 1.0 0.0 0.0 0.0 
0.0 -11.0 1.0 0.0 11.0 0.0 0.0 0.0 
0.0 -13.4 1.2 0.0 13.2 0.0 0.0 0.0 
0.0 0.0 0.0 0.0 1.0 0.0 0.0 0.0 
0.0 -0.8 0.0 0.0 0.8 1.0 0.0 0.0 
0.0 0.0 0.0 0.0 0.0 0.0 1.0 0.0 
0.0 -6.5 -0.1 0.0 2.1 5.5 0.0 0.0 

0.0 1.1 -0.1 0.0 0.0 0.0 0.0 0.0 
0.0 1.0 -0.1 0.1 0.0 0.0 0.0 0.0 
0.0 0.2 -0.0 0.8 0.0 0.0 0.0 0.0 
0.0 0.0 0.0 1.0 0.0 0.0 0.0 0.0 
0.0 1.0 -0.1 0.1 0.0 0.0 0.0 0.0 
0.0 0.0 -0.1 0.1 0.0 1.0 0.0 0.0 
0.0 9.8 -0.1 -0.0 0.0 -9.7 0.0 1.0 
0.0 -0.0 0.1 -0.0 0.0 0.0 0.0 1.0 

0.0 1.1 -0.1 0.0 0.0 0.0 0.0 0.0 
0.0 1.0 -0.1 0.1 0.0 0.0 0.0 0.0 
0.0 0.2 -0.0 0.8 0.0 0.0 0.0 0.0 
0.0 -0.0 0.0 1.0 0.0 0.0 0.0 0.0 
0.0 1.0 -0.1 0.1 0.0 0.0 0.0 0.0 
0.0 0.0 -0.1 0.1 0.0 1.0 0.0 0.0 
0.0 9.8 -0.1 -0.0 0.0 -9.7 0.0 1.0 
0.0 -0.0 0.0 -0.0 0.0 0.0 0.0 1.0 

1.0
6.0
66.0
798.0
6.0
8.0
3.0
29.0
