0.0 0.5 0.5 0.0 0.0 0.0 0.0 0.0 
0.0 15.5 -14.5 0.0 0.0 0.0 0.0 0.0 
0.0 5.5 -4.5 0.0 0.0 0.0 0.0 0.0 
0.0 10.3 12.7 0.0 1.0 0.0 0.0 -23.0 
0.0 -21.2 21.2 0.0 1.0 0.0 0.0 0.0 
0.0 578.0 -577.0 0.0 0.0 0.0 0.0 0.0 
0.0 -0.5 -0.5 0.0 0.0 0.0 0.0 2.0 
0.0 10.0 -10.0 0.0 0.0 0.0 0.0 1.0 

0.0 1.3 -0.3 0.0 0.0 0.0 0.0 0.0 
0.0 16.3 -15.3 0.0 0.0 0.0 0.0 0.0 
0.0 6.3 -5.3 0.0 0.0 0.0 0.0 0.0 
0.0 9.5 13.4 0.0 1.0 0.0 0.0 -23.0 
0.0 -22.0 21.9 0.0 1.0 0.0 0.0 0.0 
0.0 578.8 -577.8 0.0 0.0 0.0 0.0 0.0 
0.0 0.3 -1.3 0.0 0.0 0.0 0.0 2.0 
0.0 10.8 -10.8 0.0 0.0 0.0 0.0 1.0 

0.0 -0.5 1.5 0.0 0.0 0.0 0.0 0.0 
0.0 14.5 -13.5 0.0 0.0 0.0 0.0 0.0 
0.0 4.5 -3.5 0.0 0.0 0.0 0.0 0.0 
0.0 11.3 11.7 0.0 1.0 0.0 0.0 -23.0 
0.0 -20.2 20.2 0.0 1.0 0.0 0.0 0.0 
0.0 577.0 -576.0 0.0 0.0 0.0 0.0 0.0 
0.0 -1.5 0.5 0.0 0.0 0.0 0.0 2.0 
0.0 9.0 -9.0 0.0 0.0 0.0 0.0 1.0 

0.0 0.0 1.0 0.0 0.0 0.0 0.0 0.0 
0.0 15.0 -14.0 0.0 0.0 0.0 0.0 0.0 
0.0 5.0 -4.0 0.0 0.0 0.0 0.0 0.0 
0.0 10.8 12.2 0.0 1.0 0.0 0.0 -23.0 
0.0 -20.7 20.7 0.0 1.0 0.0 0.0 0.0 
0.0 577.5 -576.5 0.0 0.0 0.0 0.0 0.0 
0.0 -1.0 0.0 0.0 0.0 0.0 0.0 2.0 
0.0 9.5 -9.5 0.0 0.0 0.0 0.0 1.0 

0.0 1.0 0.0 0.0 0.0 0.0 0.0 0.0 
0.0 16.0 -15.0 0.0 0.0 0.0 0.0 0.0 
0.0 6.0 -5.0 0.0 0.0 0.0 0.0 0.0 
0.0 9.8 13.2 0.0 1.0 0.0 0.0 -23.0 
0.0 -21.7 21.7 0.0 1.0 0.0 0.0 0.0 
0.0 578.5 -577.5 0.0 0.0 0.0 0.0 0.0 
0.0 0.0 -1.0 0.0 0.0 0.0 0.0 2.0 
0.0 10.5 -10.5 0.0 0.0 0.0 0.0 1.0 

0.0 1.8 -0.8 0.0 0.0 0.0 0.0 0.0 
0.0 16.8 -15.8 0.0 0.0 0.0 0.0 0.0 
0.0 6.8 -5.8 0.0 0.0 0.0 0.0 0.0 
0.0 9.0 13.9 0.0 1.0 0.0 0.0 -23.0 
0.0 -22.5 22.4 0.0 1.0 0.0 0.0 0.0 
0.0 579.3 -578.3 0.0 0.0 0.0 0.0 0.0 
0.0 0.8 -1.8 0.0 0.0 0.0 0.0 2.0 
0.0 11.3 -11.3 0.0 0.0 0.0 0.0 1.0 

0.0 0.3 0.8 0.0 0.0 0.0 0.0 0.0 
0.0 15.3 -14.3 0.0 0.0 0.0 0.0 0.0 
0.0 5.3 -4.3 0.0 0.0 0.0 0.0 0.0 
0.0 10.5 12.4 0.0 1.0 0.0 0.0 -23.0 
0.0 -21.0 20.9 0.0 1.0 0.0 0.0 0.0 
0.0 577.8 -576.8 0.0 0.0 0.0 0.0 0.0 
0.0 -0.8 -0.3 0.0 0.0 0.0 0.0 2.0 
0.0 9.8 -9.8 0.0 0.0 0.0 0.0 1.0 

1.0 0.0 0.0 0.0 0.0 0.0 0.0 0.0 
0.0 5.5 5.5 1.0 0.0 0.0 0.0 -11.0 
0.0 6.5 6.5 1.0 0.0 0.0 0.0 -13.0 
0.0 -7.5 -5.5 0.0 0.0 0.0 0.0 14.0 
0.0 -9.5 -9.5 1.0 0.0 0.0 0.0 19.0 
0.0 -50.8 -50.8 1.0 0.0 0.0 0.0 101.5 
0.0 6.0 6.0 1.0 0.0 0.0 0.0 -12.0 
0.0 5.5 5.5 1.0 0.0 0.0 0.0 -11.0 

0.0 0.8 0.3 0.0 0.0 0.0 0.0 0.0 
0.0 15.8 -14.8 0.0 0.0 0.0 0.0 0.0 
0.0 5.8 -4.8 0.0 0.0 0.0 0.0 0.0 
0.0 10.0 12.9 0.0 1.0 0.0 0.0 -23.0 
0.0 -21.5 21.4 0.0 1.0 0.0 0.0 0.0 
0.0 578.3 -577.3 0.0 0.0 0.0 0.0 0.0 
0.0 -0.3 -0.8 0.0 0.0 0.0 0.0 2.0 
0.0 10.3 -10.3 0.0 0.0 0.0 0.0 1.0 

1.0 0.0 0.0 0.0 0.0 0.0 0.0 0.0 
0.0 0.3 -0.8 0.0 0.0 0.0 1.5 0.0 
0.0 -0.3 0.8 0.0 0.0 0.0 0.5 0.0 
0.0 0.0 0.0 1.0 0.0 0.0 0.0 0.0 
0.0 -11.5 -11.5 1.0 0.0 0.0 0.0 23.0 
0.0 2.4 -7.1 0.0 0.0 0.0 5.8 0.0 
0.0 0.0 0.0 0.0 0.0 0.0 1.0 0.0 
0.0 -0.5 -0.5 0.0 0.0 0.0 1.0 1.0 

0.0 -0.7 1.7 0.0 0.0 0.0 0.0 0.0 
0.0 -0.6 1.3 0.0 0.0 0.3 0.0 0.0 
0.0 -0.7 1.5 0.0 0.0 0.1 0.0 0.0 
0.0 11.5 11.5 0.0 1.0 0.0 0.0 -23.0 
0.0 0.0 0.0 0.0 1.0 0.0 0.0 0.0 
0.0 -0.2 0.1 0.0 0.0 1.0 0.0 0.0 
0.0 -0.6 1.4 0.0 0.0 0.2 0.0 0.0 
0.0 -1.1 0.9 0.0 0.0 0.2 0.0 1.0 

0.0 -0.5 1.5 0.0 0.0 0.0 0.0 0.0 
0.0 -0.4 1.1 0.0 0.0 0.3 0.0 0.0 
0.0 -0.5 1.4 0.0 0.0 0.1 0.0 0.0 
0.0 11.3 11.6 0.0 1.0 0.0 0.0 -23.0 
0.0 -0.2 0.1 0.0 1.0 0.0 0.0 0.0 
0.0 0.0 0.0 0.0 0.0 1.0 0.0 0.0 
0.0 -0.4 1.3 0.0 0.0 0.2 0.0 0.0 
0.0 -0.9 0.8 0.0 0.0 0.2 0.0 1.0 

1.0
6.0
2.0
28.0
66.0
231.0
4.0
6.0
