0.0 1.0 0.0 0.0 0.0 0.0 0.0 0.0 0.0 
0.0 -7.0 8.0 0.0 0.0 0.0 0.0 0.0 0.0 
0.0 -17.0 18.0 0.0 0.0 0.0 0.0 0.0 0.0 
0.0 0.2 -0.2 0.5 -0.5 0.0 1.0 0.0 0.0 
0.0 0.2 -0.2 -0.5 0.5 0.0 1.0 0.0 0.0 
0.0 -15.0 16.0 0.0 0.0 0.0 0.0 0.0 0.0 
0.0 6.2 -6.2 0.0 0.0 0.0 1.0 0.0 0.0 
0.0 1.0 0.0 0.2 -0.2 0.0 0.0 0.0 0.0 
0.0 -521.0 522.0 0.0 0.0 0.0 0.0 0.0 0.0 

0.0 0.4 0.6 0.0 0.0 0.0 0.0 0.0 0.0 
0.0 -7.6 8.6 0.0 0.0 0.0 0.0 0.0 0.0 
0.0 -17.6 18.6 0.0 0.0 0.0 0.0 0.0 0.0 
0.0 0.8 -0.8 0.5 -0.5 0.0 1.0 0.0 0.0 
0.0 0.8 -0.8 -0.5 0.5 0.0 1.0 0.0 0.0 
0.0 -15.6 16.6 0.0 0.0 0.0 0.0 0.0 0.0 
0.0 6.8 -6.8 0.0 0.0 0.0 1.0 0.0 0.0 
0.0 0.4 0.6 0.2 -0.2 0.0 0.0 0.0 0.0 
0.0 -521.6 522.6 0.0 0.0 0.0 0.0 0.0 0.0 

0.0 1.8 -0.8 0.0 0.0 0.0 0.0 0.0 0.0 
0.0 -6.2 7.2 0.0 0.0 0.0 0.0 0.0 0.0 
0.0 -16.2 17.2 0.0 0.0 0.0 0.0 0.0 0.0 
0.0 -0.6 0.6 0.5 -0.5 0.0 1.0 0.0 0.0 
0.0 -0.6 0.6 -0.5 0.5 0.0 1.0 0.0 0.0 
0.0 -14.2 15.2 0.0 0.0 0.0 0.0 0.0 0.0 
0.0 5.4 -5.4 0.0 0.0 0.0 1.0 0.0 0.0 
0.0 1.8 -0.8 0.2 -0.2 0.0 0.0 0.0 0.0 
0.0 -520.2 521.2 0.0 0.0 0.0 0.0 0.0 0.0 

0.0 1.4 -0.4 0.0 0.0 0.0 0.0 0.0 0.0 
0.0 -6.6 7.6 0.0 0.0 0.0 0.0 0.0 0.0 
0.0 -16.6 17.6 0.0 0.0 0.0 0.0 0.0 0.0 
0.0 -0.2 0.2 0.5 -0.5 0.0 1.0 0.0 0.0 
0.0 -0.2 0.2 -0.5 0.5 0.0 1.0 0.0 0.0 
0.0 -14.6 15.6 0.0 0.0 0.0 0.0 0.0 0.0 
0.0 5.8 -5.8 0.0 0.0 0.0 1.0 0.0 0.0 
0.0 1.4 -0.4 0.2 -0.2 0.0 0.0 0.0 0.0 
0.0 -520.6 521.6 0.0 0.0 0.0 0.0 0.0 0.0 

0.0 0.6 0.4 0.0 0.0 0.0 0.0 0.0 0.0 
0.0 -7.4 8.4 0.0 0.0 0.0 0.0 0.0 0.0 
0.0 -17.4 18.4 0.0 0.0 0.0 0.0 0.0 0.0 
0.0 0.6 -0.6 0.5 -0.5 0.0 1.0 0.0 0.0 
0.0 0.6 -0.6 -0.5 0.5 0.0 1.0 0.0 0.0 
0.0 -15.4 16.4 0.0 0.0 0.0 0.0 0.0 0.0 
0.0 6.6 -6.6 0.0 0.0 0.0 1.0 0.0 0.0 
0.0 0.6 0.4 0.2 -0.2 0.0 0.0 0.0 0.0 
0.0 -521.4 522.4 0.0 0.0 0.0 0.0 0.0 0.0 

0.0 0.0 1.0 0.0 0.0 0.0 0.0 0.0 0.0 
0.0 -8.0 9.0 0.0 0.0 0.0 0.0 0.0 0.0 
0.0 -18.0 19.0 0.0 0.0 0.0 0.0 0.0 0.0 
0.0 1.2 -1.2 0.5 -0.5 0.0 1.0 0.0 0.0 
0.0 1.2 -1.2 -0.5 0.5 0.0 1.0 0.0 0.0 
0.0 -16.0 17.0 0.0 0.0 0.0 0.0 0.0 0.0 
0.0 7.2 -7.2 0.0 0.0 0.0 1.0 0.0 0.0 
0.0 0.0 1.0 0.2 -0.2 0.0 0.0 0.0 0.0 
0.0 -522.0 523.0 0.0 0.0 0.0 0.0 0.0 0.0 

0.0 1.2 -0.2 0.0 0.0 0.0 0.0 0.0 0.0 
0.0 -6.8 7.8 0.0 0.0 0.0 0.0 0.0 0.0 
0.0 -16.8 17.8 0.0 0.0 0.0 0.0 0.0 0.0 
0.0 0.0 0.0 0.5 -0.5 0.0 1.0 0.0 0.0 
0.0 0.0 0.0 -0.5 0.5 0.0 1.0 0.0 0.0 
0.0 -14.8 15.8 0.0 0.0 0.0 0.0 0.0 0.0 
0.0 6.0 -6.0 0.0 0.0 0.0 1.0 0.0 0.0 
0.0 1.2 -0.2 0.2 -0.2 0.0 0.0 0.0 0.0 
0.0 -520.8 521.8 0.0 0.0 0.0 0.0 0.0 0.0 

1.0 0.0 0.0 0.0 0.0 0.0 0.0 0.0 0.0 
0.0 0.0 0.0 0.1 0.9 0.0 0.0 0.0 0.0 
0.0 0.0 0.0 0.2 0.8 0.0 0.0 0.0 0.0 
0.0 1.8 -0.8 1.1 -1.1 0.0 0.0 0.0 0.0 
0.0 1.8 -0.8 0.1 -0.1 0.0 0.0 0.0 0.0 
0.0 0.0 0.0 0.2 0.8 0.0 0.0 0.0 0.0 
0.0 0.0 0.0 0.4 0.6 0.0 0.0 0.0 0.0 
0.0 0.0 0.0 0.1 0.9 0.0 0.0 0.0 0.0 
0.0 0.0 0.0 8.1 -7.1 0.0 0.0 0.0 0.0 

0.0 0.8 0.2 0.0 0.0 0.0 0.0 0.0 0.0 
0.0 -7.2 8.2 0.0 0.0 0.0 0.0 0.0 0.0 
0.0 -17.2 18.2 0.0 0.0 0.0 0.0 0.0 0.0 
0.0 0.4 -0.4 0.5 -0.5 0.0 1.0 0.0 0.0 
0.0 0.4 -0.4 -0.5 0.5 0.0 1.0 0.0 0.0 
0.0 -15.2 16.2 0.0 0.0 0.0 0.0 0.0 0.0 
0.0 6.4 -6.4 0.0 0.0 0.0 1.0 0.0 0.0 
0.0 0.8 0.2 0.2 -0.2 0.0 0.0 0.0 0.0 
0.0 -521.2 522.2 0.0 0.0 0.0 0.0 0.0 0.0 

1.0 0.0 0.0 0.0 0.0 0.0 0.0 0.0 0.0 
0.0 0.4 -0.2 0.0 0.0 0.0 0.0 0.8 0.0 
0.0 -1.4 0.6 0.0 0.0 0.0 0.0 1.8 0.0 
0.0 0.0 0.0 1.0 0.0 0.0 0.0 0.0 0.0 
0.0 0.0 0.0 0.0 1.0 0.0 0.0 0.0 0.0 
1.0 0.0 0.0 0.0 0.0 0.0 0.0 0.0 0.0 
0.0 5.1 -2.2 0.6 -0.6 -1.0 0.0 -0.9 0.0 
0.0 0.0 0.0 0.0 0.0 0.0 0.0 1.0 0.0 
0.0 -7.6 3.4 0.0 0.0 0.0 0.0 5.2 0.0 

0.0 0.0 0.0 0.0 0.0 1.0 0.0 0.0 0.0 
0.0 1.6 -0.8 0.0 0.0 0.0 0.0 0.0 0.2 
0.0 1.3 -0.7 0.0 0.0 0.0 0.0 0.0 0.4 
0.0 -0.7 0.7 0.5 -0.5 0.0 1.0 0.0 -0.0 
0.0 -0.7 0.7 -0.5 0.5 0.0 1.0 0.0 -0.0 
0.0 0.0 0.0 0.0 0.0 1.0 0.0 0.0 0.0 
0.0 -0.5 0.7 0.0 0.0 0.0 1.0 0.0 -0.1 
0.0 1.6 -0.8 0.0 0.0 0.0 0.0 0.0 0.2 
0.0 0.1 -0.1 0.0 0.0 0.0 0.0 0.0 1.0 

0.0 -0.1 0.1 0.0 0.0 1.0 0.0 0.0 -0.0 
0.0 1.5 -0.7 0.0 0.0 0.0 0.0 0.0 0.2 
0.0 1.2 -0.5 0.0 0.0 0.0 0.0 0.0 0.3 
0.0 -0.6 0.6 0.5 -0.5 0.0 1.0 0.0 -0.0 
0.0 -0.6 0.6 -0.5 0.5 0.0 1.0 0.0 -0.0 
0.0 -0.1 0.1 0.0 0.0 1.0 0.0 0.0 -0.0 
0.0 -0.4 0.5 0.0 0.0 0.0 1.0 0.0 -0.1 
0.0 1.5 -0.7 0.0 0.0 0.0 0.0 0.0 0.2 
0.0 0.0 0.0 0.0 0.0 0.0 0.0 0.0 1.0 

1.0
4.0
9.0
34.0
2.0
8.0
14.0
5.0
261.0
