0.0 0.5 0.5 0.0 0.0 0.0 0.0 0.0 0.0 
0.0 -14.5 15.5 0.0 0.0 0.0 0.0 0.0 0.0 
0.0 -24.5 25.5 0.0 0.0 0.0 0.0 0.0 0.0 
0.0 0.6 0.3 0.0 0.0 0.0 0.0 0.1 0.0 
0.0 -1249.1 1694.4 0.0 0.0 0.0 0.0 -445.3 1.0 
0.0 -45754.5 45755.5 0.0 0.0 0.0 0.0 0.0 0.0 
0.0 -1244.1 1689.3 0.0 0.0 0.0 0.0 -445.2 1.0 
0.0 -29.0 29.0 0.0 0.0 0.0 0.0 1.0 0.0 
0.0 9258.5 -9258.5 0.0 0.0 0.0 0.0 0.0 1.0 

0.0 -1.0 2.0 0.0 0.0 0.0 0.0 0.0 0.0 
0.0 -16.0 17.0 0.0 0.0 0.0 0.0 0.0 0.0 
0.0 -26.0 27.0 0.0 0.0 0.0 0.0 0.0 0.0 
0.0 -0.9 1.8 0.0 0.0 0.0 0.0 0.1 0.0 
0.0 -1247.6 1692.9 0.0 0.0 0.0 0.0 -445.3 1.0 
0.0 -45756.0 45757.0 0.0 0.0 0.0 0.0 0.0 0.0 
0.0 -1242.6 1687.8 0.0 0.0 0.0 0.0 -445.2 1.0 
0.0 -30.5 30.5 0.0 0.0 0.0 0.0 1.0 0.0 
0.0 9260.0 -9260.0 0.0 0.0 0.0 0.0 0.0 1.0 

0.0 2.5 -1.5 0.0 0.0 0.0 0.0 0.0 0.0 
0.0 -12.5 13.5 0.0 0.0 0.0 0.0 0.0 0.0 
0.0 -22.5 23.5 0.0 0.0 0.0 0.0 0.0 0.0 
0.0 2.6 -1.7 0.0 0.0 0.0 0.0 0.1 0.0 
0.0 -1251.1 1696.4 0.0 0.0 0.0 0.0 -445.3 1.0 
0.0 -45752.5 45753.5 0.0 0.0 0.0 0.0 0.0 0.0 
0.0 -1246.1 1691.3 0.0 0.0 0.0 0.0 -445.2 1.0 
0.0 -27.0 27.0 0.0 0.0 0.0 0.0 1.0 0.0 
0.0 9256.5 -9256.5 0.0 0.0 0.0 0.0 0.0 1.0 

0.0 1.5 -0.5 0.0 0.0 0.0 0.0 0.0 0.0 
0.0 -13.5 14.5 0.0 0.0 0.0 0.0 0.0 0.0 
0.0 -23.5 24.5 0.0 0.0 0.0 0.0 0.0 0.0 
0.0 1.6 -0.7 0.0 0.0 0.0 0.0 0.1 0.0 
0.0 -1250.1 1695.4 0.0 0.0 0.0 0.0 -445.3 1.0 
0.0 -45753.5 45754.5 0.0 0.0 0.0 0.0 0.0 0.0 
0.0 -1245.1 1690.3 0.0 0.0 0.0 0.0 -445.2 1.0 
0.0 -28.0 28.0 0.0 0.0 0.0 0.0 1.0 0.0 
0.0 9257.5 -9257.5 0.0 0.0 0.0 0.0 0.0 1.0 

0.0 -0.5 1.5 0.0 0.0 0.0 0.0 0.0 0.0 
0.0 -15.5 16.5 0.0 0.0 0.0 0.0 0.0 0.0 
0.0 -25.5 26.5 0.0 0.0 0.0 0.0 0.0 0.0 
0.0 -0.4 1.3 0.0 0.0 0.0 0.0 0.1 0.0 
0.0 -1248.1 1693.4 0.0 0.0 0.0 0.0 -445.3 1.0 
0.0 -45755.5 45756.5 0.0 0.0 0.0 0.0 0.0 0.0 
0.0 -1243.1 1688.3 0.0 0.0 0.0 0.0 -445.2 1.0 
0.0 -30.0 30.0 0.0 0.0 0.0 0.0 1.0 0.0 
0.0 9259.5 -9259.5 0.0 0.0 0.0 0.0 0.0 1.0 

0.0 -2.0 3.0 0.0 0.0 0.0 0.0 0.0 0.0 
0.0 -17.0 18.0 0.0 0.0 0.0 0.0 0.0 0.0 
0.0 -27.0 28.0 0.0 0.0 0.0 0.0 0.0 0.0 
0.0 -1.9 2.8 0.0 0.0 0.0 0.0 0.1 0.0 
0.0 -1246.6 1691.9 0.0 0.0 0.0 0.0 -445.3 1.0 
0.0 -45757.0 45758.0 0.0 0.0 0.0 0.0 0.0 0.0 
0.0 -1241.6 1686.8 0.0 0.0 0.0 0.0 -445.2 1.0 
0.0 -31.5 31.5 0.0 0.0 0.0 0.0 1.0 0.0 
0.0 9261.0 -9261.0 0.0 0.0 0.0 0.0 0.0 1.0 

0.0 1.0 0.0 0.0 0.0 0.0 0.0 0.0 0.0 
0.0 -14.0 15.0 0.0 0.0 0.0 0.0 0.0 0.0 
0.0 -24.0 25.0 0.0 0.0 0.0 0.0 0.0 0.0 
0.0 1.1 -0.2 0.0 0.0 0.0 0.0 0.1 0.0 
0.0 -1249.6 1694.9 0.0 0.0 0.0 0.0 -445.3 1.0 
0.0 -45754.0 45755.0 0.0 0.0 0.0 0.0 0.0 0.0 
0.0 -1244.6 1689.8 0.0 0.0 0.0 0.0 -445.2 1.0 
0.0 -28.5 28.5 0.0 0.0 0.0 0.0 1.0 0.0 
0.0 9258.0 -9258.0 0.0 0.0 0.0 0.0 0.0 1.0 

1.0 0.0 0.0 0.0 0.0 0.0 0.0 0.0 0.0 
0.0 -0.0 0.0 0.0 1.0 0.0 0.0 -0.0 0.0 
0.0 -0.0 0.0 0.0 1.0 0.0 0.0 -0.0 0.0 
0.0 0.1 -0.2 0.0 1.0 0.0 0.0 0.1 0.0 
0.0 2.5 -1.5 0.0 0.0 0.0 0.0 0.0 0.0 
0.0 8.8 -26.4 0.0 1.0 0.0 0.0 17.6 0.0 
0.0 0.0 -0.1 0.0 1.0 0.0 0.0 0.1 0.0 
0.0 0.5 -1.5 0.0 1.0 0.0 0.0 1.0 0.0 
0.0 220.7 -662.0 0.0 1.0 0.0 0.0 441.3 0.0 

0.0 0.0 1.0 0.0 0.0 0.0 0.0 0.0 0.0 
0.0 -15.0 16.0 0.0 0.0 0.0 0.0 0.0 0.0 
0.0 -25.0 26.0 0.0 0.0 0.0 0.0 0.0 0.0 
0.0 0.1 0.8 0.0 0.0 0.0 0.0 0.1 0.0 
0.0 -1248.6 1693.9 0.0 0.0 0.0 0.0 -445.3 1.0 
0.0 -45755.0 45756.0 0.0 0.0 0.0 0.0 0.0 0.0 
0.0 -1243.6 1688.8 0.0 0.0 0.0 0.0 -445.2 1.0 
0.0 -29.5 29.5 0.0 0.0 0.0 0.0 1.0 0.0 
0.0 9259.0 -9259.0 0.0 0.0 0.0 0.0 0.0 1.0 

1.0 0.0 0.0 0.0 0.0 0.0 0.0 0.0 0.0 
0.0 2.4 -1.4 0.0 0.0 0.0 0.0 0.0 0.0 
0.0 2.3 -1.4 0.1 0.0 0.0 0.0 0.0 0.0 
0.0 0.0 0.0 1.0 0.0 0.0 0.0 0.0 0.0 
0.0 0.0 0.0 0.0 1.0 0.0 0.0 0.0 0.0 
0.0 -28.8 17.3 12.5 0.0 0.0 0.0 0.0 0.0 
0.0 0.0 -0.1 0.0 1.0 0.0 0.0 0.1 0.0 
0.0 2.8 -2.9 0.1 0.0 0.0 0.0 1.0 0.0 
0.0 254.0 -655.2 -28.2 0.0 0.0 -0.0 430.4 0.0 

0.0 2.9 -1.9 0.0 0.0 0.0 0.0 0.0 0.0 
0.0 2.9 -1.9 0.0 0.0 0.0 0.0 0.0 0.0 
0.0 2.9 -1.9 0.0 0.0 0.0 0.0 0.0 0.0 
0.0 2.7 -1.8 0.0 0.0 0.1 0.0 0.0 0.0 
0.0 -0.4 0.5 0.0 0.0 -0.0 1.0 -0.1 0.0 
0.0 0.4 -0.4 0.0 0.0 1.0 0.0 0.0 0.0 
0.0 -0.4 0.4 0.0 0.0 -0.0 1.0 0.0 0.0 
0.0 3.4 -3.4 0.0 0.0 0.0 0.0 1.0 0.0 
0.0 -1023.2 1025.4 0.0 0.0 -2.2 0.0 0.0 1.0 

0.0 2.6 -1.6 0.0 0.0 0.0 0.0 0.0 0.0 
0.0 2.5 -1.6 0.0 0.0 0.0 0.0 0.0 0.0 
0.0 2.5 -1.5 0.0 0.0 0.0 0.0 0.0 0.0 
0.0 2.4 -1.4 0.0 0.0 0.1 0.0 0.0 0.0 
0.0 -0.0 0.1 0.0 0.0 0.0 1.0 -0.1 0.0 
0.0 0.0 0.0 0.0 0.0 1.0 0.0 0.0 0.0 
0.0 0.0 0.0 0.0 0.0 0.0 1.0 0.0 0.0 
0.0 3.0 -3.0 0.0 0.0 0.0 0.0 1.0 0.0 
0.0 -1022.8 1025.1 0.0 0.0 -2.2 0.0 0.0 1.0 

1.0
3.0
5.0
73.0
7.0
9151.0
50.0
526.0
229487.0
