0.0 0.0 1.1 -0.1 0.0 0.0 0.0 0.0 0.0 
0.0 0.0 1.0 -0.0 0.0 -0.0 0.0 0.0 0.0 
0.0 0.0 0.1 0.9 0.0 0.0 0.0 0.0 0.0 
0.0 0.0 -9.9 10.9 0.0 0.0 0.0 0.0 0.0 
0.0 0.0 -29241.2 29241.2 0.0 -7213.1 0.0 7214.1 0.0 
0.0 0.0 218.2 -218.2 0.0 1.0 0.0 0.0 0.0 
0.0 0.0 -3.4 4.4 0.0 0.0 0.0 0.0 0.0 
0.0 0.0 254.7 -254.7 0.0 0.0 0.0 1.0 0.0 
0.0 0.0 -28.4 29.4 0.0 0.0 0.0 0.0 0.0 

0.0 0.0 1.1 -0.1 0.0 0.0 0.0 0.0 0.0 
0.0 0.0 1.0 0.0 0.0 -0.0 0.0 0.0 0.0 
0.0 0.0 0.1 0.9 0.0 0.0 0.0 0.0 0.0 
0.0 0.0 -9.9 10.9 0.0 0.0 0.0 0.0 0.0 
0.0 0.0 -29241.1 29241.1 0.0 -7213.1 0.0 7214.1 0.0 
0.0 0.0 218.3 -218.3 0.0 1.0 0.0 0.0 0.0 
0.0 0.0 -3.5 4.5 0.0 0.0 0.0 0.0 0.0 
0.0 0.0 254.8 -254.8 0.0 0.0 0.0 1.0 0.0 
0.0 0.0 -28.4 29.4 0.0 0.0 0.0 0.0 0.0 

0.0 0.0 1.0 0.0 0.0 0.0 0.0 0.0 0.0 
0.0 0.0 0.9 0.1 0.0 -0.0 0.0 0.0 0.0 
0.0 0.0 0.0 1.0 0.0 0.0 0.0 0.0 0.0 
0.0 0.0 -10.0 11.0 0.0 0.0 0.0 0.0 0.0 
0.0 0.0 -29241.1 29241.1 0.0 -7213.1 0.0 7214.1 0.0 
0.0 0.0 218.3 -218.3 0.0 1.0 0.0 0.0 0.0 
0.0 0.0 -3.5 4.5 0.0 0.0 0.0 0.0 0.0 
0.0 0.0 254.8 -254.8 0.0 0.0 0.0 1.0 0.0 
0.0 0.0 -28.5 29.5 0.0 0.0 0.0 0.0 0.0 

0.0 0.0 0.9 0.1 0.0 0.0 0.0 0.0 0.0 
0.0 0.0 0.9 0.1 0.0 -0.0 0.0 0.0 0.0 
0.0 0.0 -0.1 1.1 0.0 0.0 0.0 0.0 0.0 
0.0 0.0 -10.1 11.1 0.0 0.0 0.0 0.0 0.0 
0.0 0.0 -29241.0 29241.0 0.0 -7213.1 0.0 7214.1 0.0 
0.0 0.0 218.4 -218.4 0.0 1.0 0.0 0.0 0.0 
0.0 0.0 -3.5 4.5 0.0 0.0 0.0 0.0 0.0 
0.0 0.0 254.8 -254.8 0.0 0.0 0.0 1.0 0.0 
0.0 0.0 -28.6 29.6 0.0 0.0 0.0 0.0 0.0 

0.0 0.0 0.9 0.1 0.0 0.0 0.0 0.0 0.0 
0.0 0.0 0.8 0.2 0.0 -0.0 0.0 0.0 0.0 
0.0 0.0 -0.1 1.1 0.0 0.0 0.0 0.0 0.0 
0.0 0.0 -10.1 11.1 0.0 0.0 0.0 0.0 0.0 
0.0 0.0 -29241.0 29241.0 0.0 -7213.1 0.0 7214.1 0.0 
0.0 0.0 218.4 -218.4 0.0 1.0 0.0 0.0 0.0 
0.0 0.0 -3.6 4.6 0.0 0.0 0.0 0.0 0.0 
0.0 0.0 254.9 -254.9 0.0 0.0 0.0 1.0 0.0 
0.0 0.0 -28.6 29.6 0.0 0.0 0.0 0.0 0.0 

0.0 0.0 0.8 0.1 0.0 0.0 0.0 0.0 0.0 
0.0 0.0 0.8 0.2 0.0 -0.0 0.0 0.0 0.0 
0.0 0.0 -0.1 1.1 0.0 0.0 0.0 0.0 0.0 
0.0 0.0 -10.2 11.2 0.0 0.0 0.0 0.0 0.0 
0.0 0.0 -29240.9 29240.9 0.0 -7213.1 0.0 7214.1 0.0 
0.0 0.0 218.5 -218.5 0.0 1.0 0.0 0.0 0.0 
0.0 0.0 -3.6 4.7 0.0 0.0 0.0 0.0 0.0 
0.0 0.0 254.9 -254.9 0.0 0.0 0.0 1.0 0.0 
0.0 0.0 -28.6 29.6 0.0 0.0 0.0 0.0 0.0 

0.0 0.0 0.8 0.2 0.0 0.0 0.0 0.0 0.0 
0.0 0.0 0.7 0.3 0.0 -0.0 0.0 0.0 0.0 
0.0 0.0 -0.2 1.2 0.0 0.0 0.0 0.0 0.0 
0.0 0.0 -10.2 11.2 0.0 0.0 0.0 0.0 0.0 
0.0 0.0 -29240.9 29240.9 0.0 -7213.1 0.0 7214.1 0.0 
0.0 0.0 218.6 -218.6 0.0 1.0 0.0 0.0 0.0 
0.0 0.0 -3.7 4.7 0.0 0.0 0.0 0.0 0.0 
0.0 0.0 255.0 -255.0 0.0 0.0 0.0 1.0 0.0 
0.0 0.0 -28.7 29.7 0.0 0.0 0.0 0.0 0.0 

0.0 0.0 0.8 0.2 0.0 0.0 0.0 0.0 0.0 
0.0 0.0 0.7 0.3 0.0 -0.0 0.0 0.0 0.0 
0.0 0.0 -0.2 1.2 0.0 0.0 0.0 0.0 0.0 
0.0 0.0 -10.2 11.2 0.0 0.0 0.0 0.0 0.0 
0.0 0.0 -29240.8 29240.8 0.0 -7213.1 0.0 7214.1 0.0 
0.0 0.0 218.6 -218.6 0.0 1.0 0.0 0.0 0.0 
0.0 0.0 -3.8 4.8 0.0 0.0 0.0 0.0 0.0 
0.0 0.0 255.1 -255.1 0.0 0.0 0.0 1.0 0.0 
0.0 0.0 -28.8 29.8 0.0 0.0 0.0 0.0 0.0 

0.0 0.0 0.7 0.3 0.0 0.0 0.0 0.0 0.0 
0.0 0.0 0.6 0.4 0.0 -0.0 0.0 0.0 0.0 
0.0 0.0 -0.3 1.3 0.0 0.0 0.0 0.0 0.0 
0.0 0.0 -10.3 11.3 0.0 0.0 0.0 0.0 0.0 
0.0 0.0 -29240.8 29240.8 0.0 -7213.1 0.0 7214.1 0.0 
0.0 0.0 218.7 -218.7 0.0 1.0 0.0 0.0 0.0 
0.0 0.0 -3.8 4.8 0.0 0.0 0.0 0.0 0.0 
0.0 0.0 255.1 -255.1 0.0 0.0 0.0 1.0 0.0 
0.0 0.0 -28.8 29.8 0.0 0.0 0.0 0.0 0.0 

0.0 0.0 0.0 0.0 0.0 0.0 1.0 0.0 0.0 
0.0 0.0 0.4 -0.1 0.0 0.0 0.0 0.0 0.7 
0.0 0.0 0.6 -0.1 0.0 0.0 0.0 0.0 0.5 
0.0 0.0 -3.3 0.4 0.0 0.0 0.0 0.0 3.8 
0.0 0.0 -176985.4 23085.0 0.0 0.0 0.0 0.0 153901.3 
0.0 0.0 68.8 12.2 0.0 1.0 0.0 0.0 -81.0 
0.0 0.0 0.0 0.0 0.0 0.0 1.0 0.0 0.0 
0.0 0.0 80.3 14.2 0.0 0.0 0.0 1.0 -94.5 
0.0 0.0 0.0 0.0 0.0 0.0 0.0 0.0 1.0 

1.0 0.0 0.0 0.0 0.0 0.0 0.0 0.0 0.0 
0.0 1.0 0.0 0.0 0.0 0.0 0.0 0.0 0.0 
0.0 0.7 0.4 -0.0 0.0 0.0 0.0 0.0 0.0 
0.0 7.3 -7.0 0.6 0.0 0.0 0.0 0.0 0.0 
0.0 307802.3 -338581.5 30780.1 0.0 0.0 0.0 0.0 0.0 
0.0 307640.7 -338427.9 30788.2 -1.0 1.0 0.0 0.0 0.0 
1.0 0.0 0.0 0.0 0.0 0.0 0.0 0.0 0.0 
0.0 307613.7 -338402.2 30789.6 -1.0 0.0 0.0 1.0 0.0 
0.0 1.7 -0.7 0.1 0.0 0.0 0.0 0.0 0.0 

1.0 0.0 0.0 0.0 0.0 0.0 0.0 0.0 0.0 
0.0 -307801.3 338581.5 -30780.1 1.0 0.0 0.0 0.0 0.0 
0.0 -307801.7 338581.8 -30780.2 1.0 0.0 0.0 0.0 0.0 
0.0 -307795.0 338574.5 -30779.5 1.0 0.0 0.0 0.0 0.0 
0.0 0.0 0.0 0.0 1.0 0.0 0.0 0.0 0.0 
0.0 -161.7 153.6 8.1 0.0 1.0 0.0 0.0 0.0 
1.0 0.0 0.0 0.0 0.0 0.0 0.0 0.0 0.0 
0.0 -188.7 179.2 9.4 0.0 0.0 0.0 1.0 0.0 
0.0 -307800.7 338580.7 -30780.1 1.0 0.0 0.0 0.0 0.0 

1.0
3.0
2.0
22.0
923407.0
-477.0
9.0
-430.0
59.0
