0.0 0.0 1.0 -0.0 0.0 0.0 0.0 0.0 0.0 0.0 0.0 
0.0 0.0 -1.9 -0.1 3.0 0.0 0.0 0.0 0.0 0.0 0.0 
0.0 0.0 0.0 1.0 0.0 0.0 0.0 0.0 0.0 0.0 0.0 
0.0 0.0 -10.0 11.0 0.0 0.0 0.0 0.0 0.0 0.0 0.0 
0.0 0.0 -1.2 1.2 1.0 0.0 0.0 0.0 0.0 0.0 0.0 
0.0 0.0 0.9 0.1 0.0 0.0 0.0 0.0 0.0 0.0 0.0 
0.0 0.0 1.6 -0.1 -1.5 0.0 0.0 0.0 0.0 1.0 0.0 
0.0 0.0 -9055.5 9056.5 0.0 0.0 0.0 0.0 0.0 0.0 0.0 
0.0 0.0 30.4 0.6 -31.0 0.0 0.0 0.0 0.0 1.0 0.0 
0.0 0.0 1.0 -1.0 0.0 0.0 0.0 0.0 0.0 1.0 0.0 
0.0 0.0 1.0 -0.0 0.0 0.0 0.0 0.0 0.0 0.0 0.0 

0.0 0.0 1.0 0.0 0.0 0.0 0.0 0.0 0.0 0.0 0.0 
0.0 0.0 -2.0 -0.0 3.0 0.0 0.0 0.0 0.0 0.0 0.0 
0.0 0.0 -0.1 1.1 0.0 0.0 0.0 0.0 0.0 0.0 0.0 
0.0 0.0 -10.1 11.1 0.0 0.0 0.0 0.0 0.0 0.0 0.0 
0.0 0.0 -1.2 1.2 1.0 0.0 0.0 0.0 0.0 0.0 0.0 
0.0 0.0 0.8 0.2 0.0 0.0 0.0 0.0 0.0 0.0 0.0 
0.0 0.0 1.7 -0.2 -1.5 0.0 0.0 0.0 0.0 1.0 0.0 
0.0 0.0 -9055.6 9056.6 0.0 0.0 0.0 0.0 0.0 0.0 0.0 
0.0 0.0 30.5 0.5 -31.0 0.0 0.0 0.0 0.0 1.0 0.0 
0.0 0.0 1.1 -1.1 0.0 0.0 0.0 0.0 0.0 1.0 0.0 
0.0 0.0 1.0 0.0 0.0 0.0 0.0 0.0 0.0 0.0 0.0 

0.0 0.0 1.1 -0.1 0.0 0.0 0.0 0.0 0.0 0.0 0.0 
0.0 0.0 -1.8 -0.2 3.0 0.0 0.0 0.0 0.0 0.0 0.0 
0.0 0.0 0.1 0.9 0.0 0.0 0.0 0.0 0.0 0.0 0.0 
0.0 0.0 -9.9 10.9 0.0 0.0 0.0 0.0 0.0 0.0 0.0 
0.0 0.0 -1.1 1.1 1.0 0.0 0.0 0.0 0.0 0.0 0.0 
0.0 0.0 0.9 0.1 0.0 0.0 0.0 0.0 0.0 0.0 0.0 
0.0 0.0 1.5 -0.0 -1.5 0.0 0.0 0.0 0.0 1.0 0.0 
0.0 0.0 -9055.4 9056.4 0.0 0.0 0.0 0.0 0.0 0.0 0.0 
0.0 0.0 30.4 0.6 -31.0 0.0 0.0 0.0 0.0 1.0 0.0 
0.0 0.0 0.9 -0.9 0.0 0.0 0.0 0.0 0.0 1.0 0.0 
0.0 0.0 1.1 -0.1 0.0 0.0 0.0 0.0 0.0 0.0 0.0 

0.0 0.0 1.1 -0.1 0.0 0.0 0.0 0.0 0.0 0.0 0.0 
0.0 0.0 -1.9 -0.1 3.0 0.0 0.0 0.0 0.0 0.0 0.0 
0.0 0.0 0.0 1.0 0.0 0.0 0.0 0.0 0.0 0.0 0.0 
0.0 0.0 -10.0 11.0 0.0 0.0 0.0 0.0 0.0 0.0 0.0 
0.0 0.0 -1.1 1.1 1.0 0.0 0.0 0.0 0.0 0.0 0.0 
0.0 0.0 0.9 0.1 0.0 0.0 0.0 0.0 0.0 0.0 0.0 
0.0 0.0 1.6 -0.1 -1.5 0.0 0.0 0.0 0.0 1.0 0.0 
0.0 0.0 -9055.5 9056.5 0.0 0.0 0.0 0.0 0.0 0.0 0.0 
0.0 0.0 30.4 0.6 -31.0 0.0 0.0 0.0 0.0 1.0 0.0 
0.0 0.0 1.0 -1.0 0.0 0.0 0.0 0.0 0.0 1.0 0.0 
0.0 0.0 1.1 -0.1 0.0 0.0 0.0 0.0 0.0 0.0 0.0 

0.0 0.0 1.0 0.0 0.0 0.0 0.0 0.0 0.0 0.0 0.0 
0.0 0.0 -1.9 -0.1 3.0 0.0 0.0 0.0 0.0 0.0 0.0 
0.0 0.0 -0.0 1.0 0.0 0.0 0.0 0.0 0.0 0.0 0.0 
0.0 0.0 -10.0 11.0 0.0 0.0 0.0 0.0 0.0 0.0 0.0 
0.0 0.0 -1.2 1.2 1.0 0.0 0.0 0.0 0.0 0.0 0.0 
0.0 0.0 0.8 0.2 0.0 0.0 0.0 0.0 0.0 0.0 0.0 
0.0 0.0 1.6 -0.1 -1.5 0.0 0.0 0.0 0.0 1.0 0.0 
0.0 0.0 -9055.6 9056.6 0.0 0.0 0.0 0.0 0.0 0.0 0.0 
0.0 0.0 30.5 0.5 -31.0 0.0 0.0 0.0 0.0 1.0 0.0 
0.0 0.0 1.0 -1.0 0.0 0.0 0.0 0.0 0.0 1.0 0.0 
0.0 0.0 1.0 0.0 0.0 0.0 0.0 0.0 0.0 0.0 0.0 

0.0 0.0 0.9 0.1 0.0 0.0 0.0 0.0 0.0 0.0 0.0 
0.0 0.0 -2.0 0.0 3.0 0.0 0.0 0.0 0.0 0.0 0.0 
0.0 0.0 -0.1 1.1 0.0 0.0 0.0 0.0 0.0 0.0 0.0 
0.0 0.0 -10.1 11.1 0.0 0.0 0.0 0.0 0.0 0.0 0.0 
0.0 0.0 -1.2 1.2 1.0 0.0 0.0 0.0 0.0 0.0 0.0 
0.0 0.0 0.8 0.2 0.0 0.0 0.0 0.0 0.0 0.0 0.0 
0.0 0.0 1.7 -0.2 -1.5 0.0 0.0 0.0 0.0 1.0 0.0 
0.0 0.0 -9055.6 9056.6 0.0 0.0 0.0 0.0 0.0 0.0 0.0 
0.0 0.0 30.5 0.5 -31.0 0.0 0.0 0.0 0.0 1.0 0.0 
0.0 0.0 1.1 -1.1 0.0 0.0 0.0 0.0 0.0 1.0 0.0 
0.0 0.0 0.9 0.1 0.0 0.0 0.0 0.0 0.0 0.0 0.0 

0.0 0.0 1.1 -0.1 0.0 0.0 0.0 0.0 0.0 0.0 0.0 
0.0 0.0 -1.9 -0.1 3.0 0.0 0.0 0.0 0.0 0.0 0.0 
0.0 0.0 0.0 1.0 0.0 0.0 0.0 0.0 0.0 0.0 0.0 
0.0 0.0 -10.0 11.0 0.0 0.0 0.0 0.0 0.0 0.0 0.0 
0.0 0.0 -1.1 1.1 1.0 0.0 0.0 0.0 0.0 0.0 0.0 
0.0 0.0 0.9 0.1 0.0 0.0 0.0 0.0 0.0 0.0 0.0 
0.0 0.0 1.6 -0.1 -1.5 0.0 0.0 0.0 0.0 1.0 0.0 
0.0 0.0 -9055.5 9056.5 0.0 0.0 0.0 0.0 0.0 0.0 0.0 
0.0 0.0 30.4 0.6 -31.0 0.0 0.0 0.0 0.0 1.0 0.0 
0.0 0.0 1.0 -1.0 0.0 0.0 0.0 0.0 0.0 1.0 0.0 
0.0 0.0 1.1 -0.1 0.0 0.0 0.0 0.0 0.0 0.0 0.0 

1.0 0.0 0.0 0.0 0.0 0.0 0.0 0.0 0.0 0.0 0.0 
0.0 0.0 0.0 0.0 0.0 0.0 0.0 0.0 1.0 0.0 0.0 
0.0 0.0 0.0 0.0 0.0 0.0 0.0 0.0 1.0 0.0 0.0 
0.0 0.0 -28.5 -0.5 29.0 0.0 0.0 0.0 1.0 0.0 0.0 
0.0 0.0 -1.5 -0.0 1.5 0.0 0.0 0.0 1.0 0.0 0.0 
0.0 0.0 2.5 0.0 -2.5 0.0 0.0 0.0 1.0 0.0 0.0 
0.0 0.0 -28.5 -0.5 29.0 0.0 0.0 0.0 1.0 0.0 0.0 
0.0 0.0 -25808.2 -452.8 26261.0 0.0 0.0 0.0 1.0 0.0 0.0 
0.0 0.0 -1.8 -0.2 3.0 0.0 0.0 0.0 0.0 0.0 0.0 
0.0 0.0 -27.5 -0.5 28.0 0.0 0.0 0.0 1.0 0.0 0.0 
0.0 0.0 2.9 0.1 -3.0 0.0 0.0 0.0 1.0 0.0 0.0 

0.0 0.0 1.0 -0.0 0.0 0.0 0.0 0.0 0.0 0.0 0.0 
0.0 0.0 -1.9 -0.1 3.0 0.0 0.0 0.0 0.0 0.0 0.0 
0.0 0.0 -0.0 1.0 0.0 0.0 0.0 0.0 0.0 0.0 0.0 
0.0 0.0 -10.0 11.0 0.0 0.0 0.0 0.0 0.0 0.0 0.0 
0.0 0.0 -1.2 1.2 1.0 0.0 0.0 0.0 0.0 0.0 0.0 
0.0 0.0 0.8 0.2 0.0 0.0 0.0 0.0 0.0 0.0 0.0 
0.0 0.0 1.6 -0.1 -1.5 0.0 0.0 0.0 0.0 1.0 0.0 
0.0 0.0 -9055.5 9056.5 0.0 0.0 0.0 0.0 0.0 0.0 0.0 
0.0 0.0 30.4 0.6 -31.0 0.0 0.0 0.0 0.0 1.0 0.0 
0.0 0.0 1.0 -1.0 0.0 0.0 0.0 0.0 0.0 1.0 0.0 
0.0 0.0 1.0 -0.0 0.0 0.0 0.0 0.0 0.0 0.0 0.0 

1.0 0.0 0.0 0.0 0.0 0.0 0.0 0.0 0.0 0.0 0.0 
0.0 1.0 0.0 0.0 0.0 0.0 0.0 0.0 0.0 0.0 0.0 
0.0 1.0 0.0 0.0 0.0 0.0 0.0 0.0 0.0 0.0 0.0 
0.0 10.7 -10.7 1.0 0.0 0.0 0.0 0.0 0.0 0.0 0.0 
0.0 1.2 -1.2 0.0 1.0 0.0 0.0 0.0 0.0 0.0 0.0 
1.0 0.0 0.0 0.0 0.0 0.0 0.0 0.0 0.0 0.0 0.0 
0.0 0.0 -29.0 -0.5 29.5 0.0 0.0 0.0 1.0 0.0 0.0 
0.0 875.3 -964.8 90.4 0.0 0.0 0.0 0.0 0.0 0.0 0.0 
0.0 0.0 0.0 0.0 0.0 0.0 0.0 0.0 1.0 0.0 0.0 
0.0 -0.7 -31.7 -0.6 33.0 0.0 0.0 0.0 0.0 0.0 1.0 
0.0 0.0 0.0 0.0 0.0 0.0 0.0 0.0 0.0 0.0 1.0 

0.0 0.0 0.0 -0.0 0.0 1.0 0.0 0.0 0.0 0.0 0.0 
0.0 0.0 1.1 -0.1 0.0 0.0 0.0 0.0 0.0 0.0 0.0 
0.0 0.0 1.1 -0.1 0.0 0.0 0.0 0.0 0.0 0.0 0.0 
0.0 0.0 1.1 -0.1 0.0 0.0 0.0 0.0 0.0 0.0 0.0 
0.0 0.0 0.1 -0.1 1.0 0.0 0.0 0.0 0.0 0.0 0.0 
0.0 0.0 0.0 -0.0 0.0 1.0 0.0 0.0 0.0 0.0 0.0 
0.0 0.0 -0.0 0.0 0.0 0.0 1.0 -0.0 0.0 0.0 0.0 
0.0 0.0 0.0 0.0 0.0 0.0 0.0 1.0 0.0 0.0 0.0 
0.0 0.0 29.0 0.5 -29.5 0.0 1.0 -0.0 0.0 0.0 0.0 
0.0 0.0 -0.1 0.1 0.0 0.0 0.0 -0.0 0.0 1.0 0.0 
0.0 0.0 32.3 0.7 -33.0 0.0 0.0 -0.0 0.0 1.0 0.0 

0.0 0.0 0.0 0.0 0.0 1.0 0.0 0.0 0.0 0.0 0.0 
0.0 0.0 1.1 -0.1 0.0 0.0 0.0 0.0 0.0 0.0 0.0 
0.0 0.0 1.1 -0.1 0.0 0.0 0.0 0.0 0.0 0.0 0.0 
0.0 0.0 1.1 -0.1 0.0 0.0 0.0 0.0 0.0 0.0 0.0 
0.0 0.0 0.1 -0.1 1.0 0.0 0.0 0.0 0.0 0.0 0.0 
0.0 0.0 0.0 0.0 0.0 1.0 0.0 0.0 0.0 0.0 0.0 
0.0 0.0 0.0 0.0 0.0 0.0 1.0 0.0 0.0 0.0 0.0 
0.0 0.0 -0.0 0.0 0.0 0.0 0.0 1.0 0.0 0.0 0.0 
0.0 0.0 29.0 0.5 -29.5 0.0 1.0 0.0 0.0 0.0 0.0 
0.0 0.0 -0.1 0.1 0.0 0.0 0.0 -0.0 0.0 1.0 0.0 
0.0 0.0 32.3 0.7 -33.0 0.0 0.0 -0.0 0.0 1.0 0.0 

1.0
6.0
6.0
64.0
9.0
1.0
64.0
52528.0
6.0
62.0
0.0
