0.0 -1.0 2.0 0.0 0.0 0.0 0.0 0.0 0.0 
0.0 -21.0 22.0 0.0 0.0 0.0 0.0 0.0 0.0 
0.0 -31.0 32.0 0.0 0.0 0.0 0.0 0.0 0.0 
0.0 -7829415.0 7829415.0 4.4 0.0 1.0 -4.4 0.0 0.0 
0.0 -6381.0 6382.0 0.0 0.0 0.0 0.0 0.0 0.0 
0.0 70464775.0 -70464775.0 0.0 0.0 1.0 0.0 0.0 0.0 
0.0 -7829415.0 7829415.0 3.4 0.0 1.0 -3.4 0.0 0.0 
-3.2 -62673430710240824.0 62673430710240888.0 -4.8 0.0 -2.3 7.1 -64.0 0.0 
0.0 -1.0 2.0 -7254897.9 0.0 0.0 7254897.9 0.0 0.0 

0.0 -4.0 5.0 0.0 0.0 0.0 0.0 0.0 0.0 
0.0 -24.0 25.0 0.0 0.0 0.0 0.0 0.0 0.0 
0.0 -34.0 35.0 0.0 0.0 0.0 0.0 0.0 0.0 
0.0 -7829412.0 7829412.0 4.4 0.0 1.0 -4.4 0.0 0.0 
0.0 -6384.0 6385.0 0.0 0.0 0.0 0.0 0.0 0.0 
0.0 70464778.0 -70464778.0 0.0 0.0 1.0 0.0 0.0 0.0 
0.0 -7829412.0 7829412.0 3.4 0.0 1.0 -3.4 0.0 0.0 
3.0 -8469382555311371.0 8469382555311368.0 11.2 0.0 3.1 -14.3 0.0 0.0 
0.0 -4.0 5.0 -7254897.9 0.0 0.0 7254897.9 0.0 0.0 

0.0 3.0 -2.0 0.0 0.0 0.0 0.0 0.0 0.0 
0.0 -17.0 18.0 0.0 0.0 0.0 0.0 0.0 0.0 
0.0 -27.0 28.0 0.0 0.0 0.0 0.0 0.0 0.0 
0.0 -7829419.0 7829419.0 4.4 0.0 1.0 -4.4 0.0 0.0 
0.0 -6377.0 6378.0 0.0 0.0 0.0 0.0 0.0 0.0 
0.0 70464771.0 -70464771.0 0.0 0.0 1.0 0.0 0.0 0.0 
0.0 -7829419.0 7829419.0 3.4 0.0 1.0 -3.4 0.0 0.0 
-10.4 -62673430660915440.0 62673430660915512.0 -24.9 0.1 -8.6 33.5 -64.0 0.0 
0.0 3.0 -2.0 -7254897.9 0.0 0.0 7254897.9 0.0 0.0 

0.0 1.0 0.0 0.0 0.0 0.0 0.0 0.0 0.0 
0.0 -19.0 20.0 0.0 0.0 0.0 0.0 0.0 0.0 
0.0 -29.0 30.0 0.0 0.0 0.0 0.0 0.0 0.0 
0.0 -7829417.0 7829417.0 4.4 0.0 1.0 -4.4 0.0 0.0 
0.0 -6379.0 6380.0 0.0 0.0 0.0 0.0 0.0 0.0 
0.0 70464773.0 -70464773.0 0.0 0.0 1.0 0.0 0.0 0.0 
0.0 -7829417.0 7829417.0 3.4 0.0 1.0 -3.4 0.0 0.0 
-0.4 -8469382532018834.0 8469382532018834.0 0.5 0.0 0.1 -0.7 0.0 0.0 
0.0 1.0 0.0 -7254897.9 0.0 0.0 7254897.9 0.0 0.0 

0.0 -3.0 4.0 0.0 0.0 0.0 0.0 0.0 0.0 
0.0 -23.0 24.0 0.0 0.0 0.0 0.0 0.0 0.0 
0.0 -33.0 34.0 0.0 0.0 0.0 0.0 0.0 0.0 
0.0 -7829413.0 7829413.0 4.4 0.0 1.0 -4.4 0.0 0.0 
0.0 -6383.0 6384.0 0.0 0.0 0.0 0.0 0.0 0.0 
0.0 70464777.0 -70464777.0 0.0 0.0 1.0 0.0 0.0 0.0 
0.0 -7829413.0 7829413.0 3.4 0.0 1.0 -3.4 0.0 0.0 
6.8 -8469382581344225.0 8469382581344216.0 18.3 -0.0 6.5 -26.8 0.0 -0.0 
0.0 -3.0 4.0 -7254897.9 0.0 0.0 7254897.9 0.0 0.0 

0.0 -6.0 7.0 0.0 0.0 0.0 0.0 0.0 0.0 
0.0 -26.0 27.0 0.0 0.0 0.0 0.0 0.0 0.0 
0.0 -36.0 37.0 0.0 0.0 0.0 0.0 0.0 0.0 
0.0 -7829410.0 7829410.0 4.4 0.0 1.0 -4.4 0.0 0.0 
0.0 -6386.0 6387.0 0.0 0.0 0.0 0.0 0.0 0.0 
0.0 70464780.0 -70464780.0 0.0 0.0 1.0 0.0 0.0 0.0 
0.0 -7829410.0 7829410.0 3.4 0.0 1.0 -3.4 0.0 0.0 
0.2 -62673430733533360.0 62673430733533424.0 5.9 0.0 0.7 -6.5 -64.0 0.0 
0.0 -6.0 7.0 -7254897.9 0.0 0.0 7254897.9 0.0 0.0 

0.0 0.0 1.0 0.0 0.0 0.0 0.0 0.0 0.0 
0.0 -20.0 21.0 0.0 0.0 0.0 0.0 0.0 0.0 
0.0 -30.0 31.0 0.0 0.0 0.0 0.0 0.0 0.0 
0.0 -7829416.0 7829416.0 4.4 0.0 1.0 -4.4 0.0 0.0 
0.0 -6380.0 6381.0 0.0 0.0 0.0 0.0 0.0 0.0 
0.0 70464774.0 -70464774.0 0.0 0.0 1.0 0.0 0.0 0.0 
0.0 -7829416.0 7829416.0 3.4 0.0 1.0 -3.4 0.0 0.0 
11.8 160918268032607460.0 -160918268032607680.0 6.3 -0.2 6.8 -16.1 200.0 -0.0 
0.0 0.0 1.0 -7254897.9 0.0 0.0 7254897.9 0.0 0.0 

1.0 0.0 0.0 0.0 0.0 0.0 0.0 0.0 0.0 
0.0 0.0 0.0 0.9 0.0 0.0 0.1 0.0 0.0 
0.0 0.0 0.0 0.7 0.0 0.0 0.3 0.0 0.0 
0.0 3.0 -2.0 -0.1 0.0 0.0 0.1 0.0 0.0 
0.0 0.0 0.0 -90.0 0.0 0.0 91.0 0.0 0.0 
0.0 0.0 0.0 1118485.0 0.0 0.0 -1118484.0 0.0 0.0 
0.0 3.0 -2.0 -1.1 0.0 0.0 1.1 0.0 0.0 
0.0 0.0 0.0 -120991179012062.0 0.0 0.0 120991179012063.0 0.0 0.0 
0.0 0.0 0.0 -7254896.7 0.0 0.0 7254897.7 0.0 0.0 

0.0 -2.0 3.0 0.0 0.0 0.0 0.0 0.0 0.0 
0.0 -22.0 23.0 0.0 0.0 0.0 0.0 0.0 0.0 
0.0 -32.0 33.0 0.0 0.0 0.0 0.0 0.0 0.0 
0.0 -7829414.0 7829414.0 4.4 0.0 1.0 -4.4 0.0 0.0 
0.0 -6382.0 6383.0 0.0 0.0 0.0 0.0 0.0 0.0 
0.0 70464776.0 -70464776.0 0.0 0.0 1.0 0.0 0.0 0.0 
0.0 -7829414.0 7829414.0 3.4 0.0 1.0 -3.4 0.0 0.0 
-7.0 -62673430684207976.0 62673430684208048.0 -14.2 0.1 -5.6 19.8 -64.0 0.0 
0.0 -2.0 3.0 -7254897.9 0.0 0.0 7254897.9 0.0 0.0 

1.0 0.0 0.0 0.0 0.0 0.0 0.0 0.0 0.0 
0.0 3.0 -2.0 0.0 0.0 0.0 0.0 0.0 0.0 
0.0 3.0 -2.0 0.0 0.0 0.0 0.0 0.0 0.0 
0.0 0.0 0.0 1.0 0.0 0.0 0.0 0.0 0.0 
0.0 3.0 -2.0 0.0 0.0 0.0 0.0 0.0 0.0 
0.0 4.3 -3.2 -4.7 0.0 0.0 4.7 0.0 -0.2 
0.0 0.0 0.0 0.0 0.0 0.0 1.0 0.0 0.0 
0.0 -50031512.4 33354341.4 0.1 0.0 0.0 -0.1 0.0 16677171.9 
0.0 0.0 0.0 0.0 0.0 0.0 0.0 0.0 1.0 

0.0 3.8 -2.8 0.0 0.0 0.0 0.0 0.0 0.0 
0.0 3.7 -2.8 0.0 0.0 0.0 0.0 0.0 0.0 
0.0 3.7 -2.7 0.0 0.1 0.0 0.0 0.0 0.0 
0.0 -7829419.8 7829419.8 4.4 -0.0 1.0 -4.4 0.0 0.0 
0.0 0.0 0.0 0.0 1.0 0.0 0.0 0.0 0.0 
0.0 -7352846.5 7475393.9 0.0 -122547.4 1.0 0.0 0.0 0.0 
0.0 -7829419.8 7829419.8 3.4 -0.0 1.0 -3.4 0.0 0.0 
-0.8 -51552761665339.8 38296336834453.7 -0.6 13256424830886.9 -0.2 0.8 0.0 0.0 
0.0 -3091213.5 2296330.0 0.0 794884.5 0.0 0.0 0.0 0.0 

0.0 3.1 -2.1 0.0 0.0 0.0 0.0 0.0 0.0 
0.0 3.0 -2.0 0.0 0.0 0.0 0.0 0.0 0.0 
0.0 2.9 -2.0 0.0 0.0 0.0 0.0 0.0 0.0 
0.0 -7829419.1 7829419.1 4.4 -0.0 1.0 -4.4 0.0 0.0 
0.0 -0.7 0.7 0.0 1.0 0.0 0.0 0.0 0.0 
0.0 -7352845.8 7475393.2 0.0 -122547.4 1.0 0.0 0.0 0.0 
0.0 -7829419.1 7829419.1 3.4 -0.0 1.0 -3.4 0.0 0.0 
3.4 -51552790438471.9 38296365607581.6 12.0 13256424830886.9 3.5 -15.5 0.0 -0.0 
0.0 -3091214.2 2296330.8 0.0 794884.5 0.0 0.0 0.0 0.0 

1.0
2.0
3.0
1.0
638.0
-7829387.0
8.0
846938253084442.0
50784285.0
