0.0 0.0 -0.5 0.0 1.5 0.0 0.0 0.0 0.0 0.0 
0.0 0.0 -317.5 0.0 316.5 0.0 0.0 2.0 0.0 0.0 
0.0 0.0 34.5 0.0 -33.5 0.0 0.0 0.0 0.0 0.0 
0.0 0.0 4.5 0.0 -3.5 0.0 0.0 0.0 0.0 0.0 
0.0 0.0 24.5 0.0 -23.5 0.0 0.0 0.0 0.0 0.0 
-0.2 0.1 312944775181407.3 0.2 -312955924615556.8 -16.0 -0.2 731.7 0.2 11149433434.7 
0.0 0.0 -2400.5 0.0 2400.5 0.0 1.0 0.0 0.0 0.0 
0.0 0.0 1451.0 0.0 -1451.0 0.0 0.0 1.0 0.0 0.0 
0.0 0.0 632838.0 0.0 -628847.0 0.0 1.0 -3991.0 0.0 0.0 
0.0 0.0 449039.5 0.0 -449038.5 0.0 0.0 0.0 0.0 0.0 

0.0 0.0 1.0 0.0 0.0 0.0 0.0 0.0 0.0 0.0 
0.0 0.0 -316.0 0.0 315.0 0.0 0.0 2.0 0.0 0.0 
0.0 0.0 36.0 0.0 -35.0 0.0 0.0 0.0 0.0 0.0 
0.0 0.0 6.0 0.0 -5.0 0.0 0.0 0.0 0.0 0.0 
0.0 0.0 26.0 0.0 -25.0 0.0 0.0 0.0 0.0 0.0 
0.2 0.1 312916050137109.0 0.2 -312917443815553.9 -2.0 0.2 -731.9 -0.2 1393679179.3 
0.0 0.0 -2402.0 0.0 2402.0 0.0 1.0 0.0 0.0 0.0 
0.0 0.0 1452.5 0.0 -1452.5 0.0 0.0 1.0 0.0 0.0 
0.0 0.0 632836.5 0.0 -628845.5 0.0 1.0 -3991.0 0.0 0.0 
0.0 0.0 449041.0 0.0 -449040.0 0.0 0.0 0.0 0.0 0.0 

0.0 0.0 -2.5 0.0 3.5 0.0 0.0 0.0 0.0 0.0 
0.0 0.0 -319.5 0.0 318.5 0.0 0.0 2.0 0.0 0.0 
0.0 0.0 32.5 0.0 -31.5 0.0 0.0 0.0 0.0 0.0 
0.0 0.0 2.5 0.0 -1.5 0.0 0.0 0.0 0.0 0.0 
0.0 0.0 22.5 0.0 -21.5 0.0 0.0 0.0 0.0 0.0 
-0.2 0.1 312911946294116.9 0.2 -312911946294847.6 0.0 -0.2 731.7 0.2 0.0 
0.0 0.0 -2398.5 0.0 2398.5 0.0 1.0 0.0 0.0 0.0 
0.0 0.0 1449.0 0.0 -1449.0 0.0 0.0 1.0 0.0 0.0 
0.0 0.0 632840.0 0.0 -628849.0 0.0 1.0 -3991.0 0.0 0.0 
0.0 0.0 449037.5 0.0 -449036.5 0.0 0.0 0.0 0.0 0.0 

0.0 0.0 -1.5 0.0 2.5 0.0 0.0 0.0 0.0 0.0 
0.0 0.0 -318.5 0.0 317.5 0.0 0.0 2.0 0.0 0.0 
0.0 0.0 33.5 0.0 -32.5 0.0 0.0 0.0 0.0 0.0 
0.0 0.0 3.5 0.0 -2.5 0.0 0.0 0.0 0.0 0.0 
0.0 0.0 23.5 0.0 -22.5 0.0 0.0 0.0 0.0 0.0 
-0.2 0.1 312862702963185.2 0.2 -312845978813787.9 24.0 -0.2 731.7 0.2 -16724150152.1 
0.0 0.0 -2399.5 0.0 2399.5 0.0 1.0 0.0 0.0 0.0 
0.0 0.0 1450.0 0.0 -1450.0 0.0 0.0 1.0 0.0 0.0 
0.0 0.0 632839.0 0.0 -628848.0 0.0 1.0 -3991.0 0.0 0.0 
0.0 0.0 449038.5 0.0 -449037.5 0.0 0.0 0.0 0.0 0.0 

0.0 0.0 0.5 0.0 0.5 0.0 0.0 0.0 0.0 0.0 
0.0 0.0 -316.5 0.0 315.5 0.0 0.0 2.0 0.0 0.0 
0.0 0.0 35.5 0.0 -34.5 0.0 0.0 0.0 0.0 0.0 
0.0 0.0 5.5 0.0 -4.5 0.0 0.0 0.0 0.0 0.0 
0.0 0.0 25.5 0.0 -24.5 0.0 0.0 0.0 0.0 0.0 
-0.2 0.1 312895531850475.6 0.2 -312889957134497.0 8.0 -0.2 731.7 0.2 -5574716717.4 
0.0 0.0 -2401.5 0.0 2401.5 0.0 1.0 0.0 0.0 0.0 
0.0 0.0 1452.0 0.0 -1452.0 0.0 0.0 1.0 0.0 0.0 
0.0 0.0 632837.0 0.0 -628846.0 0.0 1.0 -3991.0 0.0 0.0 
0.0 0.0 449040.5 0.0 -449039.5 0.0 0.0 0.0 0.0 0.0 

0.0 0.0 2.0 0.0 -1.0 0.0 0.0 0.0 0.0 0.0 
0.0 0.0 -315.0 0.0 314.0 0.0 0.0 2.0 0.0 0.0 
0.0 0.0 37.0 0.0 -36.0 0.0 0.0 0.0 0.0 0.0 
0.0 0.0 7.0 0.0 -6.0 0.0 0.0 0.0 0.0 0.0 
0.0 0.0 27.0 0.0 -26.0 0.0 0.0 0.0 0.0 0.0 
0.2 -0.2 312998122355258.5 -0.6 -313027389617249.6 -42.0 0.2 -731.5 -0.2 29267262766.1 
0.0 0.0 -2403.0 0.0 2403.0 0.0 1.0 0.0 0.0 0.0 
0.0 0.0 1453.5 0.0 -1453.5 0.0 0.0 1.0 0.0 0.0 
0.0 0.0 632835.5 0.0 -628844.5 0.0 1.0 -3991.0 0.0 0.0 
0.0 0.0 449042.0 0.0 -449041.0 0.0 0.0 0.0 0.0 0.0 

0.0 0.0 -1.0 0.0 2.0 0.0 0.0 0.0 0.0 0.0 
0.0 0.0 -318.0 0.0 317.0 0.0 0.0 2.0 0.0 0.0 
0.0 0.0 34.0 0.0 -33.0 0.0 0.0 0.0 0.0 0.0 
0.0 0.0 4.0 0.0 -3.0 0.0 0.0 0.0 0.0 0.0 
0.0 0.0 24.0 0.0 -23.0 0.0 0.0 0.0 0.0 0.0 
0.2 0.1 312883221249818.6 0.2 -312873465494844.8 14.0 0.2 -731.9 -0.2 -9755754255.4 
0.0 0.0 -2400.0 0.0 2400.0 0.0 1.0 0.0 0.0 0.0 
0.0 0.0 1450.5 0.0 -1450.5 0.0 0.0 1.0 0.0 0.0 
0.0 0.0 632838.5 0.0 -628847.5 0.0 1.0 -3991.0 0.0 0.0 
0.0 0.0 449039.0 0.0 -449038.0 0.0 0.0 0.0 0.0 0.0 

1.0 0.0 0.0 0.0 0.0 0.0 0.0 0.0 0.0 0.0 
0.0 0.0 396.3 0.0 -393.8 0.0 0.0 -2.5 1.0 0.0 
0.0 0.0 158.5 0.0 -157.5 0.0 0.0 -1.0 1.0 0.0 
0.0 0.0 634.0 0.0 -630.0 0.0 0.0 -4.0 1.0 0.0 
0.0 0.0 317.0 0.0 -315.0 0.0 0.0 -2.0 1.0 0.0 
0.0 0.0 -4959654350600006.0 0.0 4928363155958996.0 0.0 0.0 31291194641009.5 1.0 0.0 
0.0 0.0 -590333.3 0.0 586608.8 0.0 0.0 3724.5 1.0 0.0 
0.0 0.0 -24963.8 0.0 24806.3 0.0 0.0 157.5 1.0 0.0 
0.0 0.0 -715.8 0.0 712.3 0.0 0.0 4.5 0.0 0.0 
0.0 0.0 -7116570.8 0.0 7071671.3 0.0 0.0 44899.5 1.0 0.0 

0.0 0.0 0.0 0.0 1.0 0.0 0.0 0.0 0.0 0.0 
0.0 0.0 -317.0 0.0 316.0 0.0 0.0 2.0 0.0 0.0 
0.0 0.0 35.0 0.0 -34.0 0.0 0.0 0.0 0.0 0.0 
0.0 0.0 5.0 0.0 -4.0 0.0 0.0 0.0 0.0 0.0 
0.0 0.0 25.0 0.0 -24.0 0.0 0.0 0.0 0.0 0.0 
0.2 -0.2 312965293467968.1 -0.6 -312983411296540.4 -26.0 0.2 -731.5 -0.2 18117829331.4 
0.0 0.0 -2401.0 0.0 2401.0 0.0 1.0 0.0 0.0 0.0 
0.0 0.0 1451.5 0.0 -1451.5 0.0 0.0 1.0 0.0 0.0 
0.0 0.0 632837.5 0.0 -628846.5 0.0 1.0 -3991.0 0.0 0.0 
0.0 0.0 449040.0 0.0 -449039.0 0.0 0.0 0.0 0.0 0.0 

1.0 0.0 0.0 0.0 0.0 0.0 0.0 0.0 0.0 0.0 
0.0 1.0 0.0 0.0 0.0 0.0 0.0 0.0 0.0 0.0 
0.0 1.8 1.9 0.0 -2.6 0.0 0.0 0.0 0.0 0.0 
1.0 0.0 0.0 0.0 0.0 0.0 0.0 0.0 0.0 0.0 
0.0 1.3 0.6 0.0 -0.9 0.0 0.0 0.0 0.0 0.0 
0.0 1564559732050.5 3911399330123.8 0.0 -5475959062173.3 0.0 0.0 0.0 0.0 0.0 
0.0 -129.7 -632457.6 14.4 628585.5 0.0 0.0 3988.4 0.0 0.0 
0.0 80.5 40.3 0.0 -120.8 0.0 0.0 1.0 0.0 0.0 
0.0 0.0 0.0 0.0 0.0 0.0 0.0 0.0 1.0 0.0 
0.0 2245.0 5610.0 0.0 -7854.0 0.0 0.0 0.0 0.0 0.0 

0.0 0.0 -0.4 1.0 0.4 0.0 0.0 0.0 0.0 0.0 
0.0 0.0 -2.9 0.0 3.9 0.0 0.0 0.0 0.0 0.0 
0.0 0.0 -2.9 0.0 3.9 0.0 0.0 0.0 0.0 0.0 
0.0 0.0 -0.4 1.0 0.4 0.0 0.0 0.0 0.0 0.0 
0.0 0.0 -2.9 0.0 3.9 0.0 0.0 0.0 0.0 0.0 
0.0 0.0 0.0 0.0 0.0 1.0 0.0 0.0 0.0 0.0 
0.0 0.0 266.8 0.0 -266.7 0.0 1.0 0.0 0.0 -0.1 
0.0 0.0 -161.3 0.0 161.3 0.0 0.0 1.0 0.0 0.0 
0.0 0.0 632840.4 0.0 -628849.4 0.0 1.0 -3991.0 0.0 -0.0 
0.0 0.0 0.0 0.0 0.0 0.0 0.0 0.0 0.0 1.0 

0.0 0.0 0.0 1.0 0.0 0.0 0.0 0.0 0.0 0.0 
0.0 0.0 -2.6 0.0 3.6 0.0 0.0 0.0 0.0 0.0 
0.0 0.0 -2.6 0.0 3.6 0.0 0.0 0.0 0.0 0.0 
0.0 0.0 0.0 1.0 0.0 0.0 0.0 0.0 0.0 0.0 
0.0 0.0 -2.6 0.0 3.6 0.0 0.0 0.0 0.0 0.0 
0.0 0.0 0.4 0.0 -0.4 1.0 0.0 0.0 0.0 -0.0 
0.0 0.0 266.4 0.0 -266.3 0.0 1.0 0.0 0.0 -0.1 
0.0 0.0 -160.9 0.0 160.9 0.0 0.0 1.0 0.0 0.0 
0.0 0.0 632840.1 0.0 -628849.1 0.0 1.0 -3991.0 0.0 -0.0 
0.0 0.0 0.4 0.0 -0.4 0.0 0.0 0.0 0.0 1.0 

1.0
4.0
7.0
1.0
5.0
62582389282028.0
7458.0
324.0
9.0
89808.0
