0.0 1.0 0.0 0.0 -0.0 0.0 0.0 0.0 0.0 0.0 
0.0 0.9 0.0 0.0 0.1 0.0 0.0 0.0 0.0 0.0 
0.0 1.0 0.0 0.0 0.0 0.0 0.0 0.0 0.0 0.0 
0.0 0.3 0.0 0.0 0.7 0.0 0.0 0.0 0.0 0.0 
0.0 -9.1 0.0 0.0 10.1 0.0 0.0 0.0 0.0 0.0 
0.0 -0.0 0.0 0.0 0.0 -0.0 0.0 1.0 0.0 0.0 
0.0 -0.0 0.0 0.0 0.0 -1.0 1.0 1.0 0.0 0.0 
0.0 0.1 0.0 0.0 -0.1 0.0 0.0 1.0 0.0 0.0 
0.0 1.0 0.0 0.0 -0.0 -0.0 0.0 0.0 0.0 0.0 
0.0 1.0 0.0 0.0 -0.0 -0.0 0.0 0.0 0.0 0.0 

0.0 1.0 0.0 0.0 0.0 0.0 0.0 0.0 0.0 0.0 
0.0 0.9 0.0 0.0 0.1 0.0 0.0 0.0 0.0 0.0 
0.0 1.0 0.0 0.0 0.0 0.0 0.0 0.0 0.0 0.0 
0.0 0.3 0.0 0.0 0.7 0.0 0.0 0.0 0.0 0.0 
0.0 -9.1 0.0 0.0 10.1 0.0 0.0 0.0 0.0 0.0 
0.0 0.0 0.0 0.0 -0.0 -0.0 0.0 1.0 0.0 0.0 
0.0 0.0 0.0 0.0 -0.0 -1.0 1.0 1.0 0.0 0.0 
0.0 0.1 0.0 0.0 -0.1 0.0 0.0 1.0 0.0 0.0 
0.0 1.0 0.0 0.0 0.0 -0.0 0.0 0.0 0.0 0.0 
0.0 1.0 0.0 0.0 0.0 -0.0 0.0 0.0 0.0 0.0 

0.0 1.0 0.0 0.0 -0.0 0.0 0.0 0.0 0.0 0.0 
0.0 0.9 0.0 0.0 0.1 0.0 0.0 0.0 0.0 0.0 
0.0 1.0 0.0 0.0 0.0 0.0 0.0 0.0 0.0 0.0 
0.0 0.3 0.0 0.0 0.7 0.0 0.0 0.0 0.0 0.0 
0.0 -9.1 0.0 0.0 10.1 0.0 0.0 0.0 0.0 0.0 
0.0 -0.0 0.0 0.0 0.0 -0.0 0.0 1.0 0.0 0.0 
0.0 -0.0 0.0 0.0 0.0 -1.0 1.0 1.0 0.0 0.0 
0.0 0.1 0.0 0.0 -0.1 0.0 0.0 1.0 0.0 0.0 
0.0 1.0 0.0 0.0 -0.0 -0.0 0.0 0.0 0.0 0.0 
0.0 1.0 0.0 0.0 -0.0 -0.0 0.0 0.0 0.0 0.0 

0.0 1.0 0.0 0.0 -0.0 0.0 0.0 0.0 0.0 0.0 
0.0 0.9 0.0 0.0 0.1 0.0 0.0 0.0 0.0 0.0 
0.0 1.0 0.0 0.0 0.0 0.0 0.0 0.0 0.0 0.0 
0.0 0.3 0.0 0.0 0.7 0.0 0.0 0.0 0.0 0.0 
0.0 -9.1 0.0 0.0 10.1 0.0 0.0 0.0 0.0 0.0 
0.0 -0.0 0.0 0.0 0.0 -0.0 0.0 1.0 0.0 0.0 
0.0 -0.0 0.0 0.0 0.0 -1.0 1.0 1.0 0.0 0.0 
0.0 0.1 0.0 0.0 -0.1 0.0 0.0 1.0 0.0 0.0 
0.0 1.0 0.0 0.0 -0.0 -0.0 0.0 0.0 0.0 0.0 
0.0 1.0 0.0 0.0 -0.0 -0.0 0.0 0.0 0.0 0.0 

0.0 1.0 0.0 0.0 0.0 0.0 0.0 0.0 0.0 0.0 
0.0 0.9 0.0 0.0 0.1 0.0 0.0 0.0 0.0 0.0 
0.0 1.0 0.0 0.0 0.0 0.0 0.0 0.0 0.0 0.0 
0.0 0.3 0.0 0.0 0.7 0.0 0.0 0.0 0.0 0.0 
0.0 -9.1 0.0 0.0 10.1 0.0 0.0 0.0 0.0 0.0 
0.0 0.0 0.0 0.0 -0.0 -0.0 0.0 1.0 0.0 0.0 
0.0 0.0 0.0 0.0 -0.0 -1.0 1.0 1.0 0.0 0.0 
0.0 0.1 0.0 0.0 -0.1 0.0 0.0 1.0 0.0 0.0 
0.0 1.0 0.0 0.0 0.0 -0.0 0.0 0.0 0.0 0.0 
0.0 1.0 0.0 0.0 0.0 -0.0 0.0 0.0 0.0 0.0 

0.0 1.0 0.0 0.0 0.0 0.0 0.0 0.0 0.0 0.0 
0.0 0.9 0.0 0.0 0.1 0.0 0.0 0.0 0.0 0.0 
0.0 1.0 0.0 0.0 0.0 0.0 0.0 0.0 0.0 0.0 
0.0 0.3 0.0 0.0 0.7 0.0 0.0 0.0 0.0 0.0 
0.0 -9.1 0.0 0.0 10.1 0.0 0.0 0.0 0.0 0.0 
0.0 0.0 0.0 0.0 -0.0 -0.0 0.0 1.0 0.0 0.0 
0.0 0.0 0.0 0.0 -0.0 -1.0 1.0 1.0 0.0 0.0 
0.0 0.1 0.0 0.0 -0.1 0.0 0.0 1.0 0.0 0.0 
0.0 1.0 0.0 0.0 0.0 -0.0 0.0 0.0 0.0 0.0 
0.0 1.0 0.0 0.0 0.0 -0.0 0.0 0.0 0.0 0.0 

0.0 1.0 0.0 0.0 -0.0 0.0 0.0 0.0 0.0 0.0 
0.0 0.9 0.0 0.0 0.1 0.0 0.0 0.0 0.0 0.0 
0.0 1.0 0.0 0.0 0.0 0.0 0.0 0.0 0.0 0.0 
0.0 0.3 0.0 0.0 0.7 0.0 0.0 0.0 0.0 0.0 
0.0 -9.1 0.0 0.0 10.1 0.0 0.0 0.0 0.0 0.0 
0.0 -0.0 0.0 0.0 0.0 -0.0 0.0 1.0 0.0 0.0 
0.0 -0.0 0.0 0.0 0.0 -1.0 1.0 1.0 0.0 0.0 
0.0 0.1 0.0 0.0 -0.1 0.0 0.0 1.0 0.0 0.0 
0.0 1.0 0.0 0.0 -0.0 -0.0 0.0 0.0 0.0 0.0 
0.0 1.0 0.0 0.0 -0.0 -0.0 0.0 0.0 0.0 0.0 

1.0 0.0 0.0 0.0 0.0 0.0 0.0 0.0 0.0 0.0 
0.0 0.0 0.0 0.0 0.0 1.0 -0.0 0.0 0.0 0.0 
0.0 0.0 0.0 0.0 0.0 1.0 -0.0 0.0 0.0 0.0 
0.0 0.0 0.0 0.0 0.0 1.0 -0.0 0.0 0.0 0.0 
0.0 0.0 0.0 0.0 0.0 1.0 0.0 0.0 0.0 0.0 
0.0 1.0 0.0 0.0 -0.0 -0.0 0.0 0.0 0.0 0.0 
0.0 1.0 0.0 0.0 -0.0 -1.0 1.0 0.0 0.0 0.0 
0.0 0.0 0.0 0.0 0.0 1.0 -0.0 0.0 0.0 0.0 
0.0 0.0 0.0 0.0 0.0 1.0 -0.0 0.0 0.0 0.0 
0.0 0.0 0.0 0.0 0.0 1.0 -0.0 0.0 0.0 0.0 

0.0 1.0 0.0 0.0 -0.0 0.0 0.0 0.0 0.0 0.0 
0.0 0.9 0.0 0.0 0.1 0.0 0.0 0.0 0.0 0.0 
0.0 1.0 0.0 0.0 0.0 0.0 0.0 0.0 0.0 0.0 
0.0 0.3 0.0 0.0 0.7 0.0 0.0 0.0 0.0 0.0 
0.0 -9.1 0.0 0.0 10.1 0.0 0.0 0.0 0.0 0.0 
0.0 0.0 0.0 0.0 0.0 -0.0 0.0 1.0 0.0 0.0 
0.0 0.0 0.0 0.0 0.0 -1.0 1.0 1.0 0.0 0.0 
0.0 0.1 0.0 0.0 -0.1 0.0 0.0 1.0 0.0 0.0 
0.0 1.0 0.0 0.0 -0.0 -0.0 0.0 0.0 0.0 0.0 
0.0 1.0 0.0 0.0 -0.0 -0.0 0.0 0.0 0.0 0.0 

1.0 0.0 0.0 0.0 0.0 0.0 0.0 0.0 0.0 0.0 
0.0 0.1 0.0 0.0 -0.0 0.0 0.0 0.0 0.0 0.9 
1.0 0.0 0.0 0.0 0.0 0.0 0.0 0.0 0.0 0.0 
0.0 0.1 0.0 0.0 -0.0 0.0 0.0 0.0 0.0 0.9 
0.0 -119.0 0.0 0.0 0.9 0.0 0.0 0.0 0.0 119.1 
0.0 0.0 0.0 0.0 0.0 1.0 0.0 0.0 0.0 0.0 
0.0 0.0 0.0 0.0 0.0 0.0 1.0 0.0 0.0 0.0 
0.0 0.7 0.0 0.0 -0.0 0.0 -0.0 0.0 1.0 -0.7 
0.0 0.0 0.0 0.0 0.0 0.0 0.0 0.0 1.0 0.0 
0.0 0.0 0.0 0.0 0.0 0.0 0.0 0.0 0.0 1.0 

0.0 -0.1 1.0 0.1 0.0 0.0 0.0 0.0 0.0 0.0 
0.0 -0.1 0.0 1.1 0.0 0.0 0.0 0.0 0.0 0.0 
0.0 -0.1 1.0 0.1 0.0 0.0 0.0 0.0 0.0 0.0 
0.0 -0.1 0.0 1.1 0.0 0.0 0.0 0.0 0.0 0.0 
0.0 -136.6 0.0 136.6 1.0 0.0 0.0 0.0 0.0 0.0 
0.0 9.5 10.0 -0.1 -0.1 -0.0 0.0 1.0 -16.7 -2.6 
0.0 9.5 10.0 -0.1 -0.1 -1.0 1.0 1.0 -16.7 -2.6 
0.0 1.0 0.0 -1.0 0.0 0.0 0.0 1.0 0.0 0.0 
0.0 0.1 0.0 -0.1 0.0 -0.0 0.0 1.0 0.0 0.0 
0.0 -0.3 0.0 1.3 0.0 0.0 0.0 0.0 0.0 0.0 

0.0 0.0 1.0 0.0 0.0 0.0 0.0 0.0 0.0 0.0 
0.0 0.0 0.0 1.0 0.0 0.0 0.0 0.0 0.0 0.0 
0.0 0.0 1.0 0.0 0.0 0.0 0.0 0.0 0.0 0.0 
0.0 0.0 0.0 1.0 0.0 0.0 0.0 0.0 0.0 0.0 
0.0 -136.5 0.0 136.5 1.0 0.0 0.0 0.0 0.0 0.0 
0.0 9.4 10.0 -0.0 -0.1 -0.0 0.0 1.0 -16.7 -2.6 
0.0 9.4 10.0 -0.0 -0.1 -1.0 1.0 1.0 -16.7 -2.6 
0.0 0.8 0.0 -0.8 0.0 0.0 0.0 1.0 0.0 0.0 
0.0 0.0 0.0 -0.0 0.0 -0.0 0.0 1.0 0.0 0.0 
0.0 -0.2 0.0 1.2 0.0 0.0 0.0 0.0 0.0 0.0 

1.0
6.0
1.0
61.0
834.0
79.0
17282199.0
-5.0
9.0
7.0
