0.0 0.7 0.3 0.0 0.0 0.0 0.0 0.0 
0.0 17.3 -16.3 0.0 0.0 0.0 0.0 0.0 
0.0 7.3 -6.3 0.0 0.0 0.0 0.0 0.0 
0.0 -1.3 1.3 -0.6 0.0 0.0 0.6 1.0 
0.0 0.7 0.3 -0.1 0.0 0.0 0.1 0.0 
0.0 8637.3 -8636.3 0.0 0.0 0.0 0.0 0.0 
0.0 -1.3 1.3 -1.6 0.0 0.0 1.6 1.0 
0.0 -1.3 1.3 0.0 0.0 0.0 0.0 1.0 

0.0 1.7 -0.7 0.0 0.0 0.0 0.0 0.0 
0.0 18.3 -17.3 0.0 0.0 0.0 0.0 0.0 
0.0 8.3 -7.3 0.0 0.0 0.0 0.0 0.0 
0.0 -2.3 2.3 -0.6 0.0 0.0 0.6 1.0 
0.0 1.7 -0.7 -0.1 0.0 0.0 0.1 0.0 
0.0 8638.3 -8637.3 0.0 0.0 0.0 0.0 0.0 
0.0 -2.3 2.3 -1.6 0.0 0.0 1.6 1.0 
0.0 -2.3 2.3 0.0 0.0 0.0 0.0 1.0 

0.0 -0.7 1.7 0.0 0.0 0.0 0.0 0.0 
0.0 16.0 -15.0 0.0 0.0 0.0 0.0 0.0 
0.0 6.0 -5.0 0.0 0.0 0.0 0.0 0.0 
0.0 0.0 0.0 -0.6 0.0 0.0 0.6 1.0 
0.0 -0.7 1.7 -0.1 0.0 0.0 0.1 0.0 
0.0 8636.0 -8635.0 0.0 0.0 0.0 0.0 0.0 
0.0 0.0 0.0 -1.6 0.0 0.0 1.6 1.0 
0.0 0.0 0.0 0.0 0.0 0.0 0.0 1.0 

0.0 0.0 1.0 0.0 0.0 0.0 0.0 0.0 
0.0 16.7 -15.7 0.0 0.0 0.0 0.0 0.0 
0.0 6.7 -5.7 0.0 0.0 0.0 0.0 0.0 
0.0 -0.7 0.7 -0.6 0.0 0.0 0.6 1.0 
0.0 0.0 1.0 -0.1 0.0 0.0 0.1 0.0 
0.0 8636.7 -8635.7 0.0 0.0 0.0 0.0 0.0 
0.0 -0.7 0.7 -1.6 0.0 0.0 1.6 1.0 
0.0 -0.7 0.7 0.0 0.0 0.0 0.0 1.0 

0.0 1.3 -0.3 0.0 0.0 0.0 0.0 0.0 
0.0 18.0 -17.0 0.0 0.0 0.0 0.0 0.0 
0.0 8.0 -7.0 0.0 0.0 0.0 0.0 0.0 
0.0 -2.0 2.0 -0.6 0.0 0.0 0.6 1.0 
0.0 1.3 -0.3 -0.1 0.0 0.0 0.1 0.0 
0.0 8638.0 -8637.0 0.0 0.0 0.0 0.0 0.0 
0.0 -2.0 2.0 -1.6 0.0 0.0 1.6 1.0 
0.0 -2.0 2.0 0.0 0.0 0.0 0.0 1.0 

0.0 2.3 -1.3 0.0 0.0 0.0 0.0 0.0 
0.0 19.0 -18.0 0.0 0.0 0.0 0.0 0.0 
0.0 9.0 -8.0 0.0 0.0 0.0 0.0 0.0 
0.0 -3.0 3.0 -0.6 0.0 0.0 0.6 1.0 
0.0 2.3 -1.3 -0.1 0.0 0.0 0.1 0.0 
0.0 8639.0 -8638.0 0.0 0.0 0.0 0.0 0.0 
0.0 -3.0 3.0 -1.6 0.0 0.0 1.6 1.0 
0.0 -3.0 3.0 0.0 0.0 0.0 0.0 1.0 

0.0 0.3 0.7 0.0 0.0 0.0 0.0 0.0 
0.0 17.0 -16.0 0.0 0.0 0.0 0.0 0.0 
0.0 7.0 -6.0 0.0 0.0 0.0 0.0 0.0 
0.0 -1.0 1.0 -0.6 0.0 0.0 0.6 1.0 
0.0 0.3 0.7 -0.1 0.0 0.0 0.1 0.0 
0.0 8637.0 -8636.0 0.0 0.0 0.0 0.0 0.0 
0.0 -1.0 1.0 -1.6 0.0 0.0 1.6 1.0 
0.0 -1.0 1.0 0.0 0.0 0.0 0.0 1.0 

1.0 0.0 0.0 0.0 0.0 0.0 0.0 0.0 
0.0 0.0 0.0 2.1 0.0 0.0 -1.1 0.0 
0.0 0.0 0.0 2.2 0.0 0.0 -1.2 0.0 
0.0 -0.7 1.7 -1.2 0.0 0.0 1.2 0.0 
0.0 0.0 0.0 2.2 0.0 0.0 -1.2 0.0 
0.0 0.0 0.0 -58.0 0.0 0.0 59.0 0.0 
0.0 -0.7 1.7 -2.2 0.0 0.0 2.2 0.0 
0.0 0.0 0.0 1.6 0.0 0.0 -0.6 0.0 

0.0 1.0 0.0 0.0 0.0 0.0 0.0 0.0 
0.0 17.7 -16.7 0.0 0.0 0.0 0.0 0.0 
0.0 7.7 -6.7 0.0 0.0 0.0 0.0 0.0 
0.0 -1.7 1.7 -0.6 0.0 0.0 0.6 1.0 
0.0 1.0 0.0 -0.1 0.0 0.0 0.1 0.0 
0.0 8637.7 -8636.7 0.0 0.0 0.0 0.0 0.0 
0.0 -1.7 1.7 -1.6 0.0 0.0 1.6 1.0 
0.0 -1.7 1.7 0.0 0.0 0.0 0.0 1.0 

1.0 0.0 0.0 0.0 0.0 0.0 0.0 0.0 
0.0 0.4 -1.1 0.0 1.7 0.0 0.0 0.0 
0.0 -0.2 0.6 0.0 0.7 0.0 0.0 0.0 
0.0 0.0 0.0 1.0 0.0 0.0 0.0 0.0 
0.0 0.0 0.0 0.0 1.0 0.0 0.0 0.0 
0.0 56.9 -142.2 0.0 86.3 0.0 0.0 0.0 
0.0 0.0 0.0 0.0 0.0 0.0 1.0 0.0 
0.0 -0.7 1.9 -0.6 -0.2 -0.0 0.6 0.0 

0.0 -1.0 2.0 0.0 0.0 0.0 0.0 0.0 
0.0 -0.9 1.9 0.0 0.0 0.0 0.0 0.0 
0.0 -1.0 1.9 0.0 0.0 0.0 0.0 0.0 
0.0 0.3 -0.3 -0.6 0.0 -0.0 0.6 1.0 
0.0 -1.0 1.9 0.0 0.0 0.0 0.0 0.0 
0.0 -0.3 0.3 0.0 0.0 1.0 0.0 0.0 
0.0 0.3 -0.3 -1.6 0.0 -0.0 1.6 1.0 
0.0 0.3 -0.3 0.0 0.0 -0.0 0.0 1.0 

0.0 -0.7 1.7 0.0 0.0 0.0 0.0 0.0 
0.0 -0.7 1.7 0.0 0.0 0.0 0.0 0.0 
0.0 -0.7 1.7 0.0 0.0 0.0 0.0 0.0 
0.0 0.0 -0.0 -0.6 0.0 -0.0 0.6 1.0 
0.0 -0.7 1.7 0.0 0.0 0.0 0.0 0.0 
0.0 0.0 0.0 0.0 0.0 1.0 0.0 0.0 
0.0 0.0 -0.0 -1.6 0.0 -0.0 1.6 1.0 
0.0 0.0 -0.0 0.0 0.0 -0.0 0.0 1.0 

1.0
5.0
2.0
53.0
3.0
2591.0
96.0
26.0
