0.0 0.0 1.0 0.0 0.0 0.0 0.0 0.0 
0.0 0.0 11.0 0.0 -10.0 0.0 0.0 0.0 
0.0 0.0 41.0 0.0 -40.0 0.0 0.0 0.0 
0.0 0.0 -81240729.2 0.0 81240730.1 0.0 0.0 0.2 
0.0 0.0 31.0 0.0 -30.0 0.0 0.0 0.0 
0.0 0.0 -15581179962912.2 0.0 15581179932225.7 0.0 1.0 30686.4 
0.0 0.0 -40.0 0.0 40.0 0.0 1.0 0.0 
0.0 0.0 4569791107.0 0.0 -4569791107.0 0.0 0.0 1.0 

0.0 0.0 4.0 0.0 -3.0 0.0 0.0 0.0 
0.0 0.0 14.0 0.0 -13.0 0.0 0.0 0.0 
0.0 0.0 44.0 0.0 -43.0 0.0 0.0 0.0 
0.0 0.0 -81240726.2 0.0 81240727.1 0.0 0.0 0.2 
0.0 0.0 34.0 0.0 -33.0 0.0 0.0 0.0 
0.0 0.0 -15581179962915.2 0.0 15581179932228.7 0.0 1.0 30686.4 
0.0 0.0 -43.0 0.0 43.0 0.0 1.0 0.0 
0.0 0.0 4569791110.0 0.0 -4569791110.0 0.0 0.0 1.0 

0.0 0.0 -3.0 0.0 4.0 0.0 0.0 0.0 
0.0 0.0 7.0 0.0 -6.0 0.0 0.0 0.0 
0.0 0.0 37.0 0.0 -36.0 0.0 0.0 0.0 
0.0 0.0 -81240733.2 0.0 81240734.1 0.0 0.0 0.2 
0.0 0.0 27.0 0.0 -26.0 0.0 0.0 0.0 
0.0 0.0 -15581179962908.2 0.0 15581179932221.7 0.0 1.0 30686.4 
0.0 0.0 -36.0 0.0 36.0 0.0 1.0 0.0 
0.0 0.0 4569791103.0 0.0 -4569791103.0 0.0 0.0 1.0 

0.0 0.0 -1.0 0.0 2.0 0.0 0.0 0.0 
0.0 0.0 9.0 0.0 -8.0 0.0 0.0 0.0 
0.0 0.0 39.0 0.0 -38.0 0.0 0.0 0.0 
0.0 0.0 -81240731.2 0.0 81240732.1 0.0 0.0 0.2 
0.0 0.0 29.0 0.0 -28.0 0.0 0.0 0.0 
0.0 0.0 -15581179962910.2 0.0 15581179932223.7 0.0 1.0 30686.4 
0.0 0.0 -38.0 0.0 38.0 0.0 1.0 0.0 
0.0 0.0 4569791105.0 0.0 -4569791105.0 0.0 0.0 1.0 

0.0 0.0 3.0 0.0 -2.0 0.0 0.0 0.0 
0.0 0.0 13.0 0.0 -12.0 0.0 0.0 0.0 
0.0 0.0 43.0 0.0 -42.0 0.0 0.0 0.0 
0.0 0.0 -81240727.2 0.0 81240728.1 0.0 0.0 0.2 
0.0 0.0 33.0 0.0 -32.0 0.0 0.0 0.0 
0.0 0.0 -15581179962914.2 0.0 15581179932227.7 0.0 1.0 30686.4 
0.0 0.0 -42.0 0.0 42.0 0.0 1.0 0.0 
0.0 0.0 4569791109.0 0.0 -4569791109.0 0.0 0.0 1.0 

0.0 0.0 6.0 0.0 -5.0 0.0 0.0 0.0 
0.0 0.0 16.0 0.0 -15.0 0.0 0.0 0.0 
0.0 0.0 46.0 0.0 -45.0 0.0 0.0 0.0 
0.0 0.0 -81240724.2 0.0 81240725.1 0.0 0.0 0.2 
0.0 0.0 36.0 0.0 -35.0 0.0 0.0 0.0 
0.0 0.0 -15581179962917.2 0.0 15581179932230.7 0.0 1.0 30686.4 
0.0 0.0 -45.0 0.0 45.0 0.0 1.0 0.0 
0.0 0.0 4569791112.0 0.0 -4569791112.0 0.0 0.0 1.0 

0.0 0.0 0.0 0.0 1.0 0.0 0.0 0.0 
0.0 0.0 10.0 0.0 -9.0 0.0 0.0 0.0 
0.0 0.0 40.0 0.0 -39.0 0.0 0.0 0.0 
0.0 0.0 -81240730.2 0.0 81240731.1 0.0 0.0 0.2 
0.0 0.0 30.0 0.0 -29.0 0.0 0.0 0.0 
0.0 0.0 -15581179962911.2 0.0 15581179932224.7 0.0 1.0 30686.4 
0.0 0.0 -39.0 0.0 39.0 0.0 1.0 0.0 
0.0 0.0 4569791106.0 0.0 -4569791106.0 0.0 0.0 1.0 

1.0 0.0 0.0 0.0 0.0 0.0 0.0 0.0 
0.0 0.0 15591639706930.6 0.0 -15591639676223.5 1.0 0.0 -30707.0 
0.0 0.0 15591578776382.9 0.0 -15591578745676.0 1.0 0.0 -30706.9 
0.0 0.0 15591578776382.9 0.0 -15591578745676.0 1.0 0.0 -30706.9 
0.0 0.0 15591599086565.4 0.0 -15591599055858.5 1.0 0.0 -30707.0 
0.0 0.0 -15591660017116.1 0.0 15591659986410.0 0.0 0.0 30707.1 
0.0 0.0 15581261203642.4 0.0 -15581261172955.8 1.0 0.0 -30686.6 
0.0 0.0 -10296996799181202.0 0.0 10296996778901726.0 1.0 0.0 20279476.6 

0.0 0.0 2.0 0.0 -1.0 0.0 0.0 0.0 
0.0 0.0 12.0 0.0 -11.0 0.0 0.0 0.0 
0.0 0.0 42.0 0.0 -41.0 0.0 0.0 0.0 
0.0 0.0 -81240728.2 0.0 81240729.1 0.0 0.0 0.2 
0.0 0.0 32.0 0.0 -31.0 0.0 0.0 0.0 
0.0 0.0 -15581179962913.2 0.0 15581179932226.7 0.0 1.0 30686.4 
0.0 0.0 -41.0 0.0 41.0 0.0 1.0 0.0 
0.0 0.0 4569791108.0 0.0 -4569791108.0 0.0 0.0 1.0 

1.0 0.0 0.0 0.0 0.0 0.0 0.0 0.0 
1.0 0.0 0.0 0.0 0.0 0.0 0.0 0.0 
0.0 0.0 0.0 1.0 0.0 0.0 0.0 0.0 
0.0 0.0 0.0 1.0 0.0 0.0 0.0 0.0 
0.0 0.0 -0.8 0.8 1.0 0.0 0.0 0.0 
0.0 0.0 0.0 0.0 0.0 1.0 0.0 0.0 
0.0 0.0 -10516161199.5 -1.4 10516161181.2 0.0 0.0 20.7 
0.0 0.0 -126938641.8 126938641.8 0.0 0.0 0.0 1.0 

0.0 8.0 21.0 0.0 -28.0 0.0 0.0 0.0 
0.0 8.0 21.0 0.0 -28.0 0.0 0.0 0.0 
0.0 44.0 133.0 0.0 -176.0 0.0 0.0 0.0 
0.0 44.0 133.0 0.0 -176.0 0.0 0.0 0.0 
0.0 35.0 105.0 0.0 -139.0 0.0 0.0 0.0 
0.0 -8.0 -24.0 0.0 32.0 1.0 0.0 0.0 
0.0 -44.0 -132.0 0.0 176.0 0.0 1.0 0.0 
0.0 4569791111.0 13709373333.0 0.0 -18279164444.0 0.0 0.0 1.0 

0.0 1.0 0.0 0.0 0.0 0.0 0.0 0.0 
0.0 1.0 0.0 0.0 0.0 0.0 0.0 0.0 
0.0 37.0 112.0 0.0 -148.0 0.0 0.0 0.0 
0.0 37.0 112.0 0.0 -148.0 0.0 0.0 0.0 
0.0 28.0 84.0 0.0 -111.0 0.0 0.0 0.0 
0.0 -1.0 -3.0 0.0 4.0 1.0 0.0 0.0 
0.0 -37.0 -111.0 0.0 148.0 0.0 1.0 0.0 
0.0 4569791104.0 13709373312.0 0.0 -18279164416.0 0.0 0.0 1.0 

1.0
1.0
4.0
4.0
3.0
767677.0
512.0
507754592.0
