0.0 -0.3 0.0 1.3 0.0 0.0 0.0 0.0 0.0 0.0 0.0 0.0 0.0 0.0 0.0 0.0 
0.0 0.0 -2.0 0.0 2.0 1.0 0.0 0.0 0.0 0.0 0.0 0.0 0.0 0.0 0.0 0.0 
0.0 0.0 4.4 0.0 -6.3 1.9 7.0 -6.0 0.0 0.0 0.0 0.0 0.0 0.0 0.0 0.0 
0.0 0.0 -3.9 0.0 4.3 0.6 0.0 0.0 0.0 0.0 0.0 0.0 0.0 0.0 0.0 0.0 
0.0 0.0 4.4 0.0 -6.3 1.9 8.0 -7.0 0.0 0.0 0.0 0.0 0.0 0.0 0.0 0.0 
0.0 0.0 6.7 0.0 -9.6 2.9 10.3 -9.3 0.0 0.0 0.0 0.0 0.0 0.0 0.0 0.0 
0.0 0.0 -0.4 0.0 0.6 -0.2 0.0 0.0 2.1 -1.1 0.0 0.0 0.0 0.0 0.0 0.0 
0.0 0.0 0.1 0.0 -0.2 0.1 0.0 0.0 2.3 -1.3 0.0 0.0 0.0 0.0 0.0 0.0 
0.0 0.0 1.6 0.0 -2.3 0.7 0.0 0.0 0.0 0.0 1.2 -0.2 0.0 0.0 0.0 0.0 
0.0 0.0 -1.4 0.0 2.0 -0.6 0.0 0.0 0.0 0.0 1.5 -0.5 0.0 0.0 0.0 0.0 
0.0 0.0 -2.8 0.0 4.0 -1.2 0.0 0.0 0.0 0.0 0.0 0.0 1.4 -0.4 0.0 0.0 
0.0 0.0 -3.5 0.0 5.0 -1.5 0.0 0.0 0.0 0.0 0.0 0.0 0.6 0.4 0.0 0.0 
0.0 0.0 -6.9 0.0 9.8 -3.0 0.0 0.0 0.0 0.0 0.0 0.0 0.0 0.0 2.2 -1.2 
0.0 0.0 -0.3 0.0 0.4 -0.1 0.0 0.0 0.0 0.0 0.0 0.0 0.0 0.0 1.0 0.0 
0.0 0.0 32.9 -0.1 -47.9 15.4 -30.3 29.0 -16.0 18.2 -9.2 8.5 4.6 -7.0 1.5 1.4 
0.0 0.1 62.1 -0.1 -90.2 28.6 -47.7 45.5 -24.2 28.5 -17.3 13.8 12.1 -12.6 -3.6 6.0 

0.0 0.0 0.0 1.0 0.0 0.0 0.0 0.0 0.0 0.0 0.0 0.0 0.0 0.0 0.0 0.0 
0.0 0.0 -1.6 0.0 1.8 0.9 0.0 0.0 0.0 0.0 0.0 0.0 0.0 0.0 0.0 0.0 
0.0 0.0 3.5 0.0 -5.0 1.5 6.0 -5.0 0.0 0.0 0.0 0.0 0.0 0.0 0.0 0.0 
0.0 0.0 -3.5 0.0 4.0 0.5 0.0 0.0 0.0 0.0 0.0 0.0 0.0 0.0 0.0 0.0 
0.0 0.0 3.5 0.0 -5.0 1.5 7.0 -6.0 0.0 0.0 0.0 0.0 0.0 0.0 0.0 0.0 
0.0 0.0 5.8 0.0 -8.3 2.5 9.3 -8.3 0.0 0.0 0.0 0.0 0.0 0.0 0.0 0.0 
0.0 0.0 -1.1 0.0 1.6 -0.5 0.0 0.0 2.4 -1.4 0.0 0.0 0.0 0.0 0.0 0.0 
0.0 0.0 -0.6 0.0 0.9 -0.3 0.0 0.0 2.6 -1.6 0.0 0.0 0.0 0.0 0.0 0.0 
0.0 0.0 1.6 0.0 -2.3 0.7 0.0 0.0 0.0 0.0 1.1 -0.1 0.0 0.0 0.0 0.0 
0.0 0.0 -1.4 0.0 2.0 -0.6 0.0 0.0 0.0 0.0 1.4 -0.4 0.0 0.0 0.0 0.0 
0.0 0.0 -3.1 0.0 4.4 -1.3 0.0 0.0 0.0 0.0 0.0 0.0 1.3 -0.3 0.0 0.0 
0.0 0.0 -3.8 0.0 5.4 -1.6 0.0 0.0 0.0 0.0 0.0 0.0 0.5 0.5 0.0 0.0 
0.0 0.0 -6.7 0.0 9.6 -2.9 0.0 0.0 0.0 0.0 0.0 0.0 0.0 0.0 2.0 -1.0 
0.0 0.0 -0.1 0.0 0.2 -0.0 0.0 0.0 0.0 0.0 0.0 0.0 0.0 0.0 0.8 0.2 
0.0 0.0 36.7 -0.1 -53.5 17.2 -32.5 31.1 -17.1 19.6 -10.2 9.2 5.6 -7.7 0.8 2.0 
0.0 0.1 66.0 -0.1 -95.8 30.4 -50.0 47.7 -25.3 29.8 -18.3 14.5 13.0 -13.3 -4.2 6.6 

0.0 0.3 0.0 0.7 0.0 0.0 0.0 0.0 0.0 0.0 0.0 0.0 0.0 0.0 0.0 0.0 
0.0 0.0 -1.3 0.0 1.5 0.8 0.0 0.0 0.0 0.0 0.0 0.0 0.0 0.0 0.0 0.0 
0.0 0.0 2.6 0.0 -3.8 1.1 5.0 -4.0 0.0 0.0 0.0 0.0 0.0 0.0 0.0 0.0 
0.0 0.0 -3.1 0.0 3.8 0.4 0.0 0.0 0.0 0.0 0.0 0.0 0.0 0.0 0.0 0.0 
0.0 0.0 2.6 0.0 -3.8 1.1 6.0 -5.0 0.0 0.0 0.0 0.0 0.0 0.0 0.0 0.0 
0.0 0.0 5.0 0.0 -7.1 2.1 8.3 -7.3 0.0 0.0 0.0 0.0 0.0 0.0 0.0 0.0 
0.0 0.0 -1.9 0.0 2.7 -0.8 0.0 0.0 2.7 -1.7 0.0 0.0 0.0 0.0 0.0 0.0 
0.0 0.0 -1.3 0.0 1.9 -0.6 0.0 0.0 2.9 -1.9 0.0 0.0 0.0 0.0 0.0 0.0 
0.0 0.0 1.6 0.0 -2.3 0.7 0.0 0.0 0.0 0.0 1.1 -0.1 0.0 0.0 0.0 0.0 
0.0 0.0 -1.4 0.0 2.0 -0.6 0.0 0.0 0.0 0.0 1.3 -0.3 0.0 0.0 0.0 0.0 
0.0 0.0 -3.3 0.0 4.8 -1.4 0.0 0.0 0.0 0.0 0.0 0.0 1.2 -0.2 0.0 0.0 
0.0 0.0 -4.0 0.0 5.8 -1.7 0.0 0.0 0.0 0.0 0.0 0.0 0.4 0.6 0.0 0.0 
0.0 0.0 -6.5 0.0 9.3 -2.8 0.0 0.0 0.0 0.0 0.0 0.0 0.0 0.0 1.9 -0.9 
0.0 0.0 0.1 0.0 -0.1 0.0 0.0 0.0 0.0 0.0 0.0 0.0 0.0 0.0 0.7 0.3 
0.0 0.1 40.6 -0.1 -59.1 18.9 -34.8 33.2 -18.1 20.9 -11.3 9.8 6.6 -8.4 0.2 2.6 
0.0 0.1 69.9 -0.1 -101.4 32.1 -52.2 49.8 -26.3 31.1 -19.3 15.2 14.0 -14.0 -4.9 7.1 

0.0 0.7 0.0 0.3 0.0 0.0 0.0 0.0 0.0 0.0 0.0 0.0 0.0 0.0 0.0 0.0 
0.0 0.0 -0.9 0.0 1.3 0.6 0.0 0.0 0.0 0.0 0.0 0.0 0.0 0.0 0.0 0.0 
0.0 0.0 1.8 0.0 -2.5 0.8 4.0 -3.0 0.0 0.0 0.0 0.0 0.0 0.0 0.0 0.0 
0.0 0.0 -2.8 0.0 3.5 0.3 0.0 0.0 0.0 0.0 0.0 0.0 0.0 0.0 0.0 0.0 
0.0 0.0 1.8 0.0 -2.5 0.8 5.0 -4.0 0.0 0.0 0.0 0.0 0.0 0.0 0.0 0.0 
0.0 0.0 4.1 0.0 -5.8 1.8 7.3 -6.3 0.0 0.0 0.0 0.0 0.0 0.0 0.0 0.0 
0.0 0.0 -2.6 0.0 3.8 -1.1 0.0 0.0 3.0 -2.0 0.0 0.0 0.0 0.0 0.0 0.0 
0.0 0.0 -2.1 0.0 3.0 -0.9 0.0 0.0 3.2 -2.2 0.0 0.0 0.0 0.0 0.0 0.0 
0.0 0.0 1.6 0.0 -2.3 0.7 0.0 0.0 0.0 0.0 1.0 0.0 0.0 0.0 0.0 0.0 
0.0 0.0 -1.4 0.0 2.0 -0.6 0.0 0.0 0.0 0.0 1.2 -0.2 0.0 0.0 0.0 0.0 
0.0 0.0 -3.6 0.0 5.1 -1.5 0.0 0.0 0.0 0.0 0.0 0.0 1.1 -0.1 0.0 0.0 
0.0 0.0 -4.3 0.0 6.1 -1.8 0.0 0.0 0.0 0.0 0.0 0.0 0.3 0.7 0.0 0.0 
0.0 0.0 -6.3 0.0 9.1 -2.7 0.0 0.0 0.0 0.0 0.0 0.0 0.0 0.0 1.8 -0.8 
0.0 0.0 0.3 0.0 -0.4 0.1 0.0 0.0 0.0 0.0 0.0 0.0 0.0 0.0 0.6 0.4 
0.0 0.1 44.5 -0.1 -64.7 20.6 -37.0 35.4 -19.2 22.2 -12.3 10.5 7.5 -9.1 -0.5 3.2 
0.0 0.1 73.7 -0.1 -107.0 33.9 -54.5 51.9 -27.4 32.5 -20.4 15.9 15.0 -14.7 -5.5 7.7 

0.0 1.0 0.0 0.0 0.0 0.0 0.0 0.0 0.0 0.0 0.0 0.0 0.0 0.0 0.0 0.0 
0.0 0.0 -0.5 0.0 1.0 0.5 0.0 0.0 0.0 0.0 0.0 0.0 0.0 0.0 0.0 0.0 
0.0 0.0 0.9 0.0 -1.3 0.4 3.0 -2.0 0.0 0.0 0.0 0.0 0.0 0.0 0.0 0.0 
0.0 0.0 -2.4 0.0 3.3 0.1 0.0 0.0 0.0 0.0 0.0 0.0 0.0 0.0 0.0 0.0 
0.0 0.0 0.9 0.0 -1.3 0.4 4.0 -3.0 0.0 0.0 0.0 0.0 0.0 0.0 0.0 0.0 
0.0 0.0 3.2 0.0 -4.6 1.4 6.3 -5.3 0.0 0.0 0.0 0.0 0.0 0.0 0.0 0.0 
0.0 0.0 -3.4 0.0 4.8 -1.4 0.0 0.0 3.3 -2.3 0.0 0.0 0.0 0.0 0.0 0.0 
0.0 0.0 -2.8 0.0 4.0 -1.2 0.0 0.0 3.5 -2.5 0.0 0.0 0.0 0.0 0.0 0.0 
0.0 0.0 1.6 0.0 -2.3 0.7 0.0 0.0 0.0 0.0 0.9 0.1 0.0 0.0 0.0 0.0 
0.0 0.0 -1.4 0.0 2.0 -0.6 0.0 0.0 0.0 0.0 1.1 -0.1 0.0 0.0 0.0 0.0 
0.0 0.0 -3.8 0.0 5.5 -1.6 0.0 0.0 0.0 0.0 0.0 0.0 1.0 -0.0 0.0 0.0 
0.0 0.0 -4.5 0.0 6.5 -1.9 0.0 0.0 0.0 0.0 0.0 0.0 0.2 0.8 0.0 0.0 
0.0 0.0 -6.2 0.0 8.8 -2.6 0.0 0.0 0.0 0.0 0.0 0.0 0.0 0.0 1.7 -0.7 
0.0 0.0 0.4 0.0 -0.6 0.2 0.0 0.0 0.0 0.0 0.0 0.0 0.0 0.0 0.5 0.5 
0.0 0.1 48.3 -0.1 -70.3 22.4 -39.3 37.5 -20.3 23.5 -13.4 11.2 8.5 -9.9 -1.1 3.8 
0.0 0.1 77.6 -0.1 -112.5 35.6 -56.7 54.1 -28.4 33.8 -21.4 16.6 15.9 -15.5 -6.2 8.3 

0.0 1.3 0.0 -0.3 0.0 0.0 0.0 0.0 0.0 0.0 0.0 0.0 0.0 0.0 0.0 0.0 
0.0 0.0 -0.1 0.0 0.8 0.4 0.0 0.0 0.0 0.0 0.0 0.0 0.0 0.0 0.0 0.0 
0.0 0.0 0.0 0.0 0.0 0.0 2.0 -1.0 0.0 0.0 0.0 0.0 0.0 0.0 0.0 0.0 
0.0 0.0 -2.0 0.0 3.0 0.0 0.0 0.0 0.0 0.0 0.0 0.0 0.0 0.0 0.0 0.0 
0.0 0.0 0.0 0.0 0.0 0.0 3.0 -2.0 0.0 0.0 0.0 0.0 0.0 0.0 0.0 0.0 
0.0 0.0 2.3 0.0 -3.3 1.0 5.3 -4.3 0.0 0.0 0.0 0.0 0.0 0.0 0.0 0.0 
0.0 0.0 -4.1 0.0 5.9 -1.8 0.0 0.0 3.6 -2.6 0.0 0.0 0.0 0.0 0.0 0.0 
0.0 0.0 -3.6 0.0 5.1 -1.5 0.0 0.0 3.8 -2.8 0.0 0.0 0.0 0.0 0.0 0.0 
0.0 0.0 1.6 0.0 -2.3 0.7 0.0 0.0 0.0 0.0 0.8 0.2 0.0 0.0 0.0 0.0 
0.0 0.0 -1.4 0.0 2.0 -0.6 0.0 0.0 0.0 0.0 1.0 -0.0 0.0 0.0 0.0 0.0 
0.0 0.0 -4.1 0.0 5.8 -1.7 0.0 0.0 0.0 0.0 0.0 0.0 1.0 0.0 0.0 0.0 
0.0 0.0 -4.8 0.0 6.8 -2.0 0.0 0.0 0.0 0.0 0.0 0.0 0.2 0.8 0.0 0.0 
0.0 0.0 -6.0 0.0 8.5 -2.6 0.0 0.0 0.0 0.0 0.0 0.0 0.0 0.0 1.6 -0.6 
0.0 0.0 0.6 0.0 -0.9 0.3 0.0 0.0 0.0 0.0 0.0 0.0 0.0 0.0 0.4 0.6 
0.0 0.1 52.2 -0.1 -75.8 24.1 -41.5 39.6 -21.3 24.9 -14.4 11.9 9.4 -10.6 -1.8 4.3 
0.0 0.1 81.4 -0.1 -118.1 37.3 -59.0 56.2 -29.5 35.1 -22.4 17.2 16.9 -16.2 -6.8 8.9 

0.0 1.7 0.0 -0.7 0.0 0.0 0.0 0.0 0.0 0.0 0.0 0.0 0.0 0.0 0.0 0.0 
0.0 0.0 0.3 0.0 0.5 0.3 0.0 0.0 0.0 0.0 0.0 0.0 0.0 0.0 0.0 0.0 
0.0 0.0 -0.9 0.0 1.3 -0.4 1.0 0.0 0.0 0.0 0.0 0.0 0.0 0.0 0.0 0.0 
0.0 0.0 -1.6 0.0 2.8 -0.1 0.0 0.0 0.0 0.0 0.0 0.0 0.0 0.0 0.0 0.0 
0.0 0.0 -0.9 0.0 1.3 -0.4 2.0 -1.0 0.0 0.0 0.0 0.0 0.0 0.0 0.0 0.0 
0.0 0.0 1.5 0.0 -2.1 0.6 4.3 -3.3 0.0 0.0 0.0 0.0 0.0 0.0 0.0 0.0 
0.0 0.0 -4.8 0.0 6.9 -2.1 0.0 0.0 3.9 -2.9 0.0 0.0 0.0 0.0 0.0 0.0 
0.0 0.0 -4.3 0.0 6.2 -1.8 0.0 0.0 4.2 -3.2 0.0 0.0 0.0 0.0 0.0 0.0 
0.0 0.0 1.6 0.0 -2.3 0.7 0.0 0.0 0.0 0.0 0.7 0.3 0.0 0.0 0.0 0.0 
0.0 0.0 -1.4 0.0 2.0 -0.6 0.0 0.0 0.0 0.0 0.9 0.1 0.0 0.0 0.0 0.0 
0.0 0.0 -4.3 0.0 6.2 -1.8 0.0 0.0 0.0 0.0 0.0 0.0 0.9 0.1 0.0 0.0 
0.0 0.0 -5.0 0.0 7.2 -2.1 0.0 0.0 0.0 0.0 0.0 0.0 0.1 0.9 0.0 0.0 
0.0 0.0 -5.8 0.0 8.3 -2.5 0.0 0.0 0.0 0.0 0.0 0.0 0.0 0.0 1.5 -0.5 
0.0 0.0 0.8 0.0 -1.1 0.3 0.0 0.0 0.0 0.0 0.0 0.0 0.0 0.0 0.3 0.7 
0.0 0.1 56.0 -0.1 -81.4 25.9 -43.8 41.8 -22.4 26.2 -15.4 12.6 10.4 -11.3 -2.4 4.9 
0.0 0.1 85.3 -0.2 -123.7 39.1 -61.2 58.4 -30.6 36.4 -23.5 17.9 17.8 -16.9 -7.5 9.5 

0.0 2.0 0.0 -1.0 0.0 0.0 0.0 0.0 0.0 0.0 0.0 0.0 0.0 0.0 0.0 0.0 
0.0 0.0 0.6 0.0 0.3 0.1 0.0 0.0 0.0 0.0 0.0 0.0 0.0 0.0 0.0 0.0 
0.0 0.0 -1.8 0.0 2.5 -0.8 0.0 1.0 0.0 0.0 0.0 0.0 0.0 0.0 0.0 0.0 
0.0 0.0 -1.3 0.0 2.5 -0.3 0.0 0.0 0.0 0.0 0.0 0.0 0.0 0.0 0.0 0.0 
0.0 0.0 -1.8 0.0 2.5 -0.8 1.0 0.0 0.0 0.0 0.0 0.0 0.0 0.0 0.0 0.0 
0.0 0.0 0.6 0.0 -0.8 0.3 3.3 -2.3 0.0 0.0 0.0 0.0 0.0 0.0 0.0 0.0 
0.0 0.0 -5.6 0.0 8.0 -2.4 0.0 0.0 4.2 -3.2 0.0 0.0 0.0 0.0 0.0 0.0 
0.0 0.0 -5.0 0.0 7.2 -2.2 0.0 0.0 4.5 -3.5 0.0 0.0 0.0 0.0 0.0 0.0 
0.0 0.0 1.6 0.0 -2.3 0.7 0.0 0.0 0.0 0.0 0.7 0.3 0.0 0.0 0.0 0.0 
0.0 0.0 -1.4 0.0 2.0 -0.6 0.0 0.0 0.0 0.0 0.9 0.1 0.0 0.0 0.0 0.0 
0.0 0.0 -4.5 0.0 6.5 -2.0 0.0 0.0 0.0 0.0 0.0 0.0 0.8 0.2 0.0 0.0 
0.0 0.0 -5.3 0.0 7.5 -2.3 0.0 0.0 0.0 0.0 0.0 0.0 0.0 1.0 0.0 0.0 
0.0 0.0 -5.6 0.0 8.0 -2.4 0.0 0.0 0.0 0.0 0.0 0.0 0.0 0.0 1.4 -0.4 
0.0 0.0 1.0 0.0 -1.4 0.4 0.0 0.0 0.0 0.0 0.0 0.0 0.0 0.0 0.2 0.8 
0.0 0.1 59.9 -0.1 -87.0 27.6 -46.0 43.9 -23.4 27.5 -16.5 13.3 11.4 -12.0 -3.1 5.5 
0.0 0.1 89.2 -0.2 -129.3 40.8 -63.5 60.5 -31.6 37.8 -24.5 18.6 18.8 -17.6 -8.2 10.1 

0.0 2.3 0.0 -1.3 0.0 0.0 0.0 0.0 0.0 0.0 0.0 0.0 0.0 0.0 0.0 0.0 
0.0 0.0 1.0 0.0 0.0 0.0 0.0 0.0 0.0 0.0 0.0 0.0 0.0 0.0 0.0 0.0 
0.0 0.0 -2.6 0.0 3.8 -1.1 -1.0 2.0 0.0 0.0 0.0 0.0 0.0 0.0 0.0 0.0 
0.0 0.0 -0.9 0.0 2.3 -0.4 0.0 0.0 0.0 0.0 0.0 0.0 0.0 0.0 0.0 0.0 
0.0 0.0 -2.6 0.0 3.8 -1.1 0.0 1.0 0.0 0.0 0.0 0.0 0.0 0.0 0.0 0.0 
0.0 0.0 -0.3 0.0 0.4 -0.1 2.3 -1.3 0.0 0.0 0.0 0.0 0.0 0.0 0.0 0.0 
0.0 0.0 -6.3 0.0 9.0 -2.7 0.0 0.0 4.5 -3.5 0.0 0.0 0.0 0.0 0.0 0.0 
0.0 0.0 -5.8 0.0 8.3 -2.5 0.0 0.0 4.8 -3.8 0.0 0.0 0.0 0.0 0.0 0.0 
0.0 0.0 1.6 0.0 -2.3 0.7 0.0 0.0 0.0 0.0 0.6 0.4 0.0 0.0 0.0 0.0 
0.0 0.0 -1.4 0.0 2.0 -0.6 0.0 0.0 0.0 0.0 0.8 0.2 0.0 0.0 0.0 0.0 
0.0 0.0 -4.8 0.0 6.8 -2.1 0.0 0.0 0.0 0.0 0.0 0.0 0.7 0.3 0.0 0.0 
0.0 0.0 -5.5 0.0 7.8 -2.4 0.0 0.0 0.0 0.0 0.0 0.0 -0.1 1.1 0.0 0.0 
0.0 0.0 -5.4 0.0 7.7 -2.3 0.0 0.0 0.0 0.0 0.0 0.0 0.0 0.0 1.3 -0.3 
0.0 0.0 1.2 0.0 -1.7 0.5 0.0 0.0 0.0 0.0 0.0 0.0 0.0 0.0 0.0 1.0 
0.0 0.1 63.8 -0.1 -92.6 29.3 -48.3 46.1 -24.5 28.8 -17.5 14.0 12.3 -12.8 -3.7 6.1 
0.0 0.1 93.0 -0.2 -134.9 42.6 -65.7 62.6 -32.7 39.1 -25.6 19.3 19.7 -18.4 -8.8 10.7 

0.0 2.7 0.0 -1.7 0.0 0.0 0.0 0.0 0.0 0.0 0.0 0.0 0.0 0.0 0.0 0.0 
0.0 0.0 1.4 0.0 -0.3 -0.1 0.0 0.0 0.0 0.0 0.0 0.0 0.0 0.0 0.0 0.0 
0.0 0.0 -3.5 0.0 5.0 -1.5 -2.0 3.0 0.0 0.0 0.0 0.0 0.0 0.0 0.0 0.0 
0.0 0.0 -0.5 0.0 2.0 -0.5 0.0 0.0 0.0 0.0 0.0 0.0 0.0 0.0 0.0 0.0 
0.0 0.0 -3.5 0.0 5.0 -1.5 -1.0 2.0 0.0 0.0 0.0 0.0 0.0 0.0 0.0 0.0 
0.0 0.0 -1.2 0.0 1.7 -0.5 1.3 -0.3 0.0 0.0 0.0 0.0 0.0 0.0 0.0 0.0 
0.0 0.0 -7.1 0.0 10.1 -3.0 0.0 0.0 4.8 -3.8 0.0 0.0 0.0 0.0 0.0 0.0 
0.0 0.0 -6.5 0.0 9.3 -2.8 0.0 0.0 5.1 -4.1 0.0 0.0 0.0 0.0 0.0 0.0 
0.0 0.0 1.6 0.0 -2.3 0.7 0.0 0.0 0.0 0.0 0.5 0.5 0.0 0.0 0.0 0.0 
0.0 0.0 -1.4 0.0 2.0 -0.6 0.0 0.0 0.0 0.0 0.7 0.3 0.0 0.0 0.0 0.0 
0.0 0.0 -5.0 0.0 7.2 -2.2 0.0 0.0 0.0 0.0 0.0 0.0 0.6 0.4 0.0 0.0 
0.0 0.0 -5.7 0.0 8.2 -2.5 0.0 0.0 0.0 0.0 0.0 0.0 -0.2 1.2 0.0 0.0 
0.0 0.0 -5.2 0.0 7.5 -2.2 0.0 0.0 0.0 0.0 0.0 0.0 0.0 0.0 1.1 -0.1 
0.0 0.0 1.4 0.0 -1.9 0.6 0.0 0.0 0.0 0.0 0.0 0.0 0.0 0.0 -0.1 1.1 
0.0 0.1 67.6 -0.1 -98.1 31.1 -50.5 48.2 -25.5 30.2 -18.6 14.7 13.3 -13.5 -4.4 6.7 
0.0 0.1 96.9 -0.2 -140.4 44.3 -68.0 64.8 -33.7 40.4 -26.6 20.0 20.7 -19.1 -9.5 11.3 

1.0
0.0
2.0
0.0
1.5
3.0
6.3
7.3
7.0
4.3
6.4
6.4
12.2
15.7
19.4
17.6
