0.0 -1.0 2.0 0.0 0.0 0.0 
0.0 -21.0 22.0 0.0 0.0 0.0 
0.0 -31.0 32.0 0.0 0.0 0.0 
0.0 -97381.0 97382.0 0.0 0.0 0.0 
0.0 918.0 -610.7 0.0 0.0 306.3 
0.0 4.0 -4.0 0.0 0.0 1.0 

0.0 -4.0 5.0 0.0 0.0 0.0 
0.0 -24.0 25.0 0.0 0.0 0.0 
0.0 -34.0 35.0 0.0 0.0 0.0 
0.0 -97384.0 97385.0 0.0 0.0 0.0 
0.0 915.0 -607.7 0.0 0.0 306.3 
0.0 7.0 -7.0 0.0 0.0 1.0 

0.0 3.0 -2.0 0.0 0.0 0.0 
0.0 -17.0 18.0 0.0 0.0 0.0 
0.0 -27.0 28.0 0.0 0.0 0.0 
0.0 -97377.0 97378.0 0.0 0.0 0.0 
0.0 922.0 -614.7 0.0 0.0 306.3 
0.0 0.0 0.0 0.0 0.0 1.0 

0.0 1.0 0.0 0.0 0.0 0.0 
0.0 -19.0 20.0 0.0 0.0 0.0 
0.0 -29.0 30.0 0.0 0.0 0.0 
0.0 -97379.0 97380.0 0.0 0.0 0.0 
0.0 920.0 -612.7 0.0 0.0 306.3 
0.0 2.0 -2.0 0.0 0.0 1.0 

0.0 -3.0 4.0 0.0 0.0 0.0 
0.0 -23.0 24.0 0.0 0.0 0.0 
0.0 -33.0 34.0 0.0 0.0 0.0 
0.0 -97383.0 97384.0 0.0 0.0 0.0 
0.0 916.0 -608.7 0.0 0.0 306.3 
0.0 6.0 -6.0 0.0 0.0 1.0 

0.0 -6.0 7.0 0.0 0.0 0.0 
0.0 -26.0 27.0 0.0 0.0 0.0 
0.0 -36.0 37.0 0.0 0.0 0.0 
0.0 -97386.0 97387.0 0.0 0.0 0.0 
0.0 913.0 -605.7 0.0 0.0 306.3 
0.0 9.0 -9.0 0.0 0.0 1.0 

0.0 0.0 1.0 0.0 0.0 0.0 
0.0 -20.0 21.0 0.0 0.0 0.0 
0.0 -30.0 31.0 0.0 0.0 0.0 
0.0 -97380.0 97381.0 0.0 0.0 0.0 
0.0 919.0 -611.7 0.0 0.0 306.3 
0.0 3.0 -3.0 0.0 0.0 1.0 

1.0 0.0 0.0 0.0 0.0 0.0 
0.0 -1.0 0.7 0.0 0.0 0.7 
0.0 0.0 0.0 0.0 0.0 1.0 
0.0 9735.0 -6490.0 0.0 0.0 3246.0 
0.0 916.0 -610.7 0.0 0.0 306.3 
0.0 6.0 -4.0 0.0 0.0 1.0 

0.0 -2.0 3.0 0.0 0.0 0.0 
0.0 -22.0 23.0 0.0 0.0 0.0 
0.0 -32.0 33.0 0.0 0.0 0.0 
0.0 -97382.0 97383.0 0.0 0.0 0.0 
0.0 917.0 -609.7 0.0 0.0 306.3 
0.0 5.0 -5.0 0.0 0.0 1.0 

1.0 0.0 0.0 0.0 0.0 0.0 
0.0 3.0 -2.0 0.0 0.0 0.0 
0.0 3.0 -2.0 0.0 0.0 0.0 
0.0 -0.2 0.1 0.0 1.1 0.0 
0.0 0.0 0.0 0.0 1.0 0.0 
0.0 0.0 0.0 0.0 0.0 1.0 

0.0 3.9 -2.5 0.0 -0.0 0.4 
0.0 3.9 -2.9 0.0 0.0 0.0 
0.0 3.9 -2.9 0.0 0.0 0.0 
0.0 0.0 0.0 1.0 0.0 0.0 
0.0 0.2 -0.2 0.9 0.0 0.0 
0.0 -0.9 0.9 -0.0 0.0 1.0 

0.0 3.1 -1.7 0.0 -0.0 0.4 
0.0 3.1 -2.1 0.0 0.0 0.0 
0.0 3.1 -2.1 0.0 0.0 0.0 
0.0 -0.8 0.8 1.0 0.0 0.0 
0.0 -0.6 0.6 0.9 0.0 0.0 
0.0 -0.1 0.1 -0.0 0.0 1.0 

1.0
2.0
3.0
9738.0
919.0
3.0
