0.0 0.0 0.5 0.0 0.5 0.0 
0.0 0.0 5.5 0.0 -4.5 0.0 
0.0 0.0 25.5 0.0 -24.5 0.0 
0.0 0.0 2.4 0.0 -2.7 1.3 
0.0 0.0 15.5 0.0 -14.5 0.0 
0.0 0.0 2.0 0.0 -2.0 1.0 

0.0 0.0 2.0 0.0 -1.0 0.0 
0.0 0.0 7.0 0.0 -6.0 0.0 
0.0 0.0 27.0 0.0 -26.0 0.0 
0.0 0.0 3.9 0.0 -4.2 1.3 
0.0 0.0 17.0 0.0 -16.0 0.0 
0.0 0.0 3.5 0.0 -3.5 1.0 

0.0 0.0 -1.5 0.0 2.5 0.0 
0.0 0.0 3.5 0.0 -2.5 0.0 
0.0 0.0 23.5 0.0 -22.5 0.0 
0.0 0.0 0.4 0.0 -0.7 1.3 
0.0 0.0 13.5 0.0 -12.5 0.0 
0.0 0.0 0.0 0.0 0.0 1.0 

0.0 0.0 -0.5 0.0 1.5 0.0 
0.0 0.0 4.5 0.0 -3.5 0.0 
0.0 0.0 24.5 0.0 -23.5 0.0 
0.0 0.0 1.4 0.0 -1.7 1.3 
0.0 0.0 14.5 0.0 -13.5 0.0 
0.0 0.0 1.0 0.0 -1.0 1.0 

0.0 0.0 1.5 0.0 -0.5 0.0 
0.0 0.0 6.5 0.0 -5.5 0.0 
0.0 0.0 26.5 0.0 -25.5 0.0 
0.0 0.0 3.4 0.0 -3.7 1.3 
0.0 0.0 16.5 0.0 -15.5 0.0 
0.0 0.0 3.0 0.0 -3.0 1.0 

0.0 0.0 3.0 0.0 -2.0 0.0 
0.0 0.0 8.0 0.0 -7.0 0.0 
0.0 0.0 28.0 0.0 -27.0 0.0 
0.0 0.0 4.9 0.0 -5.2 1.3 
0.0 0.0 18.0 0.0 -17.0 0.0 
0.0 0.0 4.5 0.0 -4.5 1.0 

0.0 0.0 0.0 0.0 1.0 0.0 
0.0 0.0 5.0 0.0 -4.0 0.0 
0.0 0.0 25.0 0.0 -24.0 0.0 
0.0 0.0 1.9 0.0 -2.2 1.3 
0.0 0.0 15.0 0.0 -14.0 0.0 
0.0 0.0 1.5 0.0 -1.5 1.0 

1.0 0.0 0.0 0.0 0.0 0.0 
0.0 0.0 1.7 0.0 -2.9 0.1 
0.0 0.0 2.6 0.0 -4.3 0.7 
0.0 0.0 3.4 0.0 -5.7 1.3 
0.0 0.0 2.1 0.0 -3.6 0.4 
0.0 0.0 3.0 0.0 -5.0 1.0 

0.0 0.0 1.0 0.0 0.0 0.0 
0.0 0.0 6.0 0.0 -5.0 0.0 
0.0 0.0 26.0 0.0 -25.0 0.0 
0.0 0.0 2.9 0.0 -3.2 1.3 
0.0 0.0 16.0 0.0 -15.0 0.0 
0.0 0.0 2.5 0.0 -2.5 1.0 

1.0 0.0 0.0 0.0 0.0 0.0 
1.0 0.0 0.0 0.0 0.0 0.0 
0.0 0.0 -0.7 0.6 1.1 0.0 
0.0 0.0 0.0 1.0 0.0 0.0 
0.0 0.0 -1.0 0.3 1.7 0.0 
0.0 0.0 0.0 0.0 0.0 1.0 

0.0 8.0 10.5 0.0 -17.5 0.0 
0.0 8.0 10.5 0.0 -17.5 0.0 
0.0 53.0 80.5 0.0 -132.5 0.0 
0.0 89.0 136.5 0.0 -224.5 0.0 
0.0 35.0 52.5 0.0 -86.5 0.0 
0.0 8.0 12.0 0.0 -20.0 1.0 

0.0 1.0 0.0 0.0 0.0 0.0 
0.0 1.0 0.0 0.0 0.0 0.0 
0.0 46.0 70.0 0.0 -115.0 0.0 
0.0 82.0 126.0 0.0 -207.0 0.0 
0.0 28.0 42.0 0.0 -69.0 0.0 
0.0 1.0 1.5 0.0 -2.5 1.0 

1.0
1.0
5.0
9.0
3.0
7.0
