0.0 1.7 -0.7 0.0 0.0 0.0 0.0 0.0 0.0 0.0 0.0 0.0 0.0 0.0 0.0 0.0 
0.0 0.0 0.0 2.2 -0.7 -0.5 0.0 0.0 0.0 0.0 0.0 0.0 0.0 0.0 0.0 0.0 
0.0 0.0 0.0 1.2 0.3 -0.5 0.0 0.0 0.0 0.0 0.0 0.0 0.0 0.0 0.0 0.0 
0.0 0.0 0.0 -9.9 14.2 -4.3 6.0 -5.0 0.0 0.0 0.0 0.0 0.0 0.0 0.0 0.0 
0.0 0.0 0.0 -9.5 13.5 -4.1 5.3 -4.3 0.0 0.0 0.0 0.0 0.0 0.0 0.0 0.0 
0.0 0.0 0.0 -6.1 8.8 -2.6 3.5 -2.5 0.0 0.0 0.0 0.0 0.0 0.0 0.0 0.0 
0.0 0.0 0.0 19.8 -28.3 8.5 0.0 0.0 -27.0 28.0 0.0 0.0 0.0 0.0 0.0 0.0 
0.0 0.0 0.0 14.6 -20.8 6.3 0.0 0.0 -23.0 24.0 0.0 0.0 0.0 0.0 0.0 0.0 
0.0 0.0 0.0 1.9 -2.7 0.8 0.0 0.0 0.0 0.0 1.6 -0.6 0.0 0.0 0.0 0.0 
0.0 0.0 0.0 1.5 -2.2 0.7 0.0 0.0 0.0 0.0 1.8 -0.8 0.0 0.0 0.0 0.0 
0.0 0.0 0.0 -7.8 11.1 -3.3 0.0 0.0 0.0 0.0 0.0 0.0 2.4 -1.4 0.0 0.0 
0.0 0.0 0.0 -5.5 7.8 -2.3 0.0 0.0 0.0 0.0 0.0 0.0 2.2 -1.2 0.0 0.0 
0.0 0.0 0.0 4.3 -6.1 1.8 0.0 0.0 0.0 0.0 0.0 0.0 0.0 0.0 2.1 -1.1 
0.0 0.0 0.0 -0.4 0.6 -0.2 0.0 0.0 0.0 0.0 0.0 0.0 0.0 0.0 1.5 -0.5 
0.0 -0.1 0.1 17.8 -23.8 6.4 -23.0 21.5 -358.6 361.3 -125.9 124.4 18.4 -20.3 0.3 2.4 
0.0 -0.1 0.1 -12.7 20.3 -7.1 -31.8 29.6 -513.7 518.0 -186.8 183.2 33.2 -33.6 -4.7 7.1 

0.0 1.3 -0.3 0.0 0.0 0.0 0.0 0.0 0.0 0.0 0.0 0.0 0.0 0.0 0.0 0.0 
0.0 0.0 0.0 2.1 -0.8 -0.3 0.0 0.0 0.0 0.0 0.0 0.0 0.0 0.0 0.0 0.0 
0.0 0.0 0.0 1.1 0.2 -0.3 0.0 0.0 0.0 0.0 0.0 0.0 0.0 0.0 0.0 0.0 
0.0 0.0 0.0 -8.3 11.9 -3.6 5.3 -4.3 0.0 0.0 0.0 0.0 0.0 0.0 0.0 0.0 
0.0 0.0 0.0 -7.9 11.3 -3.4 4.5 -3.5 0.0 0.0 0.0 0.0 0.0 0.0 0.0 0.0 
0.0 0.0 0.0 -4.5 6.5 -1.9 2.8 -1.8 0.0 0.0 0.0 0.0 0.0 0.0 0.0 0.0 
0.0 0.0 0.0 16.9 -24.2 7.3 0.0 0.0 -23.0 24.0 0.0 0.0 0.0 0.0 0.0 0.0 
0.0 0.0 0.0 11.7 -16.7 5.0 0.0 0.0 -19.0 20.0 0.0 0.0 0.0 0.0 0.0 0.0 
0.0 0.0 0.0 0.1 -0.2 0.1 0.0 0.0 0.0 0.0 0.6 0.4 0.0 0.0 0.0 0.0 
0.0 0.0 0.0 -0.2 0.3 -0.1 0.0 0.0 0.0 0.0 0.8 0.2 0.0 0.0 0.0 0.0 
0.0 0.0 0.0 -7.0 10.0 -3.0 0.0 0.0 0.0 0.0 0.0 0.0 2.2 -1.2 0.0 0.0 
0.0 0.0 0.0 -4.7 6.7 -2.0 0.0 0.0 0.0 0.0 0.0 0.0 2.0 -1.0 0.0 0.0 
0.0 0.0 0.0 4.1 -5.9 1.8 0.0 0.0 0.0 0.0 0.0 0.0 0.0 0.0 2.0 -1.0 
0.0 0.0 0.0 -0.6 0.8 -0.2 0.0 0.0 0.0 0.0 0.0 0.0 0.0 0.0 1.4 -0.4 
0.0 -0.1 0.1 12.6 -16.3 4.1 -24.5 22.8 -384.5 387.5 -136.0 134.2 20.9 -22.5 -0.5 3.2 
0.0 -0.2 0.1 -17.9 27.8 -9.4 -33.2 30.9 -539.5 544.1 -196.9 193.0 35.6 -35.9 -5.6 7.9 

0.0 1.0 0.0 0.0 0.0 0.0 0.0 0.0 0.0 0.0 0.0 0.0 0.0 0.0 0.0 0.0 
0.0 0.0 0.0 2.0 -1.0 0.0 0.0 0.0 0.0 0.0 0.0 0.0 0.0 0.0 0.0 0.0 
0.0 0.0 0.0 1.0 0.0 0.0 0.0 0.0 0.0 0.0 0.0 0.0 0.0 0.0 0.0 0.0 
0.0 0.0 0.0 -6.7 9.6 -2.9 4.5 -3.5 0.0 0.0 0.0 0.0 0.0 0.0 0.0 0.0 
0.0 0.0 0.0 -6.3 9.0 -2.7 3.8 -2.8 0.0 0.0 0.0 0.0 0.0 0.0 0.0 0.0 
0.0 0.0 0.0 -2.9 4.2 -1.3 2.0 -1.0 0.0 0.0 0.0 0.0 0.0 0.0 0.0 0.0 
0.0 0.0 0.0 14.0 -20.0 6.0 0.0 0.0 -19.0 20.0 0.0 0.0 0.0 0.0 0.0 0.0 
0.0 0.0 0.0 8.8 -12.5 3.8 0.0 0.0 -15.0 16.0 0.0 0.0 0.0 0.0 0.0 0.0 
0.0 0.0 0.0 -1.6 2.3 -0.7 0.0 0.0 0.0 0.0 -0.4 1.4 0.0 0.0 0.0 0.0 
0.0 0.0 0.0 -2.0 2.8 -0.8 0.0 0.0 0.0 0.0 -0.2 1.2 0.0 0.0 0.0 0.0 
0.0 0.0 0.0 -6.2 8.8 -2.7 0.0 0.0 0.0 0.0 0.0 0.0 2.0 -1.0 0.0 0.0 
0.0 0.0 0.0 -3.9 5.5 -1.7 0.0 0.0 0.0 0.0 0.0 0.0 1.8 -0.8 0.0 0.0 
0.0 0.0 0.0 4.0 -5.7 1.7 0.0 0.0 0.0 0.0 0.0 0.0 0.0 0.0 1.8 -0.8 
0.0 0.0 0.0 -0.7 1.0 -0.3 0.0 0.0 0.0 0.0 0.0 0.0 0.0 0.0 1.3 -0.3 
0.0 -0.1 0.1 7.4 -8.8 1.8 -25.9 24.2 -410.3 413.6 -146.2 144.0 23.4 -24.7 -1.4 4.0 
0.0 -0.2 0.1 -23.0 35.3 -11.6 -34.7 32.3 -565.4 570.3 -207.1 202.8 38.1 -38.1 -6.4 8.7 

0.0 0.7 0.3 0.0 0.0 0.0 0.0 0.0 0.0 0.0 0.0 0.0 0.0 0.0 0.0 0.0 
0.0 0.0 0.0 1.9 -1.2 0.3 0.0 0.0 0.0 0.0 0.0 0.0 0.0 0.0 0.0 0.0 
0.0 0.0 0.0 0.9 -0.2 0.3 0.0 0.0 0.0 0.0 0.0 0.0 0.0 0.0 0.0 0.0 
0.0 0.0 0.0 -5.1 7.3 -2.2 3.8 -2.8 0.0 0.0 0.0 0.0 0.0 0.0 0.0 0.0 
0.0 0.0 0.0 -4.7 6.7 -2.0 3.0 -2.0 0.0 0.0 0.0 0.0 0.0 0.0 0.0 0.0 
0.0 0.0 0.0 -1.3 1.9 -0.6 1.3 -0.3 0.0 0.0 0.0 0.0 0.0 0.0 0.0 0.0 
0.0 0.0 0.0 11.1 -15.8 4.8 0.0 0.0 -15.0 16.0 0.0 0.0 0.0 0.0 0.0 0.0 
0.0 0.0 0.0 5.8 -8.3 2.5 0.0 0.0 -11.0 12.0 0.0 0.0 0.0 0.0 0.0 0.0 
0.0 0.0 0.0 -3.4 4.8 -1.5 0.0 0.0 0.0 0.0 -1.4 2.4 0.0 0.0 0.0 0.0 
0.0 0.0 0.0 -3.7 5.3 -1.6 0.0 0.0 0.0 0.0 -1.2 2.2 0.0 0.0 0.0 0.0 
0.0 0.0 0.0 -5.4 7.7 -2.3 0.0 0.0 0.0 0.0 0.0 0.0 1.8 -0.8 0.0 0.0 
0.0 0.0 0.0 -3.1 4.4 -1.3 0.0 0.0 0.0 0.0 0.0 0.0 1.6 -0.6 0.0 0.0 
0.0 0.0 0.0 3.8 -5.5 1.6 0.0 0.0 0.0 0.0 0.0 0.0 0.0 0.0 1.7 -0.7 
0.0 0.0 0.0 -0.9 1.3 -0.4 0.0 0.0 0.0 0.0 0.0 0.0 0.0 0.0 1.1 -0.1 
0.0 -0.1 0.1 2.2 -1.3 -0.5 -27.4 25.5 -436.2 439.7 -156.3 153.8 25.8 -27.0 -2.2 4.8 
0.0 -0.2 0.1 -28.2 42.8 -13.9 -36.2 33.6 -591.2 596.4 -217.2 212.6 40.6 -40.3 -7.3 9.5 

0.0 0.3 0.7 0.0 0.0 0.0 0.0 0.0 0.0 0.0 0.0 0.0 0.0 0.0 0.0 0.0 
0.0 0.0 0.0 1.8 -1.3 0.5 0.0 0.0 0.0 0.0 0.0 0.0 0.0 0.0 0.0 0.0 
0.0 0.0 0.0 0.8 -0.3 0.5 0.0 0.0 0.0 0.0 0.0 0.0 0.0 0.0 0.0 0.0 
0.0 0.0 0.0 -3.5 5.0 -1.5 3.0 -2.0 0.0 0.0 0.0 0.0 0.0 0.0 0.0 0.0 
0.0 0.0 0.0 -3.1 4.4 -1.3 2.3 -1.3 0.0 0.0 0.0 0.0 0.0 0.0 0.0 0.0 
0.0 0.0 0.0 0.3 -0.4 0.1 0.5 0.5 0.0 0.0 0.0 0.0 0.0 0.0 0.0 0.0 
0.0 0.0 0.0 8.2 -11.7 3.5 0.0 0.0 -11.0 12.0 0.0 0.0 0.0 0.0 0.0 0.0 
0.0 0.0 0.0 2.9 -4.2 1.3 0.0 0.0 -7.0 8.0 0.0 0.0 0.0 0.0 0.0 0.0 
0.0 0.0 0.0 -5.1 7.3 -2.2 0.0 0.0 0.0 0.0 -2.4 3.4 0.0 0.0 0.0 0.0 
0.0 0.0 0.0 -5.5 7.8 -2.4 0.0 0.0 0.0 0.0 -2.2 3.2 0.0 0.0 0.0 0.0 
0.0 0.0 0.0 -4.6 6.6 -2.0 0.0 0.0 0.0 0.0 0.0 0.0 1.5 -0.5 0.0 0.0 
0.0 0.0 0.0 -2.3 3.3 -1.0 0.0 0.0 0.0 0.0 0.0 0.0 1.4 -0.4 0.0 0.0 
0.0 0.0 0.0 3.7 -5.2 1.6 0.0 0.0 0.0 0.0 0.0 0.0 0.0 0.0 1.5 -0.5 
0.0 0.0 0.0 -1.0 1.5 -0.4 0.0 0.0 0.0 0.0 0.0 0.0 0.0 0.0 1.0 0.0 
0.0 -0.1 0.1 -2.9 6.2 -2.7 -28.9 26.9 -462.0 465.8 -166.5 163.6 28.3 -29.2 -3.1 5.5 
0.0 -0.2 0.1 -33.4 50.2 -16.2 -37.6 35.0 -617.1 622.5 -227.4 222.4 43.0 -42.5 -8.1 10.2 

0.0 0.0 1.0 0.0 0.0 0.0 0.0 0.0 0.0 0.0 0.0 0.0 0.0 0.0 0.0 0.0 
0.0 0.0 0.0 1.8 -1.5 0.8 0.0 0.0 0.0 0.0 0.0 0.0 0.0 0.0 0.0 0.0 
0.0 0.0 0.0 0.8 -0.5 0.8 0.0 0.0 0.0 0.0 0.0 0.0 0.0 0.0 0.0 0.0 
0.0 0.0 0.0 -1.9 2.7 -0.8 2.3 -1.3 0.0 0.0 0.0 0.0 0.0 0.0 0.0 0.0 
0.0 0.0 0.0 -1.5 2.1 -0.6 1.5 -0.5 0.0 0.0 0.0 0.0 0.0 0.0 0.0 0.0 
0.0 0.0 0.0 1.9 -2.7 0.8 -0.3 1.3 0.0 0.0 0.0 0.0 0.0 0.0 0.0 0.0 
0.0 0.0 0.0 5.3 -7.5 2.3 0.0 0.0 -7.0 8.0 0.0 0.0 0.0 0.0 0.0 0.0 
0.0 0.0 0.0 0.0 0.0 0.0 0.0 0.0 -3.0 4.0 0.0 0.0 0.0 0.0 0.0 0.0 
0.0 0.0 0.0 -6.9 9.8 -3.0 0.0 0.0 0.0 0.0 -3.4 4.4 0.0 0.0 0.0 0.0 
0.0 0.0 0.0 -7.2 10.3 -3.1 0.0 0.0 0.0 0.0 -3.2 4.2 0.0 0.0 0.0 0.0 
0.0 0.0 0.0 -3.8 5.4 -1.6 0.0 0.0 0.0 0.0 0.0 0.0 1.3 -0.3 0.0 0.0 
0.0 0.0 0.0 -1.5 2.1 -0.6 0.0 0.0 0.0 0.0 0.0 0.0 1.1 -0.1 0.0 0.0 
0.0 0.0 0.0 3.5 -5.0 1.5 0.0 0.0 0.0 0.0 0.0 0.0 0.0 0.0 1.4 -0.4 
0.0 0.0 0.0 -1.2 1.7 -0.5 0.0 0.0 0.0 0.0 0.0 0.0 0.0 0.0 0.8 0.2 
0.0 -0.1 0.1 -8.1 13.7 -5.0 -30.3 28.2 -487.8 491.9 -176.6 173.4 30.7 -31.4 -3.9 6.3 
0.0 -0.2 0.1 -38.6 57.7 -18.5 -39.1 36.3 -642.9 648.6 -237.5 232.2 45.5 -44.8 -9.0 11.0 

0.0 -0.3 1.3 0.0 0.0 0.0 0.0 0.0 0.0 0.0 0.0 0.0 0.0 0.0 0.0 0.0 
0.0 0.0 0.0 1.7 -1.7 1.0 0.0 0.0 0.0 0.0 0.0 0.0 0.0 0.0 0.0 0.0 
0.0 0.0 0.0 0.7 -0.7 1.0 0.0 0.0 0.0 0.0 0.0 0.0 0.0 0.0 0.0 0.0 
0.0 0.0 0.0 -0.3 0.4 -0.1 1.5 -0.5 0.0 0.0 0.0 0.0 0.0 0.0 0.0 0.0 
0.0 0.0 0.0 0.1 -0.2 0.1 0.8 0.3 0.0 0.0 0.0 0.0 0.0 0.0 0.0 0.0 
0.0 0.0 0.0 3.5 -5.0 1.5 -1.0 2.0 0.0 0.0 0.0 0.0 0.0 0.0 0.0 0.0 
0.0 0.0 0.0 2.3 -3.3 1.0 0.0 0.0 -3.0 4.0 0.0 0.0 0.0 0.0 0.0 0.0 
0.0 0.0 0.0 -2.9 4.2 -1.3 0.0 0.0 1.0 0.0 0.0 0.0 0.0 0.0 0.0 0.0 
0.0 0.0 0.0 -8.6 12.3 -3.7 0.0 0.0 0.0 0.0 -4.4 5.4 0.0 0.0 0.0 0.0 
0.0 0.0 0.0 -9.0 12.8 -3.9 0.0 0.0 0.0 0.0 -4.2 5.2 0.0 0.0 0.0 0.0 
0.0 0.0 0.0 -3.0 4.3 -1.3 0.0 0.0 0.0 0.0 0.0 0.0 1.1 -0.1 0.0 0.0 
0.0 0.0 0.0 -0.7 1.0 -0.3 0.0 0.0 0.0 0.0 0.0 0.0 0.9 0.1 0.0 0.0 
0.0 0.0 0.0 3.4 -4.8 1.4 0.0 0.0 0.0 0.0 0.0 0.0 0.0 0.0 1.3 -0.3 
0.0 0.0 0.0 -1.4 1.9 -0.6 0.0 0.0 0.0 0.0 0.0 0.0 0.0 0.0 0.7 0.3 
0.0 -0.1 0.1 -13.3 21.1 -7.3 -31.8 29.6 -513.7 518.0 -186.8 183.2 33.2 -33.6 -4.7 7.1 
0.0 -0.2 0.1 -43.7 65.2 -20.8 -40.6 37.7 -668.8 674.7 -247.7 242.0 47.9 -47.0 -9.8 11.8 

0.0 -0.7 1.7 0.0 0.0 0.0 0.0 0.0 0.0 0.0 0.0 0.0 0.0 0.0 0.0 0.0 
0.0 0.0 0.0 1.6 -1.8 1.3 0.0 0.0 0.0 0.0 0.0 0.0 0.0 0.0 0.0 0.0 
0.0 0.0 0.0 0.6 -0.8 1.3 0.0 0.0 0.0 0.0 0.0 0.0 0.0 0.0 0.0 0.0 
0.0 0.0 0.0 1.3 -1.9 0.6 0.8 0.3 0.0 0.0 0.0 0.0 0.0 0.0 0.0 0.0 
0.0 0.0 0.0 1.8 -2.5 0.8 0.0 1.0 0.0 0.0 0.0 0.0 0.0 0.0 0.0 0.0 
0.0 0.0 0.0 5.1 -7.3 2.2 -1.8 2.8 0.0 0.0 0.0 0.0 0.0 0.0 0.0 0.0 
0.0 0.0 0.0 -0.6 0.8 -0.3 0.0 0.0 1.0 0.0 0.0 0.0 0.0 0.0 0.0 0.0 
0.0 0.0 0.0 -5.8 8.3 -2.5 0.0 0.0 5.0 -4.0 0.0 0.0 0.0 0.0 0.0 0.0 
0.0 0.0 0.0 -10.4 14.8 -4.5 0.0 0.0 0.0 0.0 -5.4 6.4 0.0 0.0 0.0 0.0 
0.0 0.0 0.0 -10.7 15.3 -4.6 0.0 0.0 0.0 0.0 -5.2 6.2 0.0 0.0 0.0 0.0 
0.0 0.0 0.0 -2.2 3.2 -1.0 0.0 0.0 0.0 0.0 0.0 0.0 0.9 0.1 0.0 0.0 
0.0 0.0 0.0 0.1 -0.1 0.0 0.0 0.0 0.0 0.0 0.0 0.0 0.7 0.3 0.0 0.0 
0.0 0.0 0.0 3.2 -4.6 1.4 0.0 0.0 0.0 0.0 0.0 0.0 0.0 0.0 1.1 -0.1 
0.0 0.0 0.0 -1.5 2.2 -0.7 0.0 0.0 0.0 0.0 0.0 0.0 0.0 0.0 0.5 0.5 
0.0 -0.2 0.1 -18.5 28.6 -9.6 -33.2 30.9 -539.5 544.1 -196.9 193.0 35.6 -35.9 -5.6 7.9 
0.0 -0.2 0.1 -48.9 72.7 -23.1 -42.0 39.0 -694.6 700.8 -257.8 251.8 50.4 -49.2 -10.7 12.6 

0.0 -1.0 2.0 0.0 0.0 0.0 0.0 0.0 0.0 0.0 0.0 0.0 0.0 0.0 0.0 0.0 
0.0 0.0 0.0 1.5 -2.0 1.5 0.0 0.0 0.0 0.0 0.0 0.0 0.0 0.0 0.0 0.0 
0.0 0.0 0.0 0.5 -1.0 1.5 0.0 0.0 0.0 0.0 0.0 0.0 0.0 0.0 0.0 0.0 
0.0 0.0 0.0 2.9 -4.2 1.3 0.0 1.0 0.0 0.0 0.0 0.0 0.0 0.0 0.0 0.0 
0.0 0.0 0.0 3.4 -4.8 1.4 -0.8 1.8 0.0 0.0 0.0 0.0 0.0 0.0 0.0 0.0 
0.0 0.0 0.0 6.7 -9.6 2.9 -2.5 3.5 0.0 0.0 0.0 0.0 0.0 0.0 0.0 0.0 
0.0 0.0 0.0 -3.5 5.0 -1.5 0.0 0.0 5.0 -4.0 0.0 0.0 0.0 0.0 0.0 0.0 
0.0 0.0 0.0 -8.8 12.5 -3.8 0.0 0.0 9.0 -8.0 0.0 0.0 0.0 0.0 0.0 0.0 
0.0 0.0 0.0 -12.1 17.3 -5.2 0.0 0.0 0.0 0.0 -6.4 7.4 0.0 0.0 0.0 0.0 
0.0 0.0 0.0 -12.5 17.8 -5.3 0.0 0.0 0.0 0.0 -6.2 7.2 0.0 0.0 0.0 0.0 
0.0 0.0 0.0 -1.4 2.1 -0.6 0.0 0.0 0.0 0.0 0.0 0.0 0.7 0.3 0.0 0.0 
0.0 0.0 0.0 0.9 -1.3 0.4 0.0 0.0 0.0 0.0 0.0 0.0 0.5 0.5 0.0 0.0 
0.0 0.0 0.0 3.0 -4.3 1.3 0.0 0.0 0.0 0.0 0.0 0.0 0.0 0.0 1.0 0.0 
0.0 0.0 0.0 -1.7 2.4 -0.7 0.0 0.0 0.0 0.0 0.0 0.0 0.0 0.0 0.4 0.6 
0.0 -0.2 0.1 -23.6 36.1 -11.9 -34.7 32.3 -565.4 570.3 -207.1 202.8 38.1 -38.1 -6.4 8.7 
0.0 -0.2 0.1 -54.1 80.2 -25.4 -43.5 40.4 -720.5 727.0 -268.0 261.6 52.9 -51.4 -11.5 13.4 

0.0 -1.3 2.3 0.0 0.0 0.0 0.0 0.0 0.0 0.0 0.0 0.0 0.0 0.0 0.0 0.0 
0.0 0.0 0.0 1.4 -2.2 1.8 0.0 0.0 0.0 0.0 0.0 0.0 0.0 0.0 0.0 0.0 
0.0 0.0 0.0 0.4 -1.2 1.8 0.0 0.0 0.0 0.0 0.0 0.0 0.0 0.0 0.0 0.0 
0.0 0.0 0.0 4.5 -6.5 1.9 -0.8 1.8 0.0 0.0 0.0 0.0 0.0 0.0 0.0 0.0 
0.0 0.0 0.0 5.0 -7.1 2.1 -1.5 2.5 0.0 0.0 0.0 0.0 0.0 0.0 0.0 0.0 
0.0 0.0 0.0 8.3 -11.9 3.6 -3.3 4.3 0.0 0.0 0.0 0.0 0.0 0.0 0.0 0.0 
0.0 0.0 0.0 -6.4 9.2 -2.8 0.0 0.0 9.0 -8.0 0.0 0.0 0.0 0.0 0.0 0.0 
0.0 0.0 0.0 -11.7 16.7 -5.0 0.0 0.0 13.0 -12.0 0.0 0.0 0.0 0.0 0.0 0.0 
0.0 0.0 0.0 -13.9 19.8 -6.0 0.0 0.0 0.0 0.0 -7.4 8.4 0.0 0.0 0.0 0.0 
0.0 0.0 0.0 -14.2 20.3 -6.1 0.0 0.0 0.0 0.0 -7.2 8.2 0.0 0.0 0.0 0.0 
0.0 0.0 0.0 -0.6 0.9 -0.3 0.0 0.0 0.0 0.0 0.0 0.0 0.5 0.5 0.0 0.0 
0.0 0.0 0.0 1.7 -2.4 0.7 0.0 0.0 0.0 0.0 0.0 0.0 0.3 0.7 0.0 0.0 
0.0 0.0 0.0 2.9 -4.1 1.2 0.0 0.0 0.0 0.0 0.0 0.0 0.0 0.0 0.8 0.2 
0.0 0.0 0.0 -1.8 2.6 -0.8 0.0 0.0 0.0 0.0 0.0 0.0 0.0 0.0 0.2 0.8 
0.0 -0.2 0.1 -28.8 43.6 -14.2 -36.2 33.6 -591.2 596.4 -217.2 212.6 40.6 -40.3 -7.3 9.5 
0.0 -0.2 0.1 -59.3 87.7 -27.7 -45.0 41.7 -746.3 753.1 -278.1 271.4 55.3 -53.7 -12.3 14.2 

1.0
0.0
0.0
2.5
4.0
3.5
5.3
9.0
6.8
8.0
11.0
8.0
8.5
14.8
16.1
14.3
