0.0 1.0 0.0 0.0 0.0 0.0 0.0 0.0 
0.0 -12.3 13.3 0.0 0.0 0.0 0.0 0.0 
0.0 -22.3 23.3 0.0 0.0 0.0 0.0 0.0 
0.0 -3325.7 3326.7 0.0 0.0 0.0 0.0 0.0 
0.0 458210.4 -1.4 0.0 0.0 0.0 -458209.0 1.0 
0.0 0.2 0.0 0.0 0.0 0.0 0.8 0.0 
0.0 -13.3 13.3 0.0 0.0 0.0 1.0 0.0 
0.0 4.7 -4.7 0.0 0.0 0.0 0.0 1.0 

0.0 0.0 1.0 0.0 0.0 0.0 0.0 0.0 
0.0 -13.3 14.3 0.0 0.0 0.0 0.0 0.0 
0.0 -23.3 24.3 0.0 0.0 0.0 0.0 0.0 
0.0 -3326.7 3327.7 0.0 0.0 0.0 0.0 0.0 
0.0 458211.4 -2.4 0.0 0.0 0.0 -458209.0 1.0 
0.0 -0.8 1.0 0.0 0.0 0.0 0.8 0.0 
0.0 -14.3 14.3 0.0 0.0 0.0 1.0 0.0 
0.0 5.7 -5.7 0.0 0.0 0.0 0.0 1.0 

0.0 2.3 -1.3 0.0 0.0 0.0 0.0 0.0 
0.0 -11.0 12.0 0.0 0.0 0.0 0.0 0.0 
0.0 -21.0 22.0 0.0 0.0 0.0 0.0 0.0 
0.0 -3324.3 3325.3 0.0 0.0 0.0 0.0 0.0 
0.0 458209.0 -0.0 0.0 0.0 0.0 -458209.0 1.0 
0.0 1.5 -1.3 0.0 0.0 0.0 0.8 0.0 
0.0 -12.0 12.0 0.0 0.0 0.0 1.0 0.0 
0.0 3.4 -3.4 0.0 0.0 0.0 0.0 1.0 

0.0 1.7 -0.7 0.0 0.0 0.0 0.0 0.0 
0.0 -11.7 12.7 0.0 0.0 0.0 0.0 0.0 
0.0 -21.7 22.7 0.0 0.0 0.0 0.0 0.0 
0.0 -3325.0 3326.0 0.0 0.0 0.0 0.0 0.0 
0.0 458209.7 -0.7 0.0 0.0 0.0 -458209.0 1.0 
0.0 0.8 -0.7 0.0 0.0 0.0 0.8 0.0 
0.0 -12.7 12.7 0.0 0.0 0.0 1.0 0.0 
0.0 4.0 -4.0 0.0 0.0 0.0 0.0 1.0 

0.0 0.3 0.7 0.0 0.0 0.0 0.0 0.0 
0.0 -13.0 14.0 0.0 0.0 0.0 0.0 0.0 
0.0 -23.0 24.0 0.0 0.0 0.0 0.0 0.0 
0.0 -3326.3 3327.3 0.0 0.0 0.0 0.0 0.0 
0.0 458211.0 -2.0 0.0 0.0 0.0 -458209.0 1.0 
0.0 -0.5 0.7 0.0 0.0 0.0 0.8 0.0 
0.0 -14.0 14.0 0.0 0.0 0.0 1.0 0.0 
0.0 5.4 -5.4 0.0 0.0 0.0 0.0 1.0 

0.0 -0.7 1.7 0.0 0.0 0.0 0.0 0.0 
0.0 -14.0 15.0 0.0 0.0 0.0 0.0 0.0 
0.0 -24.0 25.0 0.0 0.0 0.0 0.0 0.0 
0.0 -3327.3 3328.3 0.0 0.0 0.0 0.0 0.0 
0.0 458212.0 -3.0 0.0 0.0 0.0 -458209.0 1.0 
0.0 -1.5 1.7 0.0 0.0 0.0 0.8 0.0 
0.0 -15.0 15.0 0.0 0.0 0.0 1.0 0.0 
0.0 6.4 -6.4 0.0 0.0 0.0 0.0 1.0 

0.0 1.3 -0.3 0.0 0.0 0.0 0.0 0.0 
0.0 -12.0 13.0 0.0 0.0 0.0 0.0 0.0 
0.0 -22.0 23.0 0.0 0.0 0.0 0.0 0.0 
0.0 -3325.3 3326.3 0.0 0.0 0.0 0.0 0.0 
0.0 458210.0 -1.0 0.0 0.0 0.0 -458209.0 1.0 
0.0 0.5 -0.3 0.0 0.0 0.0 0.8 0.0 
0.0 -13.0 13.0 0.0 0.0 0.0 1.0 0.0 
0.0 4.4 -4.4 0.0 0.0 0.0 0.0 1.0 

1.0 0.0 0.0 0.0 0.0 0.0 0.0 0.0 
0.0 15.0 0.0 0.0 1.0 0.0 -15.0 0.0 
0.0 14.5 0.0 0.0 1.0 0.0 -14.5 0.0 
0.0 -150.7 0.0 0.0 1.0 0.0 150.7 0.0 
0.0 -13.3 -1.3 0.0 0.0 0.0 15.7 0.0 
0.0 14.8 0.0 0.0 1.0 0.0 -14.8 0.0 
0.0 14.0 0.0 0.0 1.0 0.0 -14.0 0.0 
0.0 -458208.8 0.0 0.0 1.0 0.0 458208.8 0.0 

0.0 0.7 0.3 0.0 0.0 0.0 0.0 0.0 
0.0 -12.7 13.7 0.0 0.0 0.0 0.0 0.0 
0.0 -22.7 23.7 0.0 0.0 0.0 0.0 0.0 
0.0 -3326.0 3327.0 0.0 0.0 0.0 0.0 0.0 
0.0 458210.7 -1.7 0.0 0.0 0.0 -458209.0 1.0 
0.0 -0.2 0.3 0.0 0.0 0.0 0.8 0.0 
0.0 -13.7 13.7 0.0 0.0 0.0 1.0 0.0 
0.0 5.0 -5.0 0.0 0.0 0.0 0.0 1.0 

1.0 0.0 0.0 0.0 0.0 0.0 0.0 0.0 
0.0 0.5 -0.3 0.0 0.0 0.8 0.0 0.0 
0.0 -0.9 0.5 0.0 0.0 1.4 0.0 0.0 
0.0 -43.9 25.1 0.0 0.0 19.8 0.0 0.0 
0.0 0.0 0.0 0.0 1.0 0.0 0.0 0.0 
0.0 0.0 0.0 0.0 0.0 1.0 0.0 0.0 
0.0 -0.5 -0.3 0.0 0.0 0.8 1.0 0.0 
0.0 -458209.0 0.0 0.0 1.0 0.0 458209.0 0.0 

0.0 2.6 -1.6 0.0 0.0 0.0 0.0 0.0 
0.0 2.5 -1.5 0.0 0.0 0.0 0.0 0.0 
0.0 2.4 -1.5 0.1 0.0 0.0 0.0 0.0 
0.0 0.0 0.0 1.0 0.0 0.0 0.0 0.0 
0.0 458208.8 0.2 -0.0 0.0 0.0 -458209.0 1.0 
0.0 2.5 -1.5 0.1 0.0 0.0 0.0 0.0 
0.0 1.5 -1.5 0.0 0.0 0.0 1.0 0.0 
0.0 -0.2 0.2 -0.0 0.0 0.0 0.0 1.0 

0.0 2.4 -1.4 0.0 0.0 0.0 0.0 0.0 
0.0 2.3 -1.3 0.0 0.0 0.0 0.0 0.0 
0.0 2.2 -1.3 0.1 0.0 0.0 0.0 0.0 
0.0 -0.2 0.2 1.0 0.0 0.0 0.0 0.0 
0.0 458209.0 0.0 0.0 0.0 0.0 -458209.0 1.0 
0.0 2.2 -1.3 0.1 0.0 0.0 0.0 0.0 
0.0 1.3 -1.3 0.0 0.0 0.0 1.0 0.0 
0.0 0.0 0.0 0.0 0.0 0.0 0.0 1.0 

1.0
4.0
7.0
998.0
94.0
5.0
10.0
2749347.0
