0.0 0.0 1.0 0.0 0.0 0.0 0.0 0.0 0.0 
0.0 0.0 1.0 0.0 0.0 0.0 0.0 0.0 0.0 
0.0 0.0 1.0 0.0 0.0 0.0 0.0 0.0 0.0 
0.0 0.0 -9.0 10.0 0.0 0.0 0.0 0.0 0.0 
0.0 0.0 0.0 -0.0 25.5 1.0 0.0 -25.5 0.0 
0.0 0.0 0.0 -0.0 0.0 1.0 0.0 0.0 0.0 
0.0 0.0 1.0 0.0 -2.0 0.0 0.0 2.0 0.0 
0.0 0.0 0.0 -0.0 24.5 1.0 0.0 -24.5 0.0 
0.0 0.0 -970.1 971.1 0.0 0.0 0.0 0.0 0.0 

0.0 0.0 1.0 0.0 0.0 0.0 0.0 0.0 0.0 
0.0 0.0 1.0 0.0 0.0 0.0 0.0 0.0 0.0 
0.0 0.0 1.0 0.0 0.0 0.0 0.0 0.0 0.0 
0.0 0.0 -9.0 10.0 0.0 0.0 0.0 0.0 0.0 
0.0 0.0 0.0 -0.0 25.5 1.0 0.0 -25.5 0.0 
0.0 0.0 0.0 -0.0 0.0 1.0 0.0 0.0 0.0 
0.0 0.0 1.0 0.0 -2.0 0.0 0.0 2.0 0.0 
0.0 0.0 0.0 -0.0 24.5 1.0 0.0 -24.5 0.0 
0.0 0.0 -970.1 971.1 0.0 0.0 0.0 0.0 0.0 

0.0 0.0 1.0 0.0 0.0 0.0 0.0 0.0 0.0 
0.0 0.0 1.0 0.0 0.0 0.0 0.0 0.0 0.0 
0.0 0.0 1.0 0.0 0.0 0.0 0.0 0.0 0.0 
0.0 0.0 -9.0 10.0 0.0 0.0 0.0 0.0 0.0 
0.0 0.0 0.0 0.0 25.5 1.0 0.0 -25.5 0.0 
0.0 0.0 0.0 0.0 0.0 1.0 0.0 0.0 0.0 
0.0 0.0 1.0 0.0 -2.0 0.0 0.0 2.0 0.0 
0.0 0.0 0.0 0.0 24.5 1.0 0.0 -24.5 0.0 
0.0 0.0 -970.1 971.1 0.0 0.0 0.0 0.0 0.0 

0.0 0.0 1.0 0.0 0.0 0.0 0.0 0.0 0.0 
0.0 0.0 1.0 0.0 0.0 0.0 0.0 0.0 0.0 
0.0 0.0 1.0 0.0 0.0 0.0 0.0 0.0 0.0 
0.0 0.0 -9.0 10.0 0.0 0.0 0.0 0.0 0.0 
0.0 0.0 0.0 -0.0 25.5 1.0 0.0 -25.5 0.0 
0.0 0.0 0.0 -0.0 0.0 1.0 0.0 0.0 0.0 
0.0 0.0 1.0 0.0 -2.0 0.0 0.0 2.0 0.0 
0.0 0.0 0.0 -0.0 24.5 1.0 0.0 -24.5 0.0 
0.0 0.0 -970.1 971.1 0.0 0.0 0.0 0.0 0.0 

0.0 0.0 1.0 0.0 0.0 0.0 0.0 0.0 0.0 
0.0 0.0 1.0 0.0 0.0 0.0 0.0 0.0 0.0 
0.0 0.0 1.0 0.0 0.0 0.0 0.0 0.0 0.0 
0.0 0.0 -9.0 10.0 0.0 0.0 0.0 0.0 0.0 
0.0 0.0 0.0 -0.0 25.5 1.0 0.0 -25.5 0.0 
0.0 0.0 0.0 -0.0 0.0 1.0 0.0 0.0 0.0 
0.0 0.0 1.0 0.0 -2.0 0.0 0.0 2.0 0.0 
0.0 0.0 0.0 -0.0 24.5 1.0 0.0 -24.5 0.0 
0.0 0.0 -970.1 971.1 0.0 0.0 0.0 0.0 0.0 

0.0 0.0 1.0 0.0 0.0 0.0 0.0 0.0 0.0 
0.0 0.0 1.0 0.0 0.0 0.0 0.0 0.0 0.0 
0.0 0.0 1.0 0.0 0.0 0.0 0.0 0.0 0.0 
0.0 0.0 -9.0 10.0 0.0 0.0 0.0 0.0 0.0 
0.0 0.0 0.0 -0.0 25.5 1.0 0.0 -25.5 0.0 
0.0 0.0 0.0 -0.0 0.0 1.0 0.0 0.0 0.0 
0.0 0.0 1.0 0.0 -2.0 0.0 0.0 2.0 0.0 
0.0 0.0 0.0 -0.0 24.5 1.0 0.0 -24.5 0.0 
0.0 0.0 -970.1 971.1 0.0 0.0 0.0 0.0 0.0 

0.0 0.0 1.0 0.0 0.0 0.0 0.0 0.0 0.0 
0.0 0.0 1.0 0.0 0.0 0.0 0.0 0.0 0.0 
0.0 0.0 1.0 0.0 0.0 0.0 0.0 0.0 0.0 
0.0 0.0 -9.0 10.0 0.0 0.0 0.0 0.0 0.0 
0.0 0.0 0.0 -0.0 25.5 1.0 0.0 -25.5 0.0 
0.0 0.0 0.0 -0.0 0.0 1.0 0.0 0.0 0.0 
0.0 0.0 1.0 0.0 -2.0 0.0 0.0 2.0 0.0 
0.0 0.0 0.0 -0.0 24.5 1.0 0.0 -24.5 0.0 
0.0 0.0 -970.1 971.1 0.0 0.0 0.0 0.0 0.0 

1.0 0.0 0.0 0.0 0.0 0.0 0.0 0.0 0.0 
0.0 0.0 0.0 0.0 4.0 0.0 0.0 -3.0 0.0 
0.0 0.0 0.0 0.0 4.5 0.0 0.0 -3.5 0.0 
0.0 0.0 0.0 0.0 -215.0 0.0 0.0 216.0 0.0 
0.0 0.0 1.0 0.0 -3.5 0.0 0.0 3.5 0.0 
0.0 0.0 0.0 0.0 -24.5 0.0 0.0 25.5 0.0 
0.0 0.0 0.0 0.0 2.5 0.0 0.0 -1.5 0.0 
0.0 0.0 1.0 0.0 -4.5 0.0 0.0 4.5 0.0 
0.0 0.0 0.0 0.0 -21311.0 0.0 0.0 21312.0 0.0 

0.0 0.0 1.0 0.0 0.0 0.0 0.0 0.0 0.0 
0.0 0.0 1.0 0.0 0.0 0.0 0.0 0.0 0.0 
0.0 0.0 1.0 0.0 0.0 0.0 0.0 0.0 0.0 
0.0 0.0 -9.0 10.0 0.0 0.0 0.0 0.0 0.0 
0.0 0.0 0.0 -0.0 25.5 1.0 0.0 -25.5 0.0 
0.0 0.0 0.0 -0.0 0.0 1.0 0.0 0.0 0.0 
0.0 0.0 1.0 0.0 -2.0 0.0 0.0 2.0 0.0 
0.0 0.0 0.0 -0.0 24.5 1.0 0.0 -24.5 0.0 
0.0 0.0 -970.1 971.1 0.0 0.0 0.0 0.0 0.0 

1.0 0.0 0.0 0.0 0.0 0.0 0.0 0.0 0.0 
1.0 0.0 0.0 0.0 0.0 0.0 0.0 0.0 0.0 
0.0 0.0 1.0 0.0 0.0 0.0 0.0 0.0 0.0 
0.0 0.0 -108.8 0.0 0.0 0.0 109.8 0.0 0.0 
0.0 0.0 0.0 0.0 1.0 0.0 0.0 0.0 0.0 
0.0 0.0 1.1 0.0 -29.1 0.0 -0.1 29.1 0.0 
0.0 0.0 0.0 0.0 0.0 0.0 1.0 0.0 0.0 
0.0 0.0 0.0 0.0 0.0 0.0 0.0 1.0 0.0 
0.0 0.0 -1064.8 0.0 0.0 0.0 1065.8 0.0 0.0 

0.0 1.0 0.0 -0.0 0.0 0.0 0.0 0.0 0.0 
0.0 1.0 0.0 -0.0 0.0 0.0 0.0 0.0 0.0 
0.0 0.0 1.0 -0.0 0.0 0.0 0.0 0.0 0.0 
0.0 0.0 0.9 -0.0 0.0 0.0 0.0 0.0 0.1 
0.0 0.0 -0.0 0.0 1.0 0.0 0.0 0.0 -0.0 
0.0 0.0 -0.0 0.0 0.0 1.0 0.0 0.0 -0.0 
0.0 0.0 1.0 -0.0 0.0 0.0 0.0 0.0 0.0 
0.0 0.0 -0.0 0.0 0.0 0.0 0.0 1.0 -0.0 
0.0 0.0 0.0 -0.0 0.0 0.0 0.0 0.0 1.0 

0.0 1.0 0.0 0.0 0.0 0.0 0.0 0.0 0.0 
0.0 1.0 0.0 0.0 0.0 0.0 0.0 0.0 0.0 
0.0 0.0 1.0 -0.0 0.0 0.0 0.0 0.0 0.0 
0.0 0.0 0.9 -0.0 0.0 0.0 0.0 0.0 0.1 
0.0 0.0 -0.0 0.0 1.0 0.0 0.0 0.0 -0.0 
0.0 0.0 -0.0 0.0 0.0 1.0 0.0 0.0 -0.0 
0.0 0.0 1.0 -0.0 0.0 0.0 0.0 0.0 0.0 
0.0 0.0 -0.0 0.0 0.0 0.0 0.0 1.0 -0.0 
0.0 0.0 0.0 0.0 0.0 0.0 0.0 0.0 1.0 

1.0
1.0
0.0
439.0
7.0
58.0
4.0
9.0
42631.0
