0.0 -1.0 2.0 0.0 0.0 
0.0 59.0 -58.0 0.0 0.0 
0.0 49.0 -48.0 0.0 0.0 
0.0 -4.0 4.0 1.0 0.0 
0.0 679.0 -678.0 0.0 0.0 

0.0 2.0 -1.0 0.0 0.0 
0.0 62.0 -61.0 0.0 0.0 
0.0 52.0 -51.0 0.0 0.0 
0.0 -7.0 7.0 1.0 0.0 
0.0 682.0 -681.0 0.0 0.0 

0.0 -5.0 6.0 0.0 0.0 
0.0 55.0 -54.0 0.0 0.0 
0.0 45.0 -44.0 0.0 0.0 
0.0 0.0 0.0 1.0 0.0 
0.0 675.0 -674.0 0.0 0.0 

0.0 -3.0 4.0 0.0 0.0 
0.0 57.0 -56.0 0.0 0.0 
0.0 47.0 -46.0 0.0 0.0 
0.0 -2.0 2.0 1.0 0.0 
0.0 677.0 -676.0 0.0 0.0 

0.0 1.0 0.0 0.0 0.0 
0.0 61.0 -60.0 0.0 0.0 
0.0 51.0 -50.0 0.0 0.0 
0.0 -6.0 6.0 1.0 0.0 
0.0 681.0 -680.0 0.0 0.0 

0.0 4.0 -3.0 0.0 0.0 
0.0 64.0 -63.0 0.0 0.0 
0.0 54.0 -53.0 0.0 0.0 
0.0 -9.0 9.0 1.0 0.0 
0.0 684.0 -683.0 0.0 0.0 

0.0 -2.0 3.0 0.0 0.0 
0.0 58.0 -57.0 0.0 0.0 
0.0 48.0 -47.0 0.0 0.0 
0.0 -3.0 3.0 1.0 0.0 
0.0 678.0 -677.0 0.0 0.0 

1.0 0.0 0.0 0.0 0.0 
0.0 -10.0 12.0 3.0 0.0 
0.0 -7.5 9.0 2.5 0.0 
0.0 -10.0 12.0 1.0 0.0 
0.0 -165.0 198.0 34.0 0.0 

0.0 0.0 1.0 0.0 0.0 
0.0 60.0 -59.0 0.0 0.0 
0.0 50.0 -49.0 0.0 0.0 
0.0 -5.0 5.0 1.0 0.0 
0.0 680.0 -679.0 0.0 0.0 

1.0 0.0 0.0 0.0 0.0 
0.0 -14.5 18.6 3.0 -0.1 
0.0 -12.9 16.5 2.5 -0.1 
0.0 0.0 0.0 1.0 0.0 
0.0 -14.5 18.6 3.0 -0.1 

0.0 -5.1 6.0 0.0 0.1 
0.0 0.0 0.0 0.0 1.0 
0.0 -0.9 1.0 0.0 0.9 
0.0 0.1 0.0 1.0 -0.1 
0.0 0.0 0.0 0.0 1.0 

0.0 -5.0 6.0 0.0 0.0 
0.0 0.1 0.0 0.0 0.9 
0.0 -0.7 1.0 0.0 0.7 
0.0 0.0 0.0 1.0 -0.0 
0.0 0.1 0.0 0.0 0.9 

1.0
6.0
5.0
2.0
68.0
