0.0 0.5 0.5 0.0 0.0 0.0 0.0 0.0 
0.0 -4.5 5.5 0.0 0.0 0.0 0.0 0.0 
0.0 -14.5 15.5 0.0 0.0 0.0 0.0 0.0 
0.0 -2.3 2.3 1.1 0.0 0.0 1.0 -1.1 
0.0 -19.5 20.5 0.0 0.0 0.0 0.0 0.0 
0.0 -11152.0 11153.0 0.0 0.0 0.0 0.0 0.0 
0.0 30.3 -30.3 0.0 0.0 0.0 1.0 0.0 
0.0 -2.3 2.3 0.1 0.0 0.0 1.0 -0.1 

0.0 -0.3 1.3 0.0 0.0 0.0 0.0 0.0 
0.0 -5.3 6.3 0.0 0.0 0.0 0.0 0.0 
0.0 -15.3 16.3 0.0 0.0 0.0 0.0 0.0 
0.0 -1.5 1.5 1.1 0.0 0.0 1.0 -1.1 
0.0 -20.3 21.3 0.0 0.0 0.0 0.0 0.0 
0.0 -11152.8 11153.8 0.0 0.0 0.0 0.0 0.0 
0.0 31.0 -31.0 0.0 0.0 0.0 1.0 0.0 
0.0 -1.5 1.5 0.1 0.0 0.0 1.0 -0.1 

0.0 1.5 -0.5 0.0 0.0 0.0 0.0 0.0 
0.0 -3.5 4.5 0.0 0.0 0.0 0.0 0.0 
0.0 -13.5 14.5 0.0 0.0 0.0 0.0 0.0 
0.0 -3.3 3.3 1.1 0.0 0.0 1.0 -1.1 
0.0 -18.5 19.5 0.0 0.0 0.0 0.0 0.0 
0.0 -11151.0 11152.0 0.0 0.0 0.0 0.0 0.0 
0.0 29.3 -29.3 0.0 0.0 0.0 1.0 0.0 
0.0 -3.3 3.3 0.1 0.0 0.0 1.0 -0.1 

0.0 1.0 0.0 0.0 0.0 0.0 0.0 0.0 
0.0 -4.0 5.0 0.0 0.0 0.0 0.0 0.0 
0.0 -14.0 15.0 0.0 0.0 0.0 0.0 0.0 
0.0 -2.8 2.8 1.1 0.0 0.0 1.0 -1.1 
0.0 -19.0 20.0 0.0 0.0 0.0 0.0 0.0 
0.0 -11151.5 11152.5 0.0 0.0 0.0 0.0 0.0 
0.0 29.8 -29.8 0.0 0.0 0.0 1.0 0.0 
0.0 -2.8 2.8 0.1 0.0 0.0 1.0 -0.1 

0.0 0.0 1.0 0.0 0.0 0.0 0.0 0.0 
0.0 -5.0 6.0 0.0 0.0 0.0 0.0 0.0 
0.0 -15.0 16.0 0.0 0.0 0.0 0.0 0.0 
0.0 -1.8 1.8 1.1 0.0 0.0 1.0 -1.1 
0.0 -20.0 21.0 0.0 0.0 0.0 0.0 0.0 
0.0 -11152.5 11153.5 0.0 0.0 0.0 0.0 0.0 
0.0 30.8 -30.8 0.0 0.0 0.0 1.0 0.0 
0.0 -1.8 1.8 0.1 0.0 0.0 1.0 -0.1 

0.0 -0.8 1.8 0.0 0.0 0.0 0.0 0.0 
0.0 -5.8 6.8 0.0 0.0 0.0 0.0 0.0 
0.0 -15.8 16.8 0.0 0.0 0.0 0.0 0.0 
0.0 -1.0 1.0 1.1 0.0 0.0 1.0 -1.1 
0.0 -20.8 21.8 0.0 0.0 0.0 0.0 0.0 
0.0 -11153.3 11154.3 0.0 0.0 0.0 0.0 0.0 
0.0 31.5 -31.5 0.0 0.0 0.0 1.0 0.0 
0.0 -1.0 1.0 0.1 0.0 0.0 1.0 -0.1 

0.0 0.8 0.3 0.0 0.0 0.0 0.0 0.0 
0.0 -4.3 5.3 0.0 0.0 0.0 0.0 0.0 
0.0 -14.3 15.3 0.0 0.0 0.0 0.0 0.0 
0.0 -2.5 2.5 1.1 0.0 0.0 1.0 -1.1 
0.0 -19.3 20.3 0.0 0.0 0.0 0.0 0.0 
0.0 -11151.8 11152.8 0.0 0.0 0.0 0.0 0.0 
0.0 30.0 -30.0 0.0 0.0 0.0 1.0 0.0 
0.0 -2.5 2.5 0.1 0.0 0.0 1.0 -0.1 

1.0 0.0 0.0 0.0 0.0 0.0 0.0 0.0 
0.0 0.0 0.0 -0.1 0.0 0.0 0.0 1.1 
0.0 0.0 0.0 0.0 0.0 0.0 0.0 1.0 
0.0 1.5 -0.5 1.2 0.0 0.0 0.0 -1.2 
0.0 0.0 0.0 0.1 0.0 0.0 0.0 0.9 
0.0 0.0 0.0 131.0 0.0 0.0 0.0 -130.0 
0.0 0.0 0.0 -0.5 0.0 0.0 0.0 1.5 
0.0 1.5 -0.5 0.2 0.0 0.0 0.0 -0.2 

0.0 0.3 0.8 0.0 0.0 0.0 0.0 0.0 
0.0 -4.8 5.8 0.0 0.0 0.0 0.0 0.0 
0.0 -14.8 15.8 0.0 0.0 0.0 0.0 0.0 
0.0 -2.0 2.0 1.1 0.0 0.0 1.0 -1.1 
0.0 -19.8 20.8 0.0 0.0 0.0 0.0 0.0 
0.0 -11152.3 11153.3 0.0 0.0 0.0 0.0 0.0 
0.0 30.5 -30.5 0.0 0.0 0.0 1.0 0.0 
0.0 -2.0 2.0 0.1 0.0 0.0 1.0 -0.1 

1.0 0.0 0.0 0.0 0.0 0.0 0.0 0.0 
0.0 4.1 -1.3 0.1 -1.8 0.0 0.0 -0.1 
0.0 9.3 -2.9 0.2 -5.4 0.0 0.0 -0.2 
0.0 0.0 0.0 1.0 0.0 0.0 0.0 0.0 
1.0 0.0 0.0 0.0 0.0 0.0 0.0 0.0 
0.0 580.2 -178.5 13.1 -401.4 0.7 0.0 -13.1 
0.0 -17.7 5.4 -0.3 13.3 -0.0 0.0 0.3 
0.0 0.0 0.0 0.0 0.0 0.0 0.0 1.0 

0.0 0.0 0.0 0.0 1.0 0.0 0.0 0.0 
0.0 1.7 -0.7 0.0 0.0 0.0 0.0 0.0 
0.0 1.7 -0.7 0.0 0.0 0.0 0.0 0.0 
0.0 -3.5 3.5 1.1 0.0 -0.0 1.0 -1.1 
0.0 0.0 0.0 0.0 1.0 0.0 0.0 0.0 
0.0 0.2 -0.2 0.0 0.0 1.0 0.0 0.0 
0.0 -3.4 3.5 0.0 0.0 -0.0 1.0 0.0 
0.0 -3.5 3.5 0.1 0.0 -0.0 1.0 -0.1 

0.0 -0.2 0.2 0.0 1.0 -0.0 0.0 0.0 
0.0 1.5 -0.5 0.0 0.0 0.0 0.0 0.0 
0.0 1.5 -0.5 0.0 0.0 0.0 0.0 0.0 
0.0 -3.3 3.3 1.1 0.0 -0.0 1.0 -1.1 
0.0 -0.2 0.2 0.0 1.0 -0.0 0.0 0.0 
0.0 0.0 0.0 0.0 0.0 1.0 0.0 0.0 
0.0 -3.2 3.3 0.0 0.0 -0.0 1.0 0.0 
0.0 -3.3 3.3 0.1 0.0 -0.0 1.0 -0.1 

1.0
2.0
6.0
40.0
8.0
4461.0
-10.0
6.0
