0.0 3.0 -2.0 0.0 0.0 0.0 0.0 0.0 0.0 0.0 0.0 0.0 0.0 0.0 0.0 0.0 0.0 0.0 
0.0 0.0 0.0 -0.3 0.5 0.8 0.0 0.0 0.0 0.0 0.0 0.0 0.0 0.0 0.0 0.0 0.0 0.0 
0.0 0.0 0.0 -0.5 0.1 1.4 0.0 0.0 0.0 0.0 0.0 0.0 0.0 0.0 0.0 0.0 0.0 0.0 
0.0 0.0 0.0 -0.5 -0.4 0.9 1.5 -0.5 0.0 0.0 0.0 0.0 0.0 0.0 0.0 0.0 0.0 0.0 
0.0 0.0 0.0 -0.3 -0.3 0.6 2.4 -1.4 0.0 0.0 0.0 0.0 0.0 0.0 0.0 0.0 0.0 0.0 
0.0 0.0 0.0 -0.9 -0.8 1.7 1.9 -0.9 0.0 0.0 0.0 0.0 0.0 0.0 0.0 0.0 0.0 0.0 
0.0 0.0 0.0 -1.1 -1.0 2.2 0.0 0.0 0.4 0.6 0.0 0.0 0.0 0.0 0.0 0.0 0.0 0.0 
0.0 0.0 0.0 -2.8 -2.5 5.3 0.0 0.0 2.3 -1.3 0.0 0.0 0.0 0.0 0.0 0.0 0.0 0.0 
0.0 0.0 0.0 0.8 0.7 -1.5 0.0 0.0 0.0 0.0 0.7 0.3 0.0 0.0 0.0 0.0 0.0 0.0 
0.0 0.0 0.0 -0.6 -0.5 1.1 0.0 0.0 0.0 0.0 -0.2 1.2 0.0 0.0 0.0 0.0 0.0 0.0 
0.0 0.0 0.0 -4.5 -4.1 8.6 0.0 0.0 0.0 0.0 0.0 0.0 2.5 -1.5 0.0 0.0 0.0 0.0 
0.0 0.0 0.0 -3.6 -3.2 6.8 0.0 0.0 0.0 0.0 0.0 0.0 2.9 -1.9 0.0 0.0 0.0 0.0 
0.0 0.0 0.0 -0.6 -0.5 1.2 0.0 0.0 0.0 0.0 0.0 0.0 0.0 0.0 0.1 0.9 0.0 0.0 
0.0 0.0 0.0 -1.1 -1.0 2.1 0.0 0.0 0.0 0.0 0.0 0.0 0.0 0.0 1.0 0.0 0.0 0.0 
0.0 0.0 0.0 -100.9 -90.8 191.7 0.0 0.0 0.0 0.0 0.0 0.0 0.0 0.0 0.0 0.0 43.0 -42.0 
0.0 0.0 0.0 -154.2 -138.8 293.1 0.0 0.0 0.0 0.0 0.0 0.0 0.0 0.0 0.0 0.0 67.0 -66.0 
-0.0 0.1 -0.1 178.8 160.5 -339.6 4.4 -3.1 23.5 -27.1 -61.9 66.8 -41.0 38.8 -26.9 24.6 -107.9 111.0 
-0.0 0.1 -0.1 188.3 169.0 -357.6 4.5 -3.2 23.7 -27.4 -62.5 67.6 -41.6 39.3 -27.3 25.1 -113.4 116.4 

0.0 2.5 -1.5 0.0 0.0 0.0 0.0 0.0 0.0 0.0 0.0 0.0 0.0 0.0 0.0 0.0 0.0 0.0 
0.0 0.0 0.0 -0.2 0.4 0.8 0.0 0.0 0.0 0.0 0.0 0.0 0.0 0.0 0.0 0.0 0.0 0.0 
0.0 0.0 0.0 -0.3 0.0 1.3 0.0 0.0 0.0 0.0 0.0 0.0 0.0 0.0 0.0 0.0 0.0 0.0 
0.0 0.0 0.0 -0.3 -0.3 0.6 1.4 -0.4 0.0 0.0 0.0 0.0 0.0 0.0 0.0 0.0 0.0 0.0 
0.0 0.0 0.0 -0.2 -0.1 0.3 2.2 -1.2 0.0 0.0 0.0 0.0 0.0 0.0 0.0 0.0 0.0 0.0 
0.0 0.0 0.0 -0.8 -0.7 1.4 1.8 -0.8 0.0 0.0 0.0 0.0 0.0 0.0 0.0 0.0 0.0 0.0 
0.0 0.0 0.0 -1.1 -1.0 2.2 0.0 0.0 0.8 0.3 0.0 0.0 0.0 0.0 0.0 0.0 0.0 0.0 
0.0 0.0 0.0 -2.8 -2.5 5.3 0.0 0.0 2.6 -1.6 0.0 0.0 0.0 0.0 0.0 0.0 0.0 0.0 
0.0 0.0 0.0 1.4 1.3 -2.7 0.0 0.0 0.0 0.0 1.1 -0.1 0.0 0.0 0.0 0.0 0.0 0.0 
0.0 0.0 0.0 0.1 0.1 -0.1 0.0 0.0 0.0 0.0 0.2 0.8 0.0 0.0 0.0 0.0 0.0 0.0 
0.0 0.0 0.0 -4.1 -3.7 7.8 0.0 0.0 0.0 0.0 0.0 0.0 2.4 -1.4 0.0 0.0 0.0 0.0 
0.0 0.0 0.0 -3.2 -2.9 6.0 0.0 0.0 0.0 0.0 0.0 0.0 2.7 -1.7 0.0 0.0 0.0 0.0 
0.0 0.0 0.0 -0.2 -0.2 0.4 0.0 0.0 0.0 0.0 0.0 0.0 0.0 0.0 0.3 0.7 0.0 0.0 
0.0 0.0 0.0 -0.7 -0.6 1.3 0.0 0.0 0.0 0.0 0.0 0.0 0.0 0.0 1.1 -0.1 0.0 0.0 
0.0 0.0 0.0 -91.5 -82.4 173.9 0.0 0.0 0.0 0.0 0.0 0.0 0.0 0.0 0.0 0.0 39.0 -38.0 
0.0 0.0 0.0 -144.8 -130.4 275.2 0.0 0.0 0.0 0.0 0.0 0.0 0.0 0.0 0.0 0.0 63.0 -62.0 
-0.0 0.1 -0.1 232.1 208.4 -440.7 4.6 -3.3 24.6 -28.4 -64.7 70.1 -43.8 41.1 -28.6 26.6 -132.4 135.3 
-0.0 0.1 -0.1 241.6 216.9 -458.7 4.7 -3.3 24.8 -28.6 -65.4 70.8 -44.4 41.7 -29.0 27.0 -137.8 140.7 

0.0 2.0 -1.0 0.0 0.0 0.0 0.0 0.0 0.0 0.0 0.0 0.0 0.0 0.0 0.0 0.0 0.0 0.0 
0.0 0.0 0.0 -0.0 0.3 0.8 0.0 0.0 0.0 0.0 0.0 0.0 0.0 0.0 0.0 0.0 0.0 0.0 
0.0 0.0 0.0 -0.2 -0.1 1.3 0.0 0.0 0.0 0.0 0.0 0.0 0.0 0.0 0.0 0.0 0.0 0.0 
0.0 0.0 0.0 -0.2 -0.1 0.3 1.2 -0.2 0.0 0.0 0.0 0.0 0.0 0.0 0.0 0.0 0.0 0.0 
0.0 0.0 0.0 0.0 0.0 0.0 2.1 -1.1 0.0 0.0 0.0 0.0 0.0 0.0 0.0 0.0 0.0 0.0 
0.0 0.0 0.0 -0.6 -0.5 1.2 1.6 -0.6 0.0 0.0 0.0 0.0 0.0 0.0 0.0 0.0 0.0 0.0 
0.0 0.0 0.0 -1.1 -1.0 2.2 0.0 0.0 1.1 -0.1 0.0 0.0 0.0 0.0 0.0 0.0 0.0 0.0 
0.0 0.0 0.0 -2.8 -2.5 5.3 0.0 0.0 2.9 -1.9 0.0 0.0 0.0 0.0 0.0 0.0 0.0 0.0 
0.0 0.0 0.0 2.0 1.8 -3.9 0.0 0.0 0.0 0.0 1.5 -0.5 0.0 0.0 0.0 0.0 0.0 0.0 
0.0 0.0 0.0 0.7 0.6 -1.3 0.0 0.0 0.0 0.0 0.5 0.5 0.0 0.0 0.0 0.0 0.0 0.0 
0.0 0.0 0.0 -3.8 -3.4 7.1 0.0 0.0 0.0 0.0 0.0 0.0 2.2 -1.2 0.0 0.0 0.0 0.0 
0.0 0.0 0.0 -2.8 -2.5 5.3 0.0 0.0 0.0 0.0 0.0 0.0 2.5 -1.6 0.0 0.0 0.0 0.0 
0.0 0.0 0.0 0.2 0.2 -0.4 0.0 0.0 0.0 0.0 0.0 0.0 0.0 0.0 0.4 0.6 0.0 0.0 
0.0 0.0 0.0 -0.3 -0.3 0.6 0.0 0.0 0.0 0.0 0.0 0.0 0.0 0.0 1.3 -0.3 0.0 0.0 
0.0 0.0 0.0 -82.1 -73.9 156.0 0.0 0.0 0.0 0.0 0.0 0.0 0.0 0.0 0.0 0.0 35.0 -34.0 
0.0 0.0 0.0 -135.5 -121.9 257.4 0.0 0.0 0.0 0.0 0.0 0.0 0.0 0.0 0.0 0.0 59.0 -58.0 
-0.0 0.1 -0.1 285.3 256.3 -541.9 4.8 -3.4 25.6 -29.6 -67.6 73.3 -46.6 43.5 -30.3 28.5 -156.8 159.7 
-0.0 0.1 -0.1 294.8 264.8 -559.9 4.9 -3.5 25.9 -29.9 -68.2 74.0 -47.2 44.0 -30.7 29.0 -162.2 165.1 

0.0 1.5 -0.5 0.0 0.0 0.0 0.0 0.0 0.0 0.0 0.0 0.0 0.0 0.0 0.0 0.0 0.0 0.0 
0.0 0.0 0.0 0.1 0.2 0.7 0.0 0.0 0.0 0.0 0.0 0.0 0.0 0.0 0.0 0.0 0.0 0.0 
0.0 0.0 0.0 -0.1 -0.2 1.3 0.0 0.0 0.0 0.0 0.0 0.0 0.0 0.0 0.0 0.0 0.0 0.0 
0.0 0.0 0.0 0.0 0.0 0.0 1.1 -0.1 0.0 0.0 0.0 0.0 0.0 0.0 0.0 0.0 0.0 0.0 
0.0 0.0 0.0 0.2 0.1 -0.3 2.0 -1.0 0.0 0.0 0.0 0.0 0.0 0.0 0.0 0.0 0.0 0.0 
0.0 0.0 0.0 -0.5 -0.4 0.9 1.5 -0.5 0.0 0.0 0.0 0.0 0.0 0.0 0.0 0.0 0.0 0.0 
0.0 0.0 0.0 -1.1 -1.0 2.2 0.0 0.0 1.4 -0.4 0.0 0.0 0.0 0.0 0.0 0.0 0.0 0.0 
0.0 0.0 0.0 -2.8 -2.5 5.3 0.0 0.0 3.3 -2.3 0.0 0.0 0.0 0.0 0.0 0.0 0.0 0.0 
0.0 0.0 0.0 2.7 2.4 -5.0 0.0 0.0 0.0 0.0 1.8 -0.8 0.0 0.0 0.0 0.0 0.0 0.0 
0.0 0.0 0.0 1.3 1.2 -2.5 0.0 0.0 0.0 0.0 0.9 0.1 0.0 0.0 0.0 0.0 0.0 0.0 
0.0 0.0 0.0 -3.4 -3.0 6.4 0.0 0.0 0.0 0.0 0.0 0.0 2.1 -1.1 0.0 0.0 0.0 0.0 
0.0 0.0 0.0 -2.4 -2.2 4.6 0.0 0.0 0.0 0.0 0.0 0.0 2.4 -1.4 0.0 0.0 0.0 0.0 
0.0 0.0 0.0 0.6 0.5 -1.2 0.0 0.0 0.0 0.0 0.0 0.0 0.0 0.0 0.6 0.4 0.0 0.0 
0.0 0.0 0.0 0.1 0.1 -0.2 0.0 0.0 0.0 0.0 0.0 0.0 0.0 0.0 1.4 -0.4 0.0 0.0 
0.0 0.0 0.0 -72.7 -65.5 138.2 0.0 0.0 0.0 0.0 0.0 0.0 0.0 0.0 0.0 0.0 31.0 -30.0 
0.0 0.0 0.0 -126.1 -113.5 239.5 0.0 0.0 0.0 0.0 0.0 0.0 0.0 0.0 0.0 0.0 55.0 -54.0 
-0.0 0.1 -0.1 338.6 304.2 -643.0 5.1 -3.6 26.7 -30.9 -70.4 76.6 -49.3 45.8 -32.0 30.5 -181.2 184.0 
-0.0 0.1 -0.1 348.0 312.7 -661.0 5.1 -3.6 26.9 -31.2 -71.1 77.3 -49.9 46.4 -32.4 30.9 -186.6 189.5 

0.0 1.0 0.0 0.0 0.0 0.0 0.0 0.0 0.0 0.0 0.0 0.0 0.0 0.0 0.0 0.0 0.0 0.0 
0.0 0.0 0.0 0.2 0.1 0.7 0.0 0.0 0.0 0.0 0.0 0.0 0.0 0.0 0.0 0.0 0.0 0.0 
0.0 0.0 0.0 0.0 -0.3 1.2 0.0 0.0 0.0 0.0 0.0 0.0 0.0 0.0 0.0 0.0 0.0 0.0 
0.0 0.0 0.0 0.2 0.1 -0.3 1.0 0.0 0.0 0.0 0.0 0.0 0.0 0.0 0.0 0.0 0.0 0.0 
0.0 0.0 0.0 0.3 0.3 -0.6 1.8 -0.8 0.0 0.0 0.0 0.0 0.0 0.0 0.0 0.0 0.0 0.0 
0.0 0.0 0.0 -0.3 -0.3 0.6 1.4 -0.4 0.0 0.0 0.0 0.0 0.0 0.0 0.0 0.0 0.0 0.0 
0.0 0.0 0.0 -1.1 -1.0 2.2 0.0 0.0 1.8 -0.8 0.0 0.0 0.0 0.0 0.0 0.0 0.0 0.0 
0.0 0.0 0.0 -2.8 -2.5 5.3 0.0 0.0 3.6 -2.6 0.0 0.0 0.0 0.0 0.0 0.0 0.0 0.0 
0.0 0.0 0.0 3.3 3.0 -6.2 0.0 0.0 0.0 0.0 2.2 -1.2 0.0 0.0 0.0 0.0 0.0 0.0 
0.0 0.0 0.0 2.0 1.8 -3.7 0.0 0.0 0.0 0.0 1.3 -0.3 0.0 0.0 0.0 0.0 0.0 0.0 
0.0 0.0 0.0 -3.0 -2.7 5.7 0.0 0.0 0.0 0.0 0.0 0.0 1.9 -0.9 0.0 0.0 0.0 0.0 
0.0 0.0 0.0 -2.0 -1.8 3.9 0.0 0.0 0.0 0.0 0.0 0.0 2.3 -1.3 0.0 0.0 0.0 0.0 
0.0 0.0 0.0 1.0 0.9 -1.9 0.0 0.0 0.0 0.0 0.0 0.0 0.0 0.0 0.7 0.3 0.0 0.0 
0.0 0.0 0.0 0.5 0.5 -1.0 0.0 0.0 0.0 0.0 0.0 0.0 0.0 0.0 1.5 -0.5 0.0 0.0 
0.0 0.0 0.0 -63.3 -57.0 120.3 0.0 0.0 0.0 0.0 0.0 0.0 0.0 0.0 0.0 0.0 27.0 -26.0 
0.0 0.0 0.0 -116.7 -105.0 221.7 0.0 0.0 0.0 0.0 0.0 0.0 0.0 0.0 0.0 0.0 51.0 -50.0 
-0.0 0.1 -0.1 391.8 352.1 -744.1 5.3 -3.7 27.8 -32.2 -73.3 79.8 -52.1 48.2 -33.7 32.4 -205.6 208.4 
-0.0 0.1 -0.1 401.3 360.6 -762.1 5.3 -3.7 28.0 -32.4 -73.9 80.5 -52.7 48.7 -34.1 32.9 -211.0 213.8 

0.0 0.5 0.5 0.0 0.0 0.0 0.0 0.0 0.0 0.0 0.0 0.0 0.0 0.0 0.0 0.0 0.0 0.0 
0.0 0.0 0.0 0.3 0.0 0.7 0.0 0.0 0.0 0.0 0.0 0.0 0.0 0.0 0.0 0.0 0.0 0.0 
0.0 0.0 0.0 0.2 -0.4 1.2 0.0 0.0 0.0 0.0 0.0 0.0 0.0 0.0 0.0 0.0 0.0 0.0 
0.0 0.0 0.0 0.3 0.3 -0.6 0.8 0.2 0.0 0.0 0.0 0.0 0.0 0.0 0.0 0.0 0.0 0.0 
0.0 0.0 0.0 0.5 0.4 -0.9 1.7 -0.7 0.0 0.0 0.0 0.0 0.0 0.0 0.0 0.0 0.0 0.0 
0.0 0.0 0.0 -0.2 -0.1 0.3 1.2 -0.2 0.0 0.0 0.0 0.0 0.0 0.0 0.0 0.0 0.0 0.0 
0.0 0.0 0.0 -1.1 -1.0 2.2 0.0 0.0 2.1 -1.1 0.0 0.0 0.0 0.0 0.0 0.0 0.0 0.0 
0.0 0.0 0.0 -2.8 -2.5 5.3 0.0 0.0 3.9 -2.9 0.0 0.0 0.0 0.0 0.0 0.0 0.0 0.0 
0.0 0.0 0.0 3.9 3.5 -7.4 0.0 0.0 0.0 0.0 2.6 -1.6 0.0 0.0 0.0 0.0 0.0 0.0 
0.0 0.0 0.0 2.6 2.3 -4.9 0.0 0.0 0.0 0.0 1.7 -0.7 0.0 0.0 0.0 0.0 0.0 0.0 
0.0 0.0 0.0 -2.6 -2.4 5.0 0.0 0.0 0.0 0.0 0.0 0.0 1.8 -0.8 0.0 0.0 0.0 0.0 
0.0 0.0 0.0 -1.7 -1.5 3.2 0.0 0.0 0.0 0.0 0.0 0.0 2.1 -1.1 0.0 0.0 0.0 0.0 
0.0 0.0 0.0 1.4 1.3 -2.7 0.0 0.0 0.0 0.0 0.0 0.0 0.0 0.0 0.9 0.1 0.0 0.0 
0.0 0.0 0.0 0.9 0.8 -1.7 0.0 0.0 0.0 0.0 0.0 0.0 0.0 0.0 1.7 -0.7 0.0 0.0 
0.0 0.0 0.0 -53.9 -48.5 102.5 0.0 0.0 0.0 0.0 0.0 0.0 0.0 0.0 0.0 0.0 23.0 -22.0 
0.0 0.0 0.0 -107.3 -96.5 203.8 0.0 0.0 0.0 0.0 0.0 0.0 0.0 0.0 0.0 0.0 47.0 -46.0 
-0.0 0.1 -0.1 445.0 400.0 -845.3 5.5 -3.8 28.8 -33.4 -76.1 83.0 -54.9 50.6 -35.4 34.4 -230.0 232.8 
-0.0 0.1 -0.1 454.5 408.5 -863.3 5.5 -3.9 29.1 -33.7 -76.8 83.8 -55.5 51.1 -35.8 34.8 -235.4 238.2 

0.0 0.0 1.0 0.0 0.0 0.0 0.0 0.0 0.0 0.0 0.0 0.0 0.0 0.0 0.0 0.0 0.0 0.0 
0.0 0.0 0.0 0.5 -0.1 0.6 0.0 0.0 0.0 0.0 0.0 0.0 0.0 0.0 0.0 0.0 0.0 0.0 
0.0 0.0 0.0 0.3 -0.5 1.2 0.0 0.0 0.0 0.0 0.0 0.0 0.0 0.0 0.0 0.0 0.0 0.0 
0.0 0.0 0.0 0.5 0.4 -0.9 0.7 0.3 0.0 0.0 0.0 0.0 0.0 0.0 0.0 0.0 0.0 0.0 
0.0 0.0 0.0 0.6 0.5 -1.2 1.5 -0.5 0.0 0.0 0.0 0.0 0.0 0.0 0.0 0.0 0.0 0.0 
0.0 0.0 0.0 0.0 0.0 0.0 1.1 -0.1 0.0 0.0 0.0 0.0 0.0 0.0 0.0 0.0 0.0 0.0 
0.0 0.0 0.0 -1.1 -1.0 2.2 0.0 0.0 2.4 -1.4 0.0 0.0 0.0 0.0 0.0 0.0 0.0 0.0 
0.0 0.0 0.0 -2.8 -2.5 5.3 0.0 0.0 4.3 -3.3 0.0 0.0 0.0 0.0 0.0 0.0 0.0 0.0 
0.0 0.0 0.0 4.5 4.1 -8.6 0.0 0.0 0.0 0.0 3.0 -2.0 0.0 0.0 0.0 0.0 0.0 0.0 
0.0 0.0 0.0 3.2 2.9 -6.1 0.0 0.0 0.0 0.0 2.1 -1.1 0.0 0.0 0.0 0.0 0.0 0.0 
0.0 0.0 0.0 -2.2 -2.0 4.2 0.0 0.0 0.0 0.0 0.0 0.0 1.6 -0.6 0.0 0.0 0.0 0.0 
0.0 0.0 0.0 -1.3 -1.2 2.4 0.0 0.0 0.0 0.0 0.0 0.0 2.0 -0.9 0.0 0.0 0.0 0.0 
0.0 0.0 0.0 1.8 1.6 -3.5 0.0 0.0 0.0 0.0 0.0 0.0 0.0 0.0 1.0 0.0 0.0 0.0 
0.0 0.0 0.0 1.3 1.2 -2.5 0.0 0.0 0.0 0.0 0.0 0.0 0.0 0.0 1.8 -0.8 0.0 0.0 
0.0 0.0 0.0 -44.5 -40.1 84.6 0.0 0.0 0.0 0.0 0.0 0.0 0.0 0.0 0.0 0.0 19.0 -18.0 
0.0 0.0 0.0 -97.9 -88.1 186.0 0.0 0.0 0.0 0.0 0.0 0.0 0.0 0.0 0.0 0.0 43.0 -42.0 
-0.0 0.1 -0.1 498.3 447.8 -946.4 5.7 -4.0 29.9 -34.7 -79.0 86.3 -57.6 52.9 -37.2 36.3 -254.4 257.1 
-0.0 0.1 -0.1 507.7 456.4 -964.4 5.7 -4.0 30.1 -35.0 -79.6 87.0 -58.2 53.4 -37.5 36.7 -259.9 262.5 

0.0 -0.5 1.5 0.0 0.0 0.0 0.0 0.0 0.0 0.0 0.0 0.0 0.0 0.0 0.0 0.0 0.0 0.0 
0.0 0.0 0.0 0.6 -0.2 0.6 0.0 0.0 0.0 0.0 0.0 0.0 0.0 0.0 0.0 0.0 0.0 0.0 
0.0 0.0 0.0 0.4 -0.5 1.2 0.0 0.0 0.0 0.0 0.0 0.0 0.0 0.0 0.0 0.0 0.0 0.0 
0.0 0.0 0.0 0.6 0.5 -1.2 0.5 0.5 0.0 0.0 0.0 0.0 0.0 0.0 0.0 0.0 0.0 0.0 
0.0 0.0 0.0 0.8 0.7 -1.4 1.4 -0.4 0.0 0.0 0.0 0.0 0.0 0.0 0.0 0.0 0.0 0.0 
0.0 0.0 0.0 0.2 0.1 -0.3 1.0 0.0 0.0 0.0 0.0 0.0 0.0 0.0 0.0 0.0 0.0 0.0 
0.0 0.0 0.0 -1.1 -1.0 2.2 0.0 0.0 2.8 -1.8 0.0 0.0 0.0 0.0 0.0 0.0 0.0 0.0 
0.0 0.0 0.0 -2.8 -2.5 5.3 0.0 0.0 4.6 -3.6 0.0 0.0 0.0 0.0 0.0 0.0 0.0 0.0 
0.0 0.0 0.0 5.2 4.7 -9.8 0.0 0.0 0.0 0.0 3.4 -2.4 0.0 0.0 0.0 0.0 0.0 0.0 
0.0 0.0 0.0 3.8 3.5 -7.3 0.0 0.0 0.0 0.0 2.5 -1.5 0.0 0.0 0.0 0.0 0.0 0.0 
0.0 0.0 0.0 -1.9 -1.7 3.5 0.0 0.0 0.0 0.0 0.0 0.0 1.5 -0.5 0.0 0.0 0.0 0.0 
0.0 0.0 0.0 -0.9 -0.8 1.7 0.0 0.0 0.0 0.0 0.0 0.0 1.8 -0.8 0.0 0.0 0.0 0.0 
0.0 0.0 0.0 2.2 2.0 -4.2 0.0 0.0 0.0 0.0 0.0 0.0 0.0 0.0 1.1 -0.1 0.0 0.0 
0.0 0.0 0.0 1.7 1.5 -3.3 0.0 0.0 0.0 0.0 0.0 0.0 0.0 0.0 2.0 -1.0 0.0 0.0 
0.0 0.0 0.0 -35.2 -31.6 66.8 0.0 0.0 0.0 0.0 0.0 0.0 0.0 0.0 0.0 0.0 15.0 -14.0 
0.0 0.0 0.0 -88.5 -79.6 168.1 0.0 0.0 0.0 0.0 0.0 0.0 0.0 0.0 0.0 0.0 39.0 -38.0 
-0.0 0.1 -0.1 551.5 495.7 -1047.5 5.9 -4.1 30.9 -36.0 -81.8 89.5 -60.4 55.3 -38.9 38.3 -278.9 281.5 
-0.0 0.1 -0.1 561.0 504.3 -1065.5 5.9 -4.2 31.2 -36.3 -82.5 90.2 -61.0 55.8 -39.2 38.7 -284.3 286.9 

0.0 -1.0 2.0 0.0 0.0 0.0 0.0 0.0 0.0 0.0 0.0 0.0 0.0 0.0 0.0 0.0 0.0 0.0 
0.0 0.0 0.0 0.7 -0.3 0.6 0.0 0.0 0.0 0.0 0.0 0.0 0.0 0.0 0.0 0.0 0.0 0.0 
0.0 0.0 0.0 0.5 -0.6 1.1 0.0 0.0 0.0 0.0 0.0 0.0 0.0 0.0 0.0 0.0 0.0 0.0 
0.0 0.0 0.0 0.8 0.7 -1.4 0.4 0.6 0.0 0.0 0.0 0.0 0.0 0.0 0.0 0.0 0.0 0.0 
0.0 0.0 0.0 0.9 0.8 -1.7 1.3 -0.3 0.0 0.0 0.0 0.0 0.0 0.0 0.0 0.0 0.0 0.0 
0.0 0.0 0.0 0.3 0.3 -0.6 0.8 0.2 0.0 0.0 0.0 0.0 0.0 0.0 0.0 0.0 0.0 0.0 
0.0 0.0 0.0 -1.1 -1.0 2.2 0.0 0.0 3.1 -2.1 0.0 0.0 0.0 0.0 0.0 0.0 0.0 0.0 
0.0 0.0 0.0 -2.8 -2.5 5.3 0.0 0.0 4.9 -3.9 0.0 0.0 0.0 0.0 0.0 0.0 0.0 0.0 
0.0 0.0 0.0 5.8 5.2 -11.0 0.0 0.0 0.0 0.0 3.8 -2.8 0.0 0.0 0.0 0.0 0.0 0.0 
0.0 0.0 0.0 4.5 4.0 -8.5 0.0 0.0 0.0 0.0 2.8 -1.8 0.0 0.0 0.0 0.0 0.0 0.0 
0.0 0.0 0.0 -1.5 -1.3 2.8 0.0 0.0 0.0 0.0 0.0 0.0 1.3 -0.3 0.0 0.0 0.0 0.0 
0.0 0.0 0.0 -0.5 -0.5 1.0 0.0 0.0 0.0 0.0 0.0 0.0 1.6 -0.7 0.0 0.0 0.0 0.0 
0.0 0.0 0.0 2.6 2.4 -5.0 0.0 0.0 0.0 0.0 0.0 0.0 0.0 0.0 1.3 -0.3 0.0 0.0 
0.0 0.0 0.0 2.1 1.9 -4.0 0.0 0.0 0.0 0.0 0.0 0.0 0.0 0.0 2.1 -1.1 0.0 0.0 
0.0 0.0 0.0 -25.8 -23.2 48.9 0.0 0.0 0.0 0.0 0.0 0.0 0.0 0.0 0.0 0.0 11.0 -10.0 
0.0 0.0 0.0 -79.1 -71.2 150.3 0.0 0.0 0.0 0.0 0.0 0.0 0.0 0.0 0.0 0.0 35.0 -34.0 
-0.0 0.1 -0.1 604.7 543.6 -1148.7 6.1 -4.3 32.0 -37.2 -84.7 92.7 -63.2 57.6 -40.6 40.2 -303.3 305.9 
-0.0 0.1 -0.1 614.2 552.1 -1166.7 6.1 -4.3 32.2 -37.5 -85.3 93.5 -63.8 58.2 -41.0 40.6 -308.7 311.3 

0.0 -1.5 2.5 0.0 0.0 0.0 0.0 0.0 0.0 0.0 0.0 0.0 0.0 0.0 0.0 0.0 0.0 0.0 
0.0 0.0 0.0 0.8 -0.4 0.5 0.0 0.0 0.0 0.0 0.0 0.0 0.0 0.0 0.0 0.0 0.0 0.0 
0.0 0.0 0.0 0.6 -0.7 1.1 0.0 0.0 0.0 0.0 0.0 0.0 0.0 0.0 0.0 0.0 0.0 0.0 
0.0 0.0 0.0 0.9 0.8 -1.7 0.3 0.7 0.0 0.0 0.0 0.0 0.0 0.0 0.0 0.0 0.0 0.0 
0.0 0.0 0.0 1.1 1.0 -2.0 1.1 -0.1 0.0 0.0 0.0 0.0 0.0 0.0 0.0 0.0 0.0 0.0 
0.0 0.0 0.0 0.5 0.4 -0.9 0.7 0.3 0.0 0.0 0.0 0.0 0.0 0.0 0.0 0.0 0.0 0.0 
0.0 0.0 0.0 -1.1 -1.0 2.2 0.0 0.0 3.4 -2.4 0.0 0.0 0.0 0.0 0.0 0.0 0.0 0.0 
0.0 0.0 0.0 -2.8 -2.5 5.3 0.0 0.0 5.3 -4.3 0.0 0.0 0.0 0.0 0.0 0.0 0.0 0.0 
0.0 0.0 0.0 6.4 5.8 -12.2 0.0 0.0 0.0 0.0 4.2 -3.2 0.0 0.0 0.0 0.0 0.0 0.0 
0.0 0.0 0.0 5.1 4.6 -9.7 0.0 0.0 0.0 0.0 3.2 -2.2 0.0 0.0 0.0 0.0 0.0 0.0 
0.0 0.0 0.0 -1.1 -1.0 2.1 0.0 0.0 0.0 0.0 0.0 0.0 1.2 -0.2 0.0 0.0 0.0 0.0 
0.0 0.0 0.0 -0.2 -0.1 0.3 0.0 0.0 0.0 0.0 0.0 0.0 1.5 -0.5 0.0 0.0 0.0 0.0 
0.0 0.0 0.0 3.0 2.7 -5.8 0.0 0.0 0.0 0.0 0.0 0.0 0.0 0.0 1.4 -0.4 0.0 0.0 
0.0 0.0 0.0 2.5 2.3 -4.8 0.0 0.0 0.0 0.0 0.0 0.0 0.0 0.0 2.3 -1.3 0.0 0.0 
0.0 0.0 0.0 -16.4 -14.7 31.1 0.0 0.0 0.0 0.0 0.0 0.0 0.0 0.0 0.0 0.0 7.0 -6.0 
0.0 0.0 0.0 -69.7 -62.7 132.4 0.0 0.0 0.0 0.0 0.0 0.0 0.0 0.0 0.0 0.0 31.0 -30.0 
-0.0 0.1 -0.1 658.0 591.5 -1249.8 6.3 -4.4 33.1 -38.5 -87.5 96.0 -65.9 60.0 -42.3 42.2 -327.7 330.2 
-0.0 0.1 -0.1 667.4 600.0 -1267.8 6.3 -4.4 33.3 -38.8 -88.2 96.7 -66.6 60.5 -42.7 42.6 -333.1 335.6 

1.0
0.0
0.0
1.0
0.5
2.5
4.7
8.3
3.5
3.5
9.6
4.2
8.8
17.2
17.3
8.1
12.4
20.1
