0.0 -0.7 1.7 0.0 0.0 0.0 0.0 0.0 0.0 0.0 0.0 0.0 0.0 0.0 0.0 0.0 0.0 0.0 0.0 
0.0 0.0 0.0 0.5 -1.6 2.1 0.0 0.0 0.0 0.0 0.0 0.0 0.0 0.0 0.0 0.0 0.0 0.0 0.0 
0.0 0.0 0.0 1.0 0.0 0.0 0.0 0.0 0.0 0.0 0.0 0.0 0.0 0.0 0.0 0.0 0.0 0.0 0.0 
0.0 0.0 0.0 0.7 3.8 -4.4 1.3 -0.3 0.0 0.0 0.0 0.0 0.0 0.0 0.0 0.0 0.0 0.0 0.0 
0.0 0.0 0.0 -0.3 -1.6 1.8 0.6 0.4 0.0 0.0 0.0 0.0 0.0 0.0 0.0 0.0 0.0 0.0 0.0 
0.0 0.0 0.0 -0.3 -1.6 1.9 0.7 0.3 0.0 0.0 0.0 0.0 0.0 0.0 0.0 0.0 0.0 0.0 0.0 
0.0 0.0 0.0 -2.4 -13.7 16.1 0.0 0.0 -2.0 3.0 0.0 0.0 0.0 0.0 0.0 0.0 0.0 0.0 0.0 
0.0 0.0 0.0 -1.8 -10.0 11.7 0.0 0.0 -0.9 1.9 0.0 0.0 0.0 0.0 0.0 0.0 0.0 0.0 0.0 
0.0 0.0 0.0 -0.0 -0.2 0.2 0.0 0.0 0.0 0.0 -0.7 1.7 0.0 0.0 0.0 0.0 0.0 0.0 0.0 
0.0 0.0 0.0 0.3 1.6 -1.9 0.0 0.0 0.0 0.0 0.1 0.9 0.0 0.0 0.0 0.0 0.0 0.0 0.0 
0.0 0.0 0.0 5.5 31.4 -36.9 0.0 0.0 0.0 0.0 0.0 0.0 23.5 -22.5 0.0 0.0 0.0 0.0 0.0 
0.0 0.0 0.0 3.0 17.0 -20.0 0.0 0.0 0.0 0.0 0.0 0.0 16.5 -15.5 0.0 0.0 0.0 0.0 0.0 
0.0 0.0 0.0 -1.1 -6.5 7.6 0.0 0.0 0.0 0.0 0.0 0.0 0.0 0.0 0.5 0.5 0.0 0.0 0.0 
0.0 0.0 0.0 -1.0 -5.6 6.6 0.0 0.0 0.0 0.0 0.0 0.0 0.0 0.0 0.4 0.6 0.0 0.0 0.0 
0.0 0.0 0.0 0.8 4.6 -5.5 0.0 0.0 0.0 0.0 0.0 0.0 0.0 0.0 0.0 0.0 -0.2 1.2 0.0 
0.0 0.0 0.0 0.0 0.1 -0.1 0.0 0.0 0.0 0.0 0.0 0.0 0.0 0.0 0.0 0.0 0.7 0.3 0.0 
0.0 0.0 -0.0 10.9 61.6 -72.5 -0.1 0.1 -1.0 1.3 -2.2 1.4 45.2 -43.9 -2.1 1.0 -0.6 1.1 0.9 
0.0 0.0 -0.0 48.1 272.5 -320.6 -0.6 0.3 -4.5 5.9 -9.8 6.2 206.5 -200.8 -9.6 4.4 -2.5 5.2 0.4 
0.0 0.0 -0.0 52.2 295.6 -347.8 -0.7 0.5 -5.7 6.3 -15.8 15.5 219.3 -221.8 -7.9 14.6 -10.6 2.9 4.4 

0.0 -0.3 1.3 0.0 0.0 0.0 0.0 0.0 0.0 0.0 0.0 0.0 0.0 0.0 0.0 0.0 0.0 0.0 0.0 
0.0 0.0 0.0 0.5 -1.4 1.9 0.0 0.0 0.0 0.0 0.0 0.0 0.0 0.0 0.0 0.0 0.0 0.0 0.0 
0.0 0.0 0.0 0.9 0.2 -0.2 0.0 0.0 0.0 0.0 0.0 0.0 0.0 0.0 0.0 0.0 0.0 0.0 0.0 
0.0 0.0 0.0 0.7 3.8 -4.5 1.2 -0.2 0.0 0.0 0.0 0.0 0.0 0.0 0.0 0.0 0.0 0.0 0.0 
0.0 0.0 0.0 -0.3 -1.5 1.8 0.5 0.5 0.0 0.0 0.0 0.0 0.0 0.0 0.0 0.0 0.0 0.0 0.0 
0.0 0.0 0.0 -0.3 -1.6 1.8 0.6 0.4 0.0 0.0 0.0 0.0 0.0 0.0 0.0 0.0 0.0 0.0 0.0 
0.0 0.0 0.0 -2.2 -12.6 14.8 0.0 0.0 -1.9 2.9 0.0 0.0 0.0 0.0 0.0 0.0 0.0 0.0 0.0 
0.0 0.0 0.0 -1.6 -8.9 10.5 0.0 0.0 -0.7 1.7 0.0 0.0 0.0 0.0 0.0 0.0 0.0 0.0 0.0 
0.0 0.0 0.0 0.2 1.1 -1.3 0.0 0.0 0.0 0.0 -0.9 1.9 0.0 0.0 0.0 0.0 0.0 0.0 0.0 
0.0 0.0 0.0 0.5 2.8 -3.4 0.0 0.0 0.0 0.0 -0.1 1.1 0.0 0.0 0.0 0.0 0.0 0.0 0.0 
0.0 0.0 0.0 5.3 30.1 -35.4 0.0 0.0 0.0 0.0 0.0 0.0 22.0 -21.0 0.0 0.0 0.0 0.0 0.0 
0.0 0.0 0.0 2.8 15.7 -18.5 0.0 0.0 0.0 0.0 0.0 0.0 15.0 -14.0 0.0 0.0 0.0 0.0 0.0 
0.0 0.0 0.0 -1.1 -6.2 7.3 0.0 0.0 0.0 0.0 0.0 0.0 0.0 0.0 0.4 0.6 0.0 0.0 0.0 
0.0 0.0 0.0 -0.9 -5.3 6.2 0.0 0.0 0.0 0.0 0.0 0.0 0.0 0.0 0.4 0.6 0.0 0.0 0.0 
0.0 0.0 0.0 0.9 4.8 -5.7 0.0 0.0 0.0 0.0 0.0 0.0 0.0 0.0 0.0 0.0 -0.1 1.1 0.0 
0.0 0.0 0.0 0.1 0.3 -0.4 0.0 0.0 0.0 0.0 0.0 0.0 0.0 0.0 0.0 0.0 0.7 0.3 0.0 
0.0 0.0 -0.0 8.3 46.8 -55.1 -0.1 0.0 -0.7 1.0 -1.6 1.0 33.5 -32.6 -1.6 0.7 -0.4 0.8 0.9 
0.0 0.0 -0.0 45.5 257.7 -303.2 -0.6 0.2 -4.2 5.6 -9.3 5.9 194.8 -189.5 -9.0 4.1 -2.4 4.9 0.5 
0.0 0.0 -0.0 42.3 239.2 -281.4 -0.6 0.4 -4.7 4.9 -13.7 14.4 175.0 -179.1 -6.0 14.2 -10.5 2.1 4.5 

0.0 0.0 1.0 0.0 0.0 0.0 0.0 0.0 0.0 0.0 0.0 0.0 0.0 0.0 0.0 0.0 0.0 0.0 0.0 
0.0 0.0 0.0 0.4 -1.2 1.8 0.0 0.0 0.0 0.0 0.0 0.0 0.0 0.0 0.0 0.0 0.0 0.0 0.0 
0.0 0.0 0.0 0.8 0.5 -0.3 0.0 0.0 0.0 0.0 0.0 0.0 0.0 0.0 0.0 0.0 0.0 0.0 0.0 
0.0 0.0 0.0 0.7 3.9 -4.6 1.1 -0.1 0.0 0.0 0.0 0.0 0.0 0.0 0.0 0.0 0.0 0.0 0.0 
0.0 0.0 0.0 -0.3 -1.5 1.7 0.3 0.7 0.0 0.0 0.0 0.0 0.0 0.0 0.0 0.0 0.0 0.0 0.0 
0.0 0.0 0.0 -0.3 -1.5 1.8 0.5 0.5 0.0 0.0 0.0 0.0 0.0 0.0 0.0 0.0 0.0 0.0 0.0 
0.0 0.0 0.0 -2.0 -11.5 13.6 0.0 0.0 -1.7 2.7 0.0 0.0 0.0 0.0 0.0 0.0 0.0 0.0 0.0 
0.0 0.0 0.0 -1.4 -7.8 9.2 0.0 0.0 -0.5 1.5 0.0 0.0 0.0 0.0 0.0 0.0 0.0 0.0 0.0 
0.0 0.0 0.0 0.4 2.3 -2.7 0.0 0.0 0.0 0.0 -1.1 2.1 0.0 0.0 0.0 0.0 0.0 0.0 0.0 
0.0 0.0 0.0 0.7 4.1 -4.8 0.0 0.0 0.0 0.0 -0.3 1.3 0.0 0.0 0.0 0.0 0.0 0.0 0.0 
0.0 0.0 0.0 5.1 28.8 -33.8 0.0 0.0 0.0 0.0 0.0 0.0 20.5 -19.5 0.0 0.0 0.0 0.0 0.0 
0.0 0.0 0.0 2.5 14.4 -16.9 0.0 0.0 0.0 0.0 0.0 0.0 13.5 -12.5 0.0 0.0 0.0 0.0 0.0 
0.0 0.0 0.0 -1.0 -5.9 6.9 0.0 0.0 0.0 0.0 0.0 0.0 0.0 0.0 0.3 0.7 0.0 0.0 0.0 
0.0 0.0 0.0 -0.9 -5.0 5.9 0.0 0.0 0.0 0.0 0.0 0.0 0.0 0.0 0.3 0.7 0.0 0.0 0.0 
0.0 0.0 0.0 0.9 5.0 -5.9 0.0 0.0 0.0 0.0 0.0 0.0 0.0 0.0 0.0 0.0 -0.1 1.1 0.0 
0.0 0.0 0.0 0.1 0.5 -0.6 0.0 0.0 0.0 0.0 0.0 0.0 0.0 0.0 0.0 0.0 0.8 0.2 0.0 
0.0 0.0 -0.0 5.7 32.0 -37.7 -0.1 0.0 -0.5 0.6 -1.0 0.7 21.9 -21.3 -1.0 0.5 -0.3 0.5 0.9 
0.0 0.0 -0.0 42.9 242.9 -285.8 -0.5 0.2 -4.0 5.3 -8.7 5.5 183.2 -178.2 -8.5 3.9 -2.3 4.6 0.5 
0.0 0.0 -0.0 32.3 182.7 -215.0 -0.5 0.4 -3.6 3.5 -11.6 13.3 130.8 -136.3 -4.2 13.7 -10.5 1.3 4.7 

0.0 0.3 0.7 0.0 0.0 0.0 0.0 0.0 0.0 0.0 0.0 0.0 0.0 0.0 0.0 0.0 0.0 0.0 0.0 
0.0 0.0 0.0 0.3 -0.9 1.6 0.0 0.0 0.0 0.0 0.0 0.0 0.0 0.0 0.0 0.0 0.0 0.0 0.0 
0.0 0.0 0.0 0.8 0.7 -0.5 0.0 0.0 0.0 0.0 0.0 0.0 0.0 0.0 0.0 0.0 0.0 0.0 0.0 
0.0 0.0 0.0 0.7 3.9 -4.6 1.0 0.0 0.0 0.0 0.0 0.0 0.0 0.0 0.0 0.0 0.0 0.0 0.0 
0.0 0.0 0.0 -0.2 -1.4 1.7 0.2 0.8 0.0 0.0 0.0 0.0 0.0 0.0 0.0 0.0 0.0 0.0 0.0 
0.0 0.0 0.0 -0.3 -1.5 1.7 0.3 0.7 0.0 0.0 0.0 0.0 0.0 0.0 0.0 0.0 0.0 0.0 0.0 
0.0 0.0 0.0 -1.8 -10.5 12.3 0.0 0.0 -1.5 2.5 0.0 0.0 0.0 0.0 0.0 0.0 0.0 0.0 0.0 
0.0 0.0 0.0 -1.2 -6.8 8.0 0.0 0.0 -0.3 1.3 0.0 0.0 0.0 0.0 0.0 0.0 0.0 0.0 0.0 
0.0 0.0 0.0 0.6 3.6 -4.2 0.0 0.0 0.0 0.0 -1.3 2.3 0.0 0.0 0.0 0.0 0.0 0.0 0.0 
0.0 0.0 0.0 0.9 5.4 -6.3 0.0 0.0 0.0 0.0 -0.5 1.5 0.0 0.0 0.0 0.0 0.0 0.0 0.0 
0.0 0.0 0.0 4.8 27.5 -32.3 0.0 0.0 0.0 0.0 0.0 0.0 19.0 -18.0 0.0 0.0 0.0 0.0 0.0 
0.0 0.0 0.0 2.3 13.1 -15.4 0.0 0.0 0.0 0.0 0.0 0.0 12.0 -11.0 0.0 0.0 0.0 0.0 0.0 
0.0 0.0 0.0 -1.0 -5.6 6.6 0.0 0.0 0.0 0.0 0.0 0.0 0.0 0.0 0.3 0.7 0.0 0.0 0.0 
0.0 0.0 0.0 -0.8 -4.7 5.5 0.0 0.0 0.0 0.0 0.0 0.0 0.0 0.0 0.2 0.8 0.0 0.0 0.0 
0.0 0.0 0.0 0.9 5.2 -6.2 0.0 0.0 0.0 0.0 0.0 0.0 0.0 0.0 0.0 0.0 0.0 1.0 0.0 
0.0 0.0 0.0 0.1 0.7 -0.8 0.0 0.0 0.0 0.0 0.0 0.0 0.0 0.0 0.0 0.0 0.9 0.1 0.0 
0.0 0.0 -0.0 3.0 17.2 -20.3 -0.0 0.0 -0.2 0.3 -0.5 0.3 10.3 -10.0 -0.5 0.2 -0.1 0.3 1.0 
0.0 0.0 -0.0 40.3 228.1 -268.4 -0.5 0.2 -3.7 4.9 -8.2 5.2 171.6 -167.0 -7.9 3.6 -2.1 4.3 0.5 
0.0 0.0 -0.0 22.3 126.3 -148.6 -0.3 0.3 -2.5 2.1 -9.5 12.2 86.6 -93.6 -2.3 13.2 -10.4 0.6 4.8 

0.0 0.7 0.3 0.0 0.0 0.0 0.0 0.0 0.0 0.0 0.0 0.0 0.0 0.0 0.0 0.0 0.0 0.0 0.0 
0.0 0.0 0.0 0.2 -0.7 1.5 0.0 0.0 0.0 0.0 0.0 0.0 0.0 0.0 0.0 0.0 0.0 0.0 0.0 
0.0 0.0 0.0 0.7 0.9 -0.6 0.0 0.0 0.0 0.0 0.0 0.0 0.0 0.0 0.0 0.0 0.0 0.0 0.0 
0.0 0.0 0.0 0.7 4.0 -4.7 0.9 0.1 0.0 0.0 0.0 0.0 0.0 0.0 0.0 0.0 0.0 0.0 0.0 
0.0 0.0 0.0 -0.2 -1.4 1.6 0.1 0.9 0.0 0.0 0.0 0.0 0.0 0.0 0.0 0.0 0.0 0.0 0.0 
0.0 0.0 0.0 -0.2 -1.4 1.7 0.2 0.8 0.0 0.0 0.0 0.0 0.0 0.0 0.0 0.0 0.0 0.0 0.0 
0.0 0.0 0.0 -1.7 -9.4 11.0 0.0 0.0 -1.3 2.3 0.0 0.0 0.0 0.0 0.0 0.0 0.0 0.0 0.0 
0.0 0.0 0.0 -1.0 -5.7 6.7 0.0 0.0 -0.1 1.1 0.0 0.0 0.0 0.0 0.0 0.0 0.0 0.0 0.0 
0.0 0.0 0.0 0.9 4.9 -5.7 0.0 0.0 0.0 0.0 -1.4 2.4 0.0 0.0 0.0 0.0 0.0 0.0 0.0 
0.0 0.0 0.0 1.2 6.6 -7.8 0.0 0.0 0.0 0.0 -0.6 1.6 0.0 0.0 0.0 0.0 0.0 0.0 0.0 
0.0 0.0 0.0 4.6 26.2 -30.8 0.0 0.0 0.0 0.0 0.0 0.0 17.5 -16.5 0.0 0.0 0.0 0.0 0.0 
0.0 0.0 0.0 2.1 11.8 -13.8 0.0 0.0 0.0 0.0 0.0 0.0 10.5 -9.5 0.0 0.0 0.0 0.0 0.0 
0.0 0.0 0.0 -0.9 -5.3 6.2 0.0 0.0 0.0 0.0 0.0 0.0 0.0 0.0 0.2 0.8 0.0 0.0 0.0 
0.0 0.0 0.0 -0.8 -4.4 5.1 0.0 0.0 0.0 0.0 0.0 0.0 0.0 0.0 0.2 0.8 0.0 0.0 0.0 
0.0 0.0 0.0 1.0 5.4 -6.4 0.0 0.0 0.0 0.0 0.0 0.0 0.0 0.0 0.0 0.0 0.1 0.9 0.0 
0.0 0.0 0.0 0.2 0.9 -1.1 0.0 0.0 0.0 0.0 0.0 0.0 0.0 0.0 0.0 0.0 0.9 0.1 0.0 
-0.0 -0.0 0.0 0.4 2.4 -2.9 0.0 -0.0 0.0 -0.0 0.1 -0.0 -1.3 1.3 0.1 -0.0 0.0 -0.0 1.0 
0.0 0.0 -0.0 37.7 213.3 -251.0 -0.5 0.2 -3.5 4.6 -7.6 4.8 160.0 -155.7 -7.4 3.4 -2.0 4.0 0.6 
0.0 0.0 -0.0 12.3 69.9 -82.2 -0.2 0.3 -1.5 0.6 -7.5 11.0 42.4 -50.9 -0.5 12.7 -10.3 -0.2 5.0 

0.0 1.0 0.0 0.0 0.0 0.0 0.0 0.0 0.0 0.0 0.0 0.0 0.0 0.0 0.0 0.0 0.0 0.0 0.0 
0.0 0.0 0.0 0.2 -0.5 1.3 0.0 0.0 0.0 0.0 0.0 0.0 0.0 0.0 0.0 0.0 0.0 0.0 0.0 
0.0 0.0 0.0 0.6 1.2 -0.8 0.0 0.0 0.0 0.0 0.0 0.0 0.0 0.0 0.0 0.0 0.0 0.0 0.0 
0.0 0.0 0.0 0.7 4.0 -4.7 0.8 0.2 0.0 0.0 0.0 0.0 0.0 0.0 0.0 0.0 0.0 0.0 0.0 
0.0 0.0 0.0 -0.2 -1.3 1.5 0.0 1.0 0.0 0.0 0.0 0.0 0.0 0.0 0.0 0.0 0.0 0.0 0.0 
0.0 0.0 0.0 -0.2 -1.4 1.6 0.1 0.9 0.0 0.0 0.0 0.0 0.0 0.0 0.0 0.0 0.0 0.0 0.0 
0.0 0.0 0.0 -1.5 -8.3 9.8 0.0 0.0 -1.1 2.1 0.0 0.0 0.0 0.0 0.0 0.0 0.0 0.0 0.0 
0.0 0.0 0.0 -0.8 -4.6 5.5 0.0 0.0 0.0 1.0 0.0 0.0 0.0 0.0 0.0 0.0 0.0 0.0 0.0 
0.0 0.0 0.0 1.1 6.1 -7.2 0.0 0.0 0.0 0.0 -1.6 2.6 0.0 0.0 0.0 0.0 0.0 0.0 0.0 
0.0 0.0 0.0 1.4 7.9 -9.3 0.0 0.0 0.0 0.0 -0.8 1.8 0.0 0.0 0.0 0.0 0.0 0.0 0.0 
0.0 0.0 0.0 4.4 24.8 -29.2 0.0 0.0 0.0 0.0 0.0 0.0 16.0 -15.0 0.0 0.0 0.0 0.0 0.0 
0.0 0.0 0.0 1.8 10.5 -12.3 0.0 0.0 0.0 0.0 0.0 0.0 9.0 -8.0 0.0 0.0 0.0 0.0 0.0 
0.0 0.0 0.0 -0.9 -5.0 5.9 0.0 0.0 0.0 0.0 0.0 0.0 0.0 0.0 0.1 0.9 0.0 0.0 0.0 
0.0 0.0 0.0 -0.7 -4.1 4.8 0.0 0.0 0.0 0.0 0.0 0.0 0.0 0.0 0.1 0.9 0.0 0.0 0.0 
0.0 0.0 0.0 1.0 5.6 -6.6 0.0 0.0 0.0 0.0 0.0 0.0 0.0 0.0 0.0 0.0 0.1 0.9 0.0 
0.0 0.0 0.0 0.2 1.1 -1.3 0.0 0.0 0.0 0.0 0.0 0.0 0.0 0.0 0.0 0.0 1.0 0.0 0.0 
-0.0 -0.0 0.0 -2.2 -12.4 14.6 0.0 -0.0 0.3 -0.4 0.6 -0.4 -12.9 12.6 0.6 -0.3 0.2 -0.3 1.0 
0.0 0.0 -0.0 35.1 198.5 -233.5 -0.4 0.2 -3.2 4.3 -7.1 4.5 148.4 -144.4 -6.9 3.2 -1.8 3.7 0.6 
0.0 0.0 -0.0 2.4 13.4 -15.8 -0.0 0.2 -0.4 -0.8 -5.4 9.9 -1.9 -8.1 1.4 12.2 -10.3 -1.0 5.1 

0.0 1.3 -0.3 0.0 0.0 0.0 0.0 0.0 0.0 0.0 0.0 0.0 0.0 0.0 0.0 0.0 0.0 0.0 0.0 
0.0 0.0 0.0 0.1 -0.2 1.2 0.0 0.0 0.0 0.0 0.0 0.0 0.0 0.0 0.0 0.0 0.0 0.0 0.0 
0.0 0.0 0.0 0.5 1.4 -0.9 0.0 0.0 0.0 0.0 0.0 0.0 0.0 0.0 0.0 0.0 0.0 0.0 0.0 
0.0 0.0 0.0 0.7 4.1 -4.8 0.7 0.3 0.0 0.0 0.0 0.0 0.0 0.0 0.0 0.0 0.0 0.0 0.0 
0.0 0.0 0.0 -0.2 -1.3 1.5 -0.1 1.1 0.0 0.0 0.0 0.0 0.0 0.0 0.0 0.0 0.0 0.0 0.0 
0.0 0.0 0.0 -0.2 -1.3 1.5 0.0 1.0 0.0 0.0 0.0 0.0 0.0 0.0 0.0 0.0 0.0 0.0 0.0 
0.0 0.0 0.0 -1.3 -7.3 8.5 0.0 0.0 -1.0 2.0 0.0 0.0 0.0 0.0 0.0 0.0 0.0 0.0 0.0 
0.0 0.0 0.0 -0.6 -3.6 4.2 0.0 0.0 0.2 0.8 0.0 0.0 0.0 0.0 0.0 0.0 0.0 0.0 0.0 
0.0 0.0 0.0 1.3 7.4 -8.7 0.0 0.0 0.0 0.0 -1.8 2.8 0.0 0.0 0.0 0.0 0.0 0.0 0.0 
0.0 0.0 0.0 1.6 9.2 -10.8 0.0 0.0 0.0 0.0 -1.0 2.0 0.0 0.0 0.0 0.0 0.0 0.0 0.0 
0.0 0.0 0.0 4.2 23.5 -27.7 0.0 0.0 0.0 0.0 0.0 0.0 14.5 -13.5 0.0 0.0 0.0 0.0 0.0 
0.0 0.0 0.0 1.6 9.2 -10.8 0.0 0.0 0.0 0.0 0.0 0.0 7.5 -6.5 0.0 0.0 0.0 0.0 0.0 
0.0 0.0 0.0 -0.8 -4.7 5.5 0.0 0.0 0.0 0.0 0.0 0.0 0.0 0.0 0.1 0.9 0.0 0.0 0.0 
0.0 0.0 0.0 -0.7 -3.8 4.4 0.0 0.0 0.0 0.0 0.0 0.0 0.0 0.0 0.0 1.0 0.0 0.0 0.0 
0.0 0.0 0.0 1.0 5.8 -6.9 0.0 0.0 0.0 0.0 0.0 0.0 0.0 0.0 0.0 0.0 0.2 0.8 0.0 
0.0 0.0 0.0 0.2 1.3 -1.6 0.0 0.0 0.0 0.0 0.0 0.0 0.0 0.0 0.0 0.0 1.1 -0.1 0.0 
-0.0 -0.0 0.0 -4.8 -27.2 32.0 0.1 -0.0 0.5 -0.7 1.2 -0.7 -24.5 23.9 1.1 -0.5 0.3 -0.6 1.1 
0.0 0.0 -0.0 32.5 183.7 -216.1 -0.4 0.2 -3.0 3.9 -6.5 4.1 136.8 -133.1 -6.3 2.9 -1.7 3.4 0.6 
-0.0 0.0 0.0 -7.6 -43.0 50.6 0.1 0.2 0.6 -2.2 -3.3 8.8 -46.1 34.6 3.2 11.8 -10.2 -1.7 5.3 

0.0 1.7 -0.7 0.0 0.0 0.0 0.0 0.0 0.0 0.0 0.0 0.0 0.0 0.0 0.0 0.0 0.0 0.0 0.0 
0.0 0.0 0.0 0.0 0.0 1.0 0.0 0.0 0.0 0.0 0.0 0.0 0.0 0.0 0.0 0.0 0.0 0.0 0.0 
0.0 0.0 0.0 0.5 1.6 -1.1 0.0 0.0 0.0 0.0 0.0 0.0 0.0 0.0 0.0 0.0 0.0 0.0 0.0 
0.0 0.0 0.0 0.7 4.1 -4.9 0.5 0.5 0.0 0.0 0.0 0.0 0.0 0.0 0.0 0.0 0.0 0.0 0.0 
0.0 0.0 0.0 -0.2 -1.2 1.4 -0.2 1.2 0.0 0.0 0.0 0.0 0.0 0.0 0.0 0.0 0.0 0.0 0.0 
0.0 0.0 0.0 -0.2 -1.3 1.5 -0.1 1.1 0.0 0.0 0.0 0.0 0.0 0.0 0.0 0.0 0.0 0.0 0.0 
0.0 0.0 0.0 -1.1 -6.2 7.3 0.0 0.0 -0.8 1.8 0.0 0.0 0.0 0.0 0.0 0.0 0.0 0.0 0.0 
0.0 0.0 0.0 -0.4 -2.5 2.9 0.0 0.0 0.4 0.6 0.0 0.0 0.0 0.0 0.0 0.0 0.0 0.0 0.0 
0.0 0.0 0.0 1.5 8.6 -10.2 0.0 0.0 0.0 0.0 -2.0 3.0 0.0 0.0 0.0 0.0 0.0 0.0 0.0 
0.0 0.0 0.0 1.8 10.4 -12.3 0.0 0.0 0.0 0.0 -1.2 2.2 0.0 0.0 0.0 0.0 0.0 0.0 0.0 
0.0 0.0 0.0 3.9 22.2 -26.2 0.0 0.0 0.0 0.0 0.0 0.0 13.0 -12.0 0.0 0.0 0.0 0.0 0.0 
0.0 0.0 0.0 1.4 7.8 -9.2 0.0 0.0 0.0 0.0 0.0 0.0 6.0 -5.0 0.0 0.0 0.0 0.0 0.0 
0.0 0.0 0.0 -0.8 -4.4 5.2 0.0 0.0 0.0 0.0 0.0 0.0 0.0 0.0 0.0 1.0 0.0 0.0 0.0 
0.0 0.0 0.0 -0.6 -3.5 4.1 0.0 0.0 0.0 0.0 0.0 0.0 0.0 0.0 -0.0 1.0 0.0 0.0 0.0 
0.0 0.0 0.0 1.1 6.0 -7.1 0.0 0.0 0.0 0.0 0.0 0.0 0.0 0.0 0.0 0.0 0.3 0.7 0.0 
0.0 0.0 0.0 0.3 1.5 -1.8 0.0 0.0 0.0 0.0 0.0 0.0 0.0 0.0 0.0 0.0 1.1 -0.1 0.0 
-0.0 -0.0 0.0 -7.4 -42.0 49.4 0.1 -0.0 0.8 -1.0 1.7 -1.1 -36.1 35.1 1.7 -0.8 0.4 -0.9 1.1 
0.0 0.0 -0.0 29.8 168.9 -198.7 -0.4 0.2 -2.7 3.6 -6.0 3.8 125.2 -121.8 -5.8 2.7 -1.5 3.1 0.7 
-0.0 -0.0 0.0 -17.6 -99.4 117.0 0.3 0.1 1.7 -3.7 -1.2 7.6 -90.3 77.3 5.1 11.3 -10.1 -2.5 5.4 

0.0 2.0 -1.0 0.0 0.0 0.0 0.0 0.0 0.0 0.0 0.0 0.0 0.0 0.0 0.0 0.0 0.0 0.0 0.0 
0.0 0.0 0.0 -0.1 0.2 0.8 0.0 0.0 0.0 0.0 0.0 0.0 0.0 0.0 0.0 0.0 0.0 0.0 0.0 
0.0 0.0 0.0 0.4 1.8 -1.2 0.0 0.0 0.0 0.0 0.0 0.0 0.0 0.0 0.0 0.0 0.0 0.0 0.0 
0.0 0.0 0.0 0.7 4.2 -4.9 0.4 0.6 0.0 0.0 0.0 0.0 0.0 0.0 0.0 0.0 0.0 0.0 0.0 
0.0 0.0 0.0 -0.2 -1.2 1.4 -0.3 1.3 0.0 0.0 0.0 0.0 0.0 0.0 0.0 0.0 0.0 0.0 0.0 
0.0 0.0 0.0 -0.2 -1.2 1.4 -0.2 1.2 0.0 0.0 0.0 0.0 0.0 0.0 0.0 0.0 0.0 0.0 0.0 
0.0 0.0 0.0 -0.9 -5.1 6.0 0.0 0.0 -0.6 1.6 0.0 0.0 0.0 0.0 0.0 0.0 0.0 0.0 0.0 
0.0 0.0 0.0 -0.3 -1.4 1.7 0.0 0.0 0.6 0.4 0.0 0.0 0.0 0.0 0.0 0.0 0.0 0.0 0.0 
0.0 0.0 0.0 1.7 9.9 -11.6 0.0 0.0 0.0 0.0 -2.1 3.1 0.0 0.0 0.0 0.0 0.0 0.0 0.0 
0.0 0.0 0.0 2.1 11.7 -13.7 0.0 0.0 0.0 0.0 -1.4 2.4 0.0 0.0 0.0 0.0 0.0 0.0 0.0 
0.0 0.0 0.0 3.7 20.9 -24.6 0.0 0.0 0.0 0.0 0.0 0.0 11.5 -10.5 0.0 0.0 0.0 0.0 0.0 
0.0 0.0 0.0 1.2 6.5 -7.7 0.0 0.0 0.0 0.0 0.0 0.0 4.5 -3.5 0.0 0.0 0.0 0.0 0.0 
0.0 0.0 0.0 -0.7 -4.1 4.8 0.0 0.0 0.0 0.0 0.0 0.0 0.0 0.0 -0.0 1.0 0.0 0.0 0.0 
0.0 0.0 0.0 -0.6 -3.2 3.7 0.0 0.0 0.0 0.0 0.0 0.0 0.0 0.0 -0.1 1.1 0.0 0.0 0.0 
0.0 0.0 0.0 1.1 6.2 -7.3 0.0 0.0 0.0 0.0 0.0 0.0 0.0 0.0 0.0 0.0 0.3 0.7 0.0 
0.0 0.0 0.0 0.3 1.7 -2.0 0.0 0.0 0.0 0.0 0.0 0.0 0.0 0.0 0.0 0.0 1.2 -0.2 0.0 
-0.0 -0.0 0.0 -10.0 -56.8 66.8 0.1 -0.1 1.0 -1.4 2.3 -1.4 -47.7 46.4 2.2 -1.0 0.6 -1.2 1.1 
0.0 0.0 -0.0 27.2 154.1 -181.3 -0.3 0.1 -2.5 3.3 -5.4 3.4 113.6 -110.5 -5.3 2.4 -1.4 2.8 0.7 
-0.0 -0.0 0.0 -27.5 -155.9 183.4 0.4 0.1 2.7 -5.1 0.9 6.5 -134.5 120.1 7.0 10.8 -10.1 -3.2 5.6 

0.0 2.3 -1.3 0.0 0.0 0.0 0.0 0.0 0.0 0.0 0.0 0.0 0.0 0.0 0.0 0.0 0.0 0.0 0.0 
0.0 0.0 0.0 -0.2 0.5 0.7 0.0 0.0 0.0 0.0 0.0 0.0 0.0 0.0 0.0 0.0 0.0 0.0 0.0 
0.0 0.0 0.0 0.3 2.1 -1.4 0.0 0.0 0.0 0.0 0.0 0.0 0.0 0.0 0.0 0.0 0.0 0.0 0.0 
0.0 0.0 0.0 0.7 4.2 -5.0 0.3 0.7 0.0 0.0 0.0 0.0 0.0 0.0 0.0 0.0 0.0 0.0 0.0 
0.0 0.0 0.0 -0.2 -1.1 1.3 -0.5 1.5 0.0 0.0 0.0 0.0 0.0 0.0 0.0 0.0 0.0 0.0 0.0 
0.0 0.0 0.0 -0.2 -1.2 1.4 -0.3 1.3 0.0 0.0 0.0 0.0 0.0 0.0 0.0 0.0 0.0 0.0 0.0 
0.0 0.0 0.0 -0.7 -4.0 4.8 0.0 0.0 -0.4 1.4 0.0 0.0 0.0 0.0 0.0 0.0 0.0 0.0 0.0 
0.0 0.0 0.0 -0.1 -0.4 0.4 0.0 0.0 0.8 0.2 0.0 0.0 0.0 0.0 0.0 0.0 0.0 0.0 0.0 
0.0 0.0 0.0 2.0 11.2 -13.1 0.0 0.0 0.0 0.0 -2.3 3.3 0.0 0.0 0.0 0.0 0.0 0.0 0.0 
0.0 0.0 0.0 2.3 12.9 -15.2 0.0 0.0 0.0 0.0 -1.5 2.5 0.0 0.0 0.0 0.0 0.0 0.0 0.0 
0.0 0.0 0.0 3.5 19.6 -23.1 0.0 0.0 0.0 0.0 0.0 0.0 10.0 -9.0 0.0 0.0 0.0 0.0 0.0 
0.0 0.0 0.0 0.9 5.2 -6.2 0.0 0.0 0.0 0.0 0.0 0.0 3.0 -2.0 0.0 0.0 0.0 0.0 0.0 
0.0 0.0 0.0 -0.7 -3.8 4.4 0.0 0.0 0.0 0.0 0.0 0.0 0.0 0.0 -0.1 1.1 0.0 0.0 0.0 
0.0 0.0 0.0 -0.5 -2.9 3.4 0.0 0.0 0.0 0.0 0.0 0.0 0.0 0.0 -0.1 1.1 0.0 0.0 0.0 
0.0 0.0 0.0 1.1 6.4 -7.6 0.0 0.0 0.0 0.0 0.0 0.0 0.0 0.0 0.0 0.0 0.4 0.6 0.0 
0.0 0.0 0.0 0.3 1.9 -2.3 0.0 0.0 0.0 0.0 0.0 0.0 0.0 0.0 0.0 0.0 1.2 -0.2 0.0 
-0.0 -0.0 0.0 -12.6 -71.6 84.2 0.2 -0.1 1.3 -1.7 2.8 -1.8 -59.4 57.7 2.7 -1.3 0.7 -1.5 1.2 
0.0 0.0 -0.0 24.6 139.3 -163.9 -0.3 0.1 -2.2 2.9 -4.9 3.1 101.9 -99.2 -4.7 2.2 -1.3 2.5 0.7 
-0.0 -0.0 0.0 -37.5 -212.3 249.8 0.5 0.0 3.8 -6.5 3.0 5.4 -178.8 162.8 8.8 10.3 -10.0 -4.0 5.7 

1.0
0.0
0.0
1.0
2.0
2.5
4.3
4.7
8.5
4.0
3.0
8.4
13.0
12.3
9.0
12.6
16.5
14.1
22.6
