0.0 1.0 0.0 -0.0 0.0 0.0 0.0 0.0 0.0 0.0 
0.0 0.1 0.0 0.9 0.0 0.0 0.0 0.0 0.0 0.0 
0.0 -0.0 0.0 1.0 0.0 0.0 0.0 0.0 0.0 0.0 
0.0 -9.9 0.0 10.9 0.0 0.0 0.0 0.0 0.0 0.0 
0.0 0.0 0.0 -0.0 1.0 0.0 -1.0 1.0 0.0 0.0 
0.0 -0.0 0.0 1.0 0.0 0.0 0.0 0.0 0.0 0.0 
0.0 0.0 0.0 -0.0 0.0 0.0 -0.0 1.0 0.0 0.0 
0.0 0.4 0.0 -0.4 0.0 0.0 0.0 1.0 0.0 0.0 
0.0 1.0 0.0 -0.0 0.1 0.0 -0.1 0.0 0.0 0.0 
0.0 1.1 0.0 -1.1 0.1 0.0 -0.1 1.0 0.0 0.0 

0.0 1.0 0.0 0.0 0.0 0.0 0.0 0.0 0.0 0.0 
0.0 0.1 0.0 0.9 0.0 0.0 0.0 0.0 0.0 0.0 
0.0 -0.1 0.0 1.1 0.0 0.0 0.0 0.0 0.0 0.0 
0.0 -9.9 0.0 10.9 0.0 0.0 0.0 0.0 0.0 0.0 
0.0 0.1 0.0 -0.1 1.0 0.0 -1.0 1.0 0.0 0.0 
0.0 -0.1 0.0 1.1 0.0 0.0 0.0 0.0 0.0 0.0 
0.0 0.1 0.0 -0.1 0.0 0.0 -0.0 1.0 0.0 0.0 
0.0 0.5 0.0 -0.5 0.0 0.0 0.0 1.0 0.0 0.0 
0.0 1.0 0.0 0.0 0.1 0.0 -0.1 0.0 0.0 0.0 
0.0 1.1 0.0 -1.1 0.1 0.0 -0.1 1.0 0.0 0.0 

0.0 1.1 0.0 -0.1 0.0 0.0 0.0 0.0 0.0 0.0 
0.0 0.2 0.0 0.8 0.0 0.0 0.0 0.0 0.0 0.0 
0.0 0.0 0.0 1.0 0.0 0.0 0.0 0.0 0.0 0.0 
0.0 -9.8 0.0 10.8 0.0 0.0 0.0 0.0 0.0 0.0 
0.0 -0.0 0.0 0.0 1.0 0.0 -1.0 1.0 0.0 0.0 
0.0 0.0 0.0 1.0 0.0 0.0 0.0 0.0 0.0 0.0 
0.0 -0.0 0.0 0.0 0.0 0.0 -0.0 1.0 0.0 0.0 
0.0 0.4 0.0 -0.4 0.0 0.0 0.0 1.0 0.0 0.0 
0.0 1.1 0.0 -0.1 0.1 0.0 -0.1 0.0 0.0 0.0 
0.0 1.0 0.0 -1.0 0.1 0.0 -0.1 1.0 0.0 0.0 

0.0 1.1 0.0 -0.1 0.0 0.0 0.0 0.0 0.0 0.0 
0.0 0.1 0.0 0.9 0.0 0.0 0.0 0.0 0.0 0.0 
0.0 0.0 0.0 1.0 0.0 0.0 0.0 0.0 0.0 0.0 
0.0 -9.9 0.0 10.9 0.0 0.0 0.0 0.0 0.0 0.0 
0.0 -0.0 0.0 0.0 1.0 0.0 -1.0 1.0 0.0 0.0 
0.0 0.0 0.0 1.0 0.0 0.0 0.0 0.0 0.0 0.0 
0.0 -0.0 0.0 0.0 0.0 0.0 -0.0 1.0 0.0 0.0 
0.0 0.4 0.0 -0.4 0.0 0.0 0.0 1.0 0.0 0.0 
0.0 1.1 0.0 -0.1 0.1 0.0 -0.1 0.0 0.0 0.0 
0.0 1.1 0.0 -1.1 0.1 0.0 -0.1 1.0 0.0 0.0 

0.0 1.0 0.0 -0.0 0.0 0.0 0.0 0.0 0.0 0.0 
0.0 0.1 0.0 0.9 0.0 0.0 0.0 0.0 0.0 0.0 
0.0 -0.1 0.0 1.1 0.0 0.0 0.0 0.0 0.0 0.0 
0.0 -9.9 0.0 10.9 0.0 0.0 0.0 0.0 0.0 0.0 
0.0 0.0 0.0 -0.0 1.0 0.0 -1.0 1.0 0.0 0.0 
0.0 -0.1 0.0 1.1 0.0 0.0 0.0 0.0 0.0 0.0 
0.0 0.0 0.0 -0.0 0.0 0.0 -0.0 1.0 0.0 0.0 
0.0 0.4 0.0 -0.4 0.0 0.0 0.0 1.0 0.0 0.0 
0.0 1.0 0.0 -0.0 0.1 0.0 -0.1 0.0 0.0 0.0 
0.0 1.1 0.0 -1.1 0.1 0.0 -0.1 1.0 0.0 0.0 

0.0 1.0 0.0 0.0 0.0 0.0 0.0 0.0 0.0 0.0 
0.0 0.0 0.0 1.0 0.0 0.0 0.0 0.0 0.0 0.0 
0.0 -0.1 0.0 1.1 0.0 0.0 0.0 0.0 0.0 0.0 
0.0 -10.0 0.0 11.0 0.0 0.0 0.0 0.0 0.0 0.0 
0.0 0.1 0.0 -0.1 1.0 0.0 -1.0 1.0 0.0 0.0 
0.0 -0.1 0.0 1.1 0.0 0.0 0.0 0.0 0.0 0.0 
0.0 0.1 0.0 -0.1 0.0 0.0 -0.0 1.0 0.0 0.0 
0.0 0.5 0.0 -0.5 0.0 0.0 0.0 1.0 0.0 0.0 
0.0 1.0 0.0 0.0 0.1 0.0 -0.1 0.0 0.0 0.0 
0.0 1.1 0.0 -1.1 0.1 0.0 -0.1 1.0 0.0 0.0 

0.0 1.1 0.0 -0.1 0.0 0.0 0.0 0.0 0.0 0.0 
0.0 0.1 0.0 0.9 0.0 0.0 0.0 0.0 0.0 0.0 
0.0 -0.0 0.0 1.0 0.0 0.0 0.0 0.0 0.0 0.0 
0.0 -9.9 0.0 10.9 0.0 0.0 0.0 0.0 0.0 0.0 
0.0 0.0 0.0 0.0 1.0 0.0 -1.0 1.0 0.0 0.0 
0.0 -0.0 0.0 1.0 0.0 0.0 0.0 0.0 0.0 0.0 
0.0 0.0 0.0 0.0 0.0 0.0 -0.0 1.0 0.0 0.0 
0.0 0.4 0.0 -0.4 0.0 0.0 0.0 1.0 0.0 0.0 
0.0 1.1 0.0 -0.1 0.1 0.0 -0.1 0.0 0.0 0.0 
0.0 1.1 0.0 -1.1 0.1 0.0 -0.1 1.0 0.0 0.0 

1.0 0.0 0.0 0.0 0.0 0.0 0.0 0.0 0.0 0.0 
0.0 0.0 0.0 0.0 0.1 0.0 0.9 0.0 0.0 0.0 
0.0 0.0 0.0 0.0 0.1 0.0 0.9 0.0 0.0 0.0 
0.0 0.0 0.0 0.0 1.6 0.0 -0.6 0.0 0.0 0.0 
0.0 1.1 0.0 -0.1 1.0 0.0 -1.0 0.0 0.0 0.0 
0.0 0.0 0.0 0.0 0.1 0.0 0.9 0.0 0.0 0.0 
0.0 1.1 0.0 -0.1 0.0 0.0 -0.0 0.0 0.0 0.0 
0.0 0.0 0.0 0.0 -0.1 0.0 1.1 0.0 0.0 0.0 
0.0 0.0 0.0 0.0 0.1 0.0 0.9 0.0 0.0 0.0 
0.0 0.0 0.0 0.0 -0.0 0.0 1.0 0.0 0.0 0.0 

0.0 1.0 0.0 -0.0 0.0 0.0 0.0 0.0 0.0 0.0 
0.0 0.1 0.0 0.9 0.0 0.0 0.0 0.0 0.0 0.0 
0.0 -0.0 0.0 1.0 0.0 0.0 0.0 0.0 0.0 0.0 
0.0 -9.9 0.0 10.9 0.0 0.0 0.0 0.0 0.0 0.0 
0.0 0.0 0.0 -0.0 1.0 0.0 -1.0 1.0 0.0 0.0 
0.0 -0.0 0.0 1.0 0.0 0.0 0.0 0.0 0.0 0.0 
0.0 0.0 0.0 -0.0 0.0 0.0 -0.0 1.0 0.0 0.0 
0.0 0.4 0.0 -0.4 0.0 0.0 0.0 1.0 0.0 0.0 
0.0 1.0 0.0 -0.0 0.1 0.0 -0.1 0.0 0.0 0.0 
0.0 1.1 0.0 -1.1 0.1 0.0 -0.1 1.0 0.0 0.0 

1.0 0.0 0.0 0.0 0.0 0.0 0.0 0.0 0.0 0.0 
0.0 -0.4 0.0 0.0 0.0 0.0 0.0 0.0 1.4 0.0 
1.0 0.0 0.0 0.0 0.0 0.0 0.0 0.0 0.0 0.0 
0.0 -16.8 0.0 1.4 0.0 0.0 0.0 0.0 16.4 0.0 
0.0 0.0 0.0 0.0 1.0 0.0 0.0 0.0 0.0 0.0 
0.0 1.1 0.0 -0.1 0.0 0.0 0.0 0.0 0.0 0.0 
0.0 0.0 0.0 0.0 0.0 0.0 1.0 0.0 0.0 0.0 
0.0 1.9 -0.4 -0.2 0.0 0.4 -0.0 -0.1 -0.7 0.1 
0.0 0.0 0.0 0.0 0.0 0.0 0.0 0.0 1.0 0.0 
0.0 0.0 0.0 0.0 0.1 0.0 0.9 0.0 0.0 0.0 

0.0 0.0 1.0 0.0 0.0 0.0 0.0 0.0 0.0 0.0 
0.0 -8.7 0.0 0.8 0.0 8.9 0.0 0.0 0.0 0.0 
0.0 0.0 1.0 0.0 0.0 0.0 0.0 0.0 0.0 0.0 
0.0 -102.0 0.0 9.7 0.0 93.3 0.0 0.0 0.0 0.0 
0.0 0.0 0.0 0.0 0.9 0.0 -0.9 0.0 0.0 1.0 
0.0 0.0 0.0 0.0 0.0 1.0 0.0 0.0 0.0 0.0 
0.0 0.0 0.0 0.0 -0.1 0.0 0.1 0.0 0.0 1.0 
0.0 4.8 0.0 -0.4 0.0 -4.4 0.0 1.0 0.0 0.0 
0.0 -6.2 0.0 0.6 0.0 6.6 0.0 0.0 0.0 0.0 
0.0 0.0 0.0 0.0 0.0 0.0 0.0 0.0 0.0 1.0 

0.0 1.0 1.0 -0.1 0.0 -0.9 0.0 0.0 0.0 0.0 
0.0 -7.7 0.0 0.7 0.0 8.0 0.0 0.0 0.0 0.0 
0.0 1.0 1.0 -0.1 0.0 -0.9 0.0 0.0 0.0 0.0 
0.0 -101.0 0.0 9.6 0.0 92.4 0.0 0.0 0.0 0.0 
0.0 -1.0 0.0 0.1 0.9 0.9 -0.9 0.0 0.0 1.0 
0.0 1.0 0.0 -0.1 0.0 0.1 0.0 0.0 0.0 0.0 
0.0 -1.0 0.0 0.1 -0.1 0.9 0.1 0.0 0.0 1.0 
0.0 3.8 0.0 -0.3 0.0 -3.5 0.0 1.0 0.0 0.0 
0.0 -5.3 0.0 0.5 0.0 5.8 0.0 0.0 0.0 0.0 
0.0 -1.0 0.0 0.1 0.0 0.9 0.0 0.0 0.0 1.0 

1.0
7.0
8.0
82.0
51.0
8.0
1.0
-3.0
5.0
-1.0
