0.0 0.0 -8.1 8.1 1.1 -0.1 0.0 0.0 0.0 
0.0 0.0 -8.1 8.1 1.1 -0.1 -1.0 0.0 1.0 
0.0 0.0 8.1 -8.1 0.9 0.1 0.0 0.0 0.0 
0.0 0.0 120.8 -120.8 -1.1 2.1 0.0 0.0 0.0 
0.0 0.0 136.9 -136.9 -1.4 2.4 0.0 0.0 0.0 
0.0 0.0 7258.1 -7258.1 -124.1 125.1 0.0 0.0 0.0 
0.0 0.0 -6.4 6.4 0.1 -0.1 1.6 1.0 -1.6 
0.0 0.0 -6.4 6.4 0.1 -0.1 0.0 1.0 0.0 
0.0 0.0 -6.4 6.4 0.1 -0.1 0.6 1.0 -0.6 

0.0 0.0 -3.2 3.2 1.1 -0.1 0.0 0.0 0.0 
0.0 0.0 -3.2 3.2 1.1 -0.1 -1.0 0.0 1.0 
0.0 0.0 12.9 -12.9 0.8 0.2 0.0 0.0 0.0 
0.0 0.0 125.7 -125.7 -1.2 2.2 0.0 0.0 0.0 
0.0 0.0 141.8 -141.8 -1.4 2.4 0.0 0.0 0.0 
0.0 0.0 7262.9 -7262.9 -124.2 125.2 0.0 0.0 0.0 
0.0 0.0 -11.3 11.3 0.2 -0.2 1.6 1.0 -1.6 
0.0 0.0 -11.3 11.3 0.2 -0.2 0.0 1.0 0.0 
0.0 0.0 -11.3 11.3 0.2 -0.2 0.6 1.0 -0.6 

0.0 0.0 -14.5 14.5 1.3 -0.3 0.0 0.0 0.0 
0.0 0.0 -14.5 14.5 1.3 -0.3 -1.0 0.0 1.0 
0.0 0.0 1.6 -1.6 1.0 0.0 0.0 0.0 0.0 
0.0 0.0 114.4 -114.4 -1.0 2.0 0.0 0.0 0.0 
0.0 0.0 130.5 -130.5 -1.3 2.3 0.0 0.0 0.0 
0.0 0.0 7251.6 -7251.6 -124.0 125.0 0.0 0.0 0.0 
0.0 0.0 0.0 0.0 0.0 0.0 1.6 1.0 -1.6 
0.0 0.0 0.0 0.0 0.0 0.0 0.0 1.0 0.0 
0.0 0.0 0.0 0.0 0.0 0.0 0.6 1.0 -0.6 

0.0 0.0 -11.3 11.3 1.2 -0.2 0.0 0.0 0.0 
0.0 0.0 -11.3 11.3 1.2 -0.2 -1.0 0.0 1.0 
0.0 0.0 4.8 -4.8 0.9 0.1 0.0 0.0 0.0 
0.0 0.0 117.6 -117.6 -1.0 2.0 0.0 0.0 0.0 
0.0 0.0 133.7 -133.7 -1.3 2.3 0.0 0.0 0.0 
0.0 0.0 7254.8 -7254.8 -124.1 125.1 0.0 0.0 0.0 
0.0 0.0 -3.2 3.2 0.1 -0.1 1.6 1.0 -1.6 
0.0 0.0 -3.2 3.2 0.1 -0.1 0.0 1.0 0.0 
0.0 0.0 -3.2 3.2 0.1 -0.1 0.6 1.0 -0.6 

0.0 0.0 -4.8 4.8 1.1 -0.1 0.0 0.0 0.0 
0.0 0.0 -4.8 4.8 1.1 -0.1 -1.0 0.0 1.0 
0.0 0.0 11.3 -11.3 0.8 0.2 0.0 0.0 0.0 
0.0 0.0 124.1 -124.1 -1.1 2.1 0.0 0.0 0.0 
0.0 0.0 140.2 -140.2 -1.4 2.4 0.0 0.0 0.0 
0.0 0.0 7261.3 -7261.3 -124.2 125.2 0.0 0.0 0.0 
0.0 0.0 -9.7 9.7 0.2 -0.2 1.6 1.0 -1.6 
0.0 0.0 -9.7 9.7 0.2 -0.2 0.0 1.0 0.0 
0.0 0.0 -9.7 9.7 0.2 -0.2 0.6 1.0 -0.6 

0.0 0.0 0.0 0.0 1.0 0.0 0.0 0.0 0.0 
0.0 0.0 0.0 0.0 1.0 0.0 -1.0 0.0 1.0 
0.0 0.0 16.1 -16.1 0.7 0.3 0.0 0.0 0.0 
0.0 0.0 128.9 -128.9 -1.2 2.2 0.0 0.0 0.0 
0.0 0.0 145.0 -145.0 -1.5 2.5 0.0 0.0 0.0 
0.0 0.0 7266.1 -7266.1 -124.3 125.3 0.0 0.0 0.0 
0.0 0.0 -14.5 14.5 0.3 -0.3 1.6 1.0 -1.6 
0.0 0.0 -14.5 14.5 0.3 -0.3 0.0 1.0 0.0 
0.0 0.0 -14.5 14.5 0.3 -0.3 0.6 1.0 -0.6 

0.0 0.0 -9.7 9.7 1.2 -0.2 0.0 0.0 0.0 
0.0 0.0 -9.7 9.7 1.2 -0.2 -1.0 0.0 1.0 
0.0 0.0 6.4 -6.4 0.9 0.1 0.0 0.0 0.0 
0.0 0.0 119.2 -119.2 -1.1 2.1 0.0 0.0 0.0 
0.0 0.0 135.3 -135.3 -1.3 2.3 0.0 0.0 0.0 
0.0 0.0 7256.4 -7256.4 -124.1 125.1 0.0 0.0 0.0 
0.0 0.0 -4.8 4.8 0.1 -0.1 1.6 1.0 -1.6 
0.0 0.0 -4.8 4.8 0.1 -0.1 0.0 1.0 0.0 
0.0 0.0 -4.8 4.8 0.1 -0.1 0.6 1.0 -0.6 

1.0 0.0 0.0 0.0 0.0 0.0 0.0 0.0 0.0 
0.0 0.0 0.0 0.0 0.0 0.0 0.0 0.0 1.0 
0.0 0.0 0.0 0.0 0.0 0.0 0.8 0.0 0.2 
0.0 0.0 0.0 0.0 0.0 0.0 -0.6 0.0 1.6 
0.0 0.0 0.0 0.0 0.0 0.0 -0.8 0.0 1.8 
0.0 0.0 0.0 0.0 0.0 0.0 -89.2 0.0 90.2 
0.0 0.0 -14.5 14.5 1.3 -0.3 0.0 0.0 0.0 
0.0 0.0 0.0 0.0 0.0 0.0 -0.6 0.0 1.6 
0.0 0.0 -14.5 14.5 1.3 -0.3 -1.0 0.0 1.0 

0.0 0.0 -6.4 6.4 1.1 -0.1 0.0 0.0 0.0 
0.0 0.0 -6.4 6.4 1.1 -0.1 -1.0 0.0 1.0 
0.0 0.0 9.7 -9.7 0.8 0.2 0.0 0.0 0.0 
0.0 0.0 122.4 -122.4 -1.1 2.1 0.0 0.0 0.0 
0.0 0.0 138.6 -138.6 -1.4 2.4 0.0 0.0 0.0 
0.0 0.0 7259.7 -7259.7 -124.2 125.2 0.0 0.0 0.0 
0.0 0.0 -8.1 8.1 0.1 -0.1 1.6 1.0 -1.6 
0.0 0.0 -8.1 8.1 0.1 -0.1 0.0 1.0 0.0 
0.0 0.0 -8.1 8.1 0.1 -0.1 0.6 1.0 -0.6 

1.0 0.0 0.0 0.0 0.0 0.0 0.0 0.0 0.0 
0.0 1.0 0.0 0.0 0.0 0.0 0.0 0.0 0.0 
1.0 0.0 0.0 0.0 0.0 0.0 0.0 0.0 0.0 
1.0 0.0 0.0 0.0 0.0 0.0 0.0 0.0 0.0 
0.0 1.8 11.6 -11.6 -1.0 0.2 0.0 0.0 0.0 
0.0 9.0 116.0 -116.0 -10.0 2.0 0.0 0.0 0.0 
0.0 0.0 0.0 0.0 0.0 0.0 1.0 0.0 0.0 
0.0 -0.0 -15.1 15.1 1.3 -0.3 -1.6 0.0 1.6 
0.0 0.0 0.0 0.0 0.0 0.0 0.0 0.0 1.0 

0.0 0.0 0.0 1.0 0.0 0.0 0.0 0.0 0.0 
0.0 0.0 -14.0 14.0 1.1 -0.1 0.0 0.0 0.0 
0.0 0.0 0.0 1.0 0.0 0.0 0.0 0.0 0.0 
0.0 0.0 0.0 1.0 0.0 0.0 0.0 0.0 0.0 
0.0 0.0 -12.7 12.7 1.0 0.0 0.0 0.0 0.0 
0.0 0.0 -1.0 1.0 0.0 1.0 0.0 0.0 0.0 
0.0 0.9 69.6 -65.6 -6.0 1.1 2.5 1.0 -2.5 
0.0 0.0 1.1 -1.1 0.0 0.0 0.0 1.0 0.0 
0.0 0.9 69.6 -65.6 -6.0 1.1 1.5 1.0 -1.5 

0.0 0.0 1.0 0.0 0.0 0.0 0.0 0.0 0.0 
0.0 0.0 -13.0 13.0 1.1 -0.1 0.0 0.0 0.0 
0.0 0.0 1.0 0.0 0.0 0.0 0.0 0.0 0.0 
0.0 0.0 1.0 0.0 0.0 0.0 0.0 0.0 0.0 
0.0 0.0 -11.7 11.7 1.0 0.0 0.0 0.0 0.0 
0.0 0.0 0.0 0.0 0.0 1.0 0.0 0.0 0.0 
0.0 0.9 68.6 -64.6 -6.0 1.1 2.5 1.0 -2.5 
0.0 0.0 0.1 -0.1 0.0 0.0 0.0 1.0 0.0 
0.0 0.9 68.6 -64.6 -6.0 1.1 1.5 1.0 -1.5 

1.0
5.0
1.0
8.0
9.0
451.0
0.0
8.0
5.0
