0.0 2.0 -1.0 0.0 0.0 0.0 0.0 
0.0 12.0 -11.0 0.0 0.0 0.0 0.0 
0.0 2.0 -1.0 0.0 0.0 0.0 0.0 
0.0 -5.8 6.5 0.0 0.0 0.3 0.0 
0.0 7.0 -6.0 0.0 0.0 0.0 0.0 
0.0 213.5 -213.5 0.0 0.0 1.0 0.0 
0.0 -2.0 2.0 0.0 0.0 0.0 1.0 

0.0 3.5 -2.5 0.0 0.0 0.0 0.0 
0.0 13.5 -12.5 0.0 0.0 0.0 0.0 
0.0 3.5 -2.5 0.0 0.0 0.0 0.0 
0.0 -4.3 5.0 0.0 0.0 0.3 0.0 
0.0 8.5 -7.5 0.0 0.0 0.0 0.0 
0.0 215.0 -215.0 0.0 0.0 1.0 0.0 
0.0 -3.5 3.5 0.0 0.0 0.0 1.0 

0.0 0.0 1.0 0.0 0.0 0.0 0.0 
0.0 10.0 -9.0 0.0 0.0 0.0 0.0 
0.0 0.0 1.0 0.0 0.0 0.0 0.0 
0.0 -7.8 8.5 0.0 0.0 0.3 0.0 
0.0 5.0 -4.0 0.0 0.0 0.0 0.0 
0.0 211.5 -211.5 0.0 0.0 1.0 0.0 
0.0 0.0 0.0 0.0 0.0 0.0 1.0 

0.0 1.0 0.0 0.0 0.0 0.0 0.0 
0.0 11.0 -10.0 0.0 0.0 0.0 0.0 
0.0 1.0 0.0 0.0 0.0 0.0 0.0 
0.0 -6.8 7.5 0.0 0.0 0.3 0.0 
0.0 6.0 -5.0 0.0 0.0 0.0 0.0 
0.0 212.5 -212.5 0.0 0.0 1.0 0.0 
0.0 -1.0 1.0 0.0 0.0 0.0 1.0 

0.0 3.0 -2.0 0.0 0.0 0.0 0.0 
0.0 13.0 -12.0 0.0 0.0 0.0 0.0 
0.0 3.0 -2.0 0.0 0.0 0.0 0.0 
0.0 -4.8 5.5 0.0 0.0 0.3 0.0 
0.0 8.0 -7.0 0.0 0.0 0.0 0.0 
0.0 214.5 -214.5 0.0 0.0 1.0 0.0 
0.0 -3.0 3.0 0.0 0.0 0.0 1.0 

0.0 4.5 -3.5 0.0 0.0 0.0 0.0 
0.0 14.5 -13.5 0.0 0.0 0.0 0.0 
0.0 4.5 -3.5 0.0 0.0 0.0 0.0 
0.0 -3.3 4.0 0.0 0.0 0.3 0.0 
0.0 9.5 -8.5 0.0 0.0 0.0 0.0 
0.0 216.0 -216.0 0.0 0.0 1.0 0.0 
0.0 -4.5 4.5 0.0 0.0 0.0 1.0 

0.0 1.5 -0.5 0.0 0.0 0.0 0.0 
0.0 11.5 -10.5 0.0 0.0 0.0 0.0 
0.0 1.5 -0.5 0.0 0.0 0.0 0.0 
0.0 -6.3 7.0 0.0 0.0 0.3 0.0 
0.0 6.5 -5.5 0.0 0.0 0.0 0.0 
0.0 213.0 -213.0 0.0 0.0 1.0 0.0 
0.0 -1.5 1.5 0.0 0.0 0.0 1.0 

1.0 0.0 0.0 0.0 0.0 0.0 0.0 
0.0 -5.2 4.0 0.0 0.0 0.2 0.0 
0.0 0.0 -1.0 0.0 0.0 0.0 0.0 
0.0 -7.8 6.5 0.0 0.0 0.3 0.0 
0.0 -2.6 1.5 0.0 0.0 0.1 0.0 
0.0 -146.2 139.0 0.0 0.0 6.2 0.0 
0.0 -5.2 4.0 0.0 0.0 0.2 0.0 

0.0 2.5 -1.5 0.0 0.0 0.0 0.0 
0.0 12.5 -11.5 0.0 0.0 0.0 0.0 
0.0 2.5 -1.5 0.0 0.0 0.0 0.0 
0.0 -5.3 6.0 0.0 0.0 0.3 0.0 
0.0 7.5 -6.5 0.0 0.0 0.0 0.0 
0.0 214.0 -214.0 0.0 0.0 1.0 0.0 
0.0 -2.5 2.5 0.0 0.0 0.0 1.0 

1.0 0.0 0.0 0.0 0.0 0.0 0.0 
0.0 0.0 0.3 0.7 0.0 0.0 0.0 
0.0 0.0 1.0 0.0 0.0 0.0 0.0 
0.0 0.0 0.0 1.0 0.0 0.0 0.0 
1.0 0.0 0.0 0.0 0.0 0.0 0.0 
0.0 -23.5 7.8 15.7 0.0 1.0 0.0 
0.0 26.2 -43.7 5.0 15.0 -1.4 0.0 

0.0 0.0 -7.0 0.0 8.0 0.0 0.0 
0.0 1.0 -26.0 0.0 26.0 0.0 0.0 
0.0 0.0 -7.0 0.0 8.0 0.0 0.0 
0.0 1.5 -35.5 0.0 35.0 0.0 0.0 
0.0 0.0 -7.0 0.0 8.0 0.0 0.0 
0.0 0.0 -431.0 0.0 431.0 1.0 0.0 
0.0 0.0 8.0 0.0 -8.0 0.0 1.0 

0.0 0.0 0.0 0.0 1.0 0.0 0.0 
0.0 1.0 -19.0 0.0 19.0 0.0 0.0 
0.0 0.0 0.0 0.0 1.0 0.0 0.0 
0.0 1.5 -28.5 0.0 28.0 0.0 0.0 
0.0 0.0 0.0 0.0 1.0 0.0 0.0 
0.0 0.0 -424.0 0.0 424.0 1.0 0.0 
0.0 0.0 1.0 0.0 -1.0 0.0 1.0 

1.0
2.0
0.0
3.0
1.0
56.0
2.0
