0.0 2.0 -1.0 0.0 0.0 0.0 0.0 0.0 0.0 0.0 0.0 0.0 0.0 0.0 0.0 0.0 0.0 0.0 0.0 0.0 0.0 
0.0 0.0 0.0 0.9 -0.3 0.4 0.0 0.0 0.0 0.0 0.0 0.0 0.0 0.0 0.0 0.0 0.0 0.0 0.0 0.0 0.0 
0.0 0.0 0.0 1.0 0.0 0.0 0.0 0.0 0.0 0.0 0.0 0.0 0.0 0.0 0.0 0.0 0.0 0.0 0.0 0.0 0.0 
0.0 0.0 0.0 0.2 0.2 -0.3 1.4 -0.4 0.0 0.0 0.0 0.0 0.0 0.0 0.0 0.0 0.0 0.0 0.0 0.0 0.0 
0.0 0.0 0.0 1.3 1.2 -2.4 0.4 0.6 0.0 0.0 0.0 0.0 0.0 0.0 0.0 0.0 0.0 0.0 0.0 0.0 0.0 
0.0 0.0 0.0 0.2 0.2 -0.3 0.9 0.1 0.0 0.0 0.0 0.0 0.0 0.0 0.0 0.0 0.0 0.0 0.0 0.0 0.0 
0.0 0.0 0.0 -1.0 -0.9 1.9 0.0 0.0 1.7 -0.7 0.0 0.0 0.0 0.0 0.0 0.0 0.0 0.0 0.0 0.0 0.0 
0.0 0.0 0.0 0.3 0.3 -0.6 0.0 0.0 0.7 0.3 0.0 0.0 0.0 0.0 0.0 0.0 0.0 0.0 0.0 0.0 0.0 
0.0 0.0 0.0 55.3 49.8 -105.1 0.0 0.0 0.0 0.0 28.0 -27.0 0.0 0.0 0.0 0.0 0.0 0.0 0.0 0.0 0.0 
0.0 0.0 0.0 35.8 32.2 -68.0 0.0 0.0 0.0 0.0 18.5 -17.5 0.0 0.0 0.0 0.0 0.0 0.0 0.0 0.0 0.0 
0.0 0.0 0.0 -0.6 -0.6 1.2 0.0 0.0 0.0 0.0 0.0 0.0 -3.7 4.7 0.0 0.0 0.0 0.0 0.0 0.0 0.0 
0.0 0.0 0.0 1.6 1.4 -3.0 0.0 0.0 0.0 0.0 0.0 0.0 -3.4 4.4 0.0 0.0 0.0 0.0 0.0 0.0 0.0 
0.0 0.0 0.0 -2.8 -2.5 5.3 0.0 0.0 0.0 0.0 0.0 0.0 0.0 0.0 0.5 0.5 0.0 0.0 0.0 0.0 0.0 
0.0 0.0 0.0 -2.5 -2.3 4.8 0.0 0.0 0.0 0.0 0.0 0.0 0.0 0.0 1.0 0.0 0.0 0.0 0.0 0.0 0.0 
0.0 0.0 0.0 6.8 6.1 -12.9 0.0 0.0 0.0 0.0 0.0 0.0 0.0 0.0 0.0 0.0 -2.5 3.5 0.0 0.0 0.0 
0.0 0.0 0.0 3.2 2.9 -6.0 0.0 0.0 0.0 0.0 0.0 0.0 0.0 0.0 0.0 0.0 -0.8 1.8 0.0 0.0 0.0 
0.0 0.0 0.0 3.4 3.1 -6.5 0.0 0.0 0.0 0.0 0.0 0.0 0.0 0.0 0.0 0.0 0.0 0.0 0.5 0.5 0.0 
0.0 0.0 0.0 1.3 1.2 -2.5 0.0 0.0 0.0 0.0 0.0 0.0 0.0 0.0 0.0 0.0 0.0 0.0 0.7 0.3 0.0 
-0.0 0.0 -0.0 122.5 110.3 -232.8 0.3 -0.2 -2.6 1.8 141.8 -138.9 88.8 -94.7 56.8 -49.0 84.6 -90.8 11.1 -8.3 0.5 
-0.0 0.0 -0.0 87.3 78.6 -165.9 0.3 -0.1 -1.9 1.3 102.7 -100.6 64.3 -68.6 41.1 -35.5 61.3 -65.8 8.1 -6.0 0.6 
-0.0 0.0 -0.0 72.4 65.2 -137.7 0.6 -0.4 -4.5 3.9 215.6 -214.7 133.1 -132.5 95.0 -100.4 189.5 -179.3 28.0 -37.9 4.9 

0.0 1.5 -0.5 0.0 0.0 0.0 0.0 0.0 0.0 0.0 0.0 0.0 0.0 0.0 0.0 0.0 0.0 0.0 0.0 0.0 0.0 
0.0 0.0 0.0 0.7 -0.3 0.6 0.0 0.0 0.0 0.0 0.0 0.0 0.0 0.0 0.0 0.0 0.0 0.0 0.0 0.0 0.0 
0.0 0.0 0.0 0.8 0.0 0.2 0.0 0.0 0.0 0.0 0.0 0.0 0.0 0.0 0.0 0.0 0.0 0.0 0.0 0.0 0.0 
0.0 0.0 0.0 0.1 0.1 -0.1 1.3 -0.3 0.0 0.0 0.0 0.0 0.0 0.0 0.0 0.0 0.0 0.0 0.0 0.0 0.0 
0.0 0.0 0.0 1.2 1.1 -2.2 0.2 0.8 0.0 0.0 0.0 0.0 0.0 0.0 0.0 0.0 0.0 0.0 0.0 0.0 0.0 
0.0 0.0 0.0 0.1 0.1 -0.1 0.8 0.2 0.0 0.0 0.0 0.0 0.0 0.0 0.0 0.0 0.0 0.0 0.0 0.0 0.0 
0.0 0.0 0.0 -1.0 -0.9 1.8 0.0 0.0 1.5 -0.5 0.0 0.0 0.0 0.0 0.0 0.0 0.0 0.0 0.0 0.0 0.0 
0.0 0.0 0.0 0.3 0.3 -0.7 0.0 0.0 0.5 0.5 0.0 0.0 0.0 0.0 0.0 0.0 0.0 0.0 0.0 0.0 0.0 
0.0 0.0 0.0 50.2 45.1 -95.3 0.0 0.0 0.0 0.0 25.5 -24.5 0.0 0.0 0.0 0.0 0.0 0.0 0.0 0.0 0.0 
0.0 0.0 0.0 30.6 27.6 -58.2 0.0 0.0 0.0 0.0 16.0 -15.0 0.0 0.0 0.0 0.0 0.0 0.0 0.0 0.0 0.0 
0.0 0.0 0.0 -0.3 -0.3 0.6 0.0 0.0 0.0 0.0 0.0 0.0 -3.0 4.0 0.0 0.0 0.0 0.0 0.0 0.0 0.0 
0.0 0.0 0.0 1.9 1.7 -3.6 0.0 0.0 0.0 0.0 0.0 0.0 -2.8 3.8 0.0 0.0 0.0 0.0 0.0 0.0 0.0 
0.0 0.0 0.0 -2.7 -2.4 5.1 0.0 0.0 0.0 0.0 0.0 0.0 0.0 0.0 0.2 0.8 0.0 0.0 0.0 0.0 0.0 
0.0 0.0 0.0 -2.4 -2.2 4.6 0.0 0.0 0.0 0.0 0.0 0.0 0.0 0.0 0.6 0.4 0.0 0.0 0.0 0.0 0.0 
0.0 0.0 0.0 5.6 5.0 -10.6 0.0 0.0 0.0 0.0 0.0 0.0 0.0 0.0 0.0 0.0 -1.8 2.8 0.0 0.0 0.0 
0.0 0.0 0.0 1.9 1.8 -3.7 0.0 0.0 0.0 0.0 0.0 0.0 0.0 0.0 0.0 0.0 -0.2 1.2 0.0 0.0 0.0 
0.0 0.0 0.0 3.4 3.1 -6.5 0.0 0.0 0.0 0.0 0.0 0.0 0.0 0.0 0.0 0.0 0.0 0.0 0.3 0.7 0.0 
0.0 0.0 0.0 1.4 1.2 -2.6 0.0 0.0 0.0 0.0 0.0 0.0 0.0 0.0 0.0 0.0 0.0 0.0 0.6 0.4 0.0 
-0.0 0.0 -0.0 116.2 104.6 -220.8 0.3 -0.2 -2.5 1.7 134.8 -132.1 84.4 -90.0 54.0 -46.6 80.5 -86.4 10.6 -7.9 0.5 
-0.0 0.0 -0.0 81.0 72.9 -154.0 0.2 -0.1 -1.8 1.2 95.7 -93.8 59.9 -63.9 38.3 -33.1 57.1 -61.3 7.5 -5.6 0.6 
-0.0 0.0 -0.0 32.1 29.0 -61.1 0.5 -0.4 -3.9 3.6 184.4 -184.2 114.4 -112.4 84.3 -91.6 177.1 -165.2 27.1 -37.6 5.0 

0.0 1.0 0.0 0.0 0.0 0.0 0.0 0.0 0.0 0.0 0.0 0.0 0.0 0.0 0.0 0.0 0.0 0.0 0.0 0.0 0.0 
0.0 0.0 0.0 0.5 -0.3 0.8 0.0 0.0 0.0 0.0 0.0 0.0 0.0 0.0 0.0 0.0 0.0 0.0 0.0 0.0 0.0 
0.0 0.0 0.0 0.6 0.1 0.3 0.0 0.0 0.0 0.0 0.0 0.0 0.0 0.0 0.0 0.0 0.0 0.0 0.0 0.0 0.0 
0.0 0.0 0.0 -0.0 -0.0 0.1 1.1 -0.1 0.0 0.0 0.0 0.0 0.0 0.0 0.0 0.0 0.0 0.0 0.0 0.0 0.0 
0.0 0.0 0.0 1.1 1.0 -2.0 0.1 0.9 0.0 0.0 0.0 0.0 0.0 0.0 0.0 0.0 0.0 0.0 0.0 0.0 0.0 
0.0 0.0 0.0 -0.0 -0.0 0.1 0.6 0.4 0.0 0.0 0.0 0.0 0.0 0.0 0.0 0.0 0.0 0.0 0.0 0.0 0.0 
0.0 0.0 0.0 -0.9 -0.8 1.8 0.0 0.0 1.3 -0.3 0.0 0.0 0.0 0.0 0.0 0.0 0.0 0.0 0.0 0.0 0.0 
0.0 0.0 0.0 0.4 0.4 -0.8 0.0 0.0 0.3 0.7 0.0 0.0 0.0 0.0 0.0 0.0 0.0 0.0 0.0 0.0 0.0 
0.0 0.0 0.0 45.0 40.5 -85.5 0.0 0.0 0.0 0.0 23.0 -22.0 0.0 0.0 0.0 0.0 0.0 0.0 0.0 0.0 0.0 
0.0 0.0 0.0 25.5 22.9 -48.4 0.0 0.0 0.0 0.0 13.5 -12.5 0.0 0.0 0.0 0.0 0.0 0.0 0.0 0.0 0.0 
0.0 0.0 0.0 0.0 0.0 0.0 0.0 0.0 0.0 0.0 0.0 0.0 -2.3 3.3 0.0 0.0 0.0 0.0 0.0 0.0 0.0 
0.0 0.0 0.0 2.2 2.0 -4.2 0.0 0.0 0.0 0.0 0.0 0.0 -2.1 3.1 0.0 0.0 0.0 0.0 0.0 0.0 0.0 
0.0 0.0 0.0 -2.6 -2.3 4.9 0.0 0.0 0.0 0.0 0.0 0.0 0.0 0.0 -0.1 1.1 0.0 0.0 0.0 0.0 0.0 
0.0 0.0 0.0 -2.3 -2.1 4.4 0.0 0.0 0.0 0.0 0.0 0.0 0.0 0.0 0.3 0.7 0.0 0.0 0.0 0.0 0.0 
0.0 0.0 0.0 4.3 3.9 -8.2 0.0 0.0 0.0 0.0 0.0 0.0 0.0 0.0 0.0 0.0 -1.2 2.2 0.0 0.0 0.0 
0.0 0.0 0.0 0.7 0.6 -1.4 0.0 0.0 0.0 0.0 0.0 0.0 0.0 0.0 0.0 0.0 0.5 0.5 0.0 0.0 0.0 
0.0 0.0 0.0 3.4 3.1 -6.5 0.0 0.0 0.0 0.0 0.0 0.0 0.0 0.0 0.0 0.0 0.0 0.0 0.2 0.8 0.0 
0.0 0.0 0.0 1.4 1.2 -2.6 0.0 0.0 0.0 0.0 0.0 0.0 0.0 0.0 0.0 0.0 0.0 0.0 0.4 0.6 0.0 
-0.0 0.0 -0.0 109.9 98.9 -208.9 0.3 -0.2 -2.4 1.6 127.8 -125.2 80.0 -85.4 51.2 -44.2 76.3 -81.9 10.0 -7.5 0.5 
-0.0 0.0 -0.0 74.7 67.3 -142.0 0.2 -0.1 -1.6 1.1 88.7 -86.9 55.5 -59.2 35.5 -30.7 52.9 -56.8 7.0 -5.2 0.7 
-0.0 0.0 -0.0 -8.2 -7.3 15.4 0.4 -0.3 -3.3 3.2 153.2 -153.7 95.8 -92.2 73.5 -82.9 164.7 -151.2 26.1 -37.4 5.2 

0.0 0.5 0.5 0.0 0.0 0.0 0.0 0.0 0.0 0.0 0.0 0.0 0.0 0.0 0.0 0.0 0.0 0.0 0.0 0.0 0.0 
0.0 0.0 0.0 0.3 -0.2 0.9 0.0 0.0 0.0 0.0 0.0 0.0 0.0 0.0 0.0 0.0 0.0 0.0 0.0 0.0 0.0 
0.0 0.0 0.0 0.4 0.1 0.5 0.0 0.0 0.0 0.0 0.0 0.0 0.0 0.0 0.0 0.0 0.0 0.0 0.0 0.0 0.0 
0.0 0.0 0.0 -0.1 -0.1 0.3 0.9 0.1 0.0 0.0 0.0 0.0 0.0 0.0 0.0 0.0 0.0 0.0 0.0 0.0 0.0 
0.0 0.0 0.0 1.0 0.9 -1.8 -0.1 1.1 0.0 0.0 0.0 0.0 0.0 0.0 0.0 0.0 0.0 0.0 0.0 0.0 0.0 
0.0 0.0 0.0 -0.1 -0.1 0.3 0.4 0.6 0.0 0.0 0.0 0.0 0.0 0.0 0.0 0.0 0.0 0.0 0.0 0.0 0.0 
0.0 0.0 0.0 -0.9 -0.8 1.7 0.0 0.0 1.1 -0.1 0.0 0.0 0.0 0.0 0.0 0.0 0.0 0.0 0.0 0.0 0.0 
0.0 0.0 0.0 0.4 0.4 -0.8 0.0 0.0 0.1 0.9 0.0 0.0 0.0 0.0 0.0 0.0 0.0 0.0 0.0 0.0 0.0 
0.0 0.0 0.0 39.8 35.9 -75.7 0.0 0.0 0.0 0.0 20.5 -19.5 0.0 0.0 0.0 0.0 0.0 0.0 0.0 0.0 0.0 
0.0 0.0 0.0 20.3 18.3 -38.6 0.0 0.0 0.0 0.0 11.0 -10.0 0.0 0.0 0.0 0.0 0.0 0.0 0.0 0.0 0.0 
0.0 0.0 0.0 0.3 0.3 -0.6 0.0 0.0 0.0 0.0 0.0 0.0 -1.7 2.7 0.0 0.0 0.0 0.0 0.0 0.0 0.0 
0.0 0.0 0.0 2.5 2.3 -4.8 0.0 0.0 0.0 0.0 0.0 0.0 -1.4 2.4 0.0 0.0 0.0 0.0 0.0 0.0 0.0 
0.0 0.0 0.0 -2.4 -2.2 4.6 0.0 0.0 0.0 0.0 0.0 0.0 0.0 0.0 -0.4 1.4 0.0 0.0 0.0 0.0 0.0 
0.0 0.0 0.0 -2.2 -2.0 4.2 0.0 0.0 0.0 0.0 0.0 0.0 0.0 0.0 0.0 1.0 0.0 0.0 0.0 0.0 0.0 
0.0 0.0 0.0 3.1 2.8 -5.9 0.0 0.0 0.0 0.0 0.0 0.0 0.0 0.0 0.0 0.0 -0.6 1.6 0.0 0.0 0.0 
0.0 0.0 0.0 -0.5 -0.5 1.0 0.0 0.0 0.0 0.0 0.0 0.0 0.0 0.0 0.0 0.0 1.1 -0.1 0.0 0.0 0.0 
0.0 0.0 0.0 3.4 3.1 -6.5 0.0 0.0 0.0 0.0 0.0 0.0 0.0 0.0 0.0 0.0 0.0 0.0 0.0 1.0 0.0 
0.0 0.0 0.0 1.4 1.2 -2.6 0.0 0.0 0.0 0.0 0.0 0.0 0.0 0.0 0.0 0.0 0.0 0.0 0.2 0.8 0.0 
-0.0 0.0 -0.0 103.6 93.3 -196.9 0.3 -0.2 -2.2 1.5 120.8 -118.4 75.7 -80.7 48.4 -41.8 72.1 -77.4 9.5 -7.1 0.5 
-0.0 0.0 -0.0 68.4 61.6 -130.0 0.2 -0.1 -1.5 1.0 81.7 -80.1 51.2 -54.6 32.7 -28.3 48.8 -52.4 6.4 -4.8 0.7 
-0.0 0.0 -0.0 -48.4 -43.6 92.0 0.3 -0.3 -2.7 2.8 122.0 -123.2 77.1 -72.0 62.8 -74.1 152.3 -137.2 25.1 -37.2 5.3 

0.0 0.0 1.0 0.0 0.0 0.0 0.0 0.0 0.0 0.0 0.0 0.0 0.0 0.0 0.0 0.0 0.0 0.0 0.0 0.0 0.0 
0.0 0.0 0.0 0.1 -0.2 1.1 0.0 0.0 0.0 0.0 0.0 0.0 0.0 0.0 0.0 0.0 0.0 0.0 0.0 0.0 0.0 
0.0 0.0 0.0 0.3 0.1 0.6 0.0 0.0 0.0 0.0 0.0 0.0 0.0 0.0 0.0 0.0 0.0 0.0 0.0 0.0 0.0 
0.0 0.0 0.0 -0.2 -0.2 0.5 0.8 0.2 0.0 0.0 0.0 0.0 0.0 0.0 0.0 0.0 0.0 0.0 0.0 0.0 0.0 
0.0 0.0 0.0 0.9 0.8 -1.6 -0.3 1.3 0.0 0.0 0.0 0.0 0.0 0.0 0.0 0.0 0.0 0.0 0.0 0.0 0.0 
0.0 0.0 0.0 -0.2 -0.2 0.5 0.3 0.7 0.0 0.0 0.0 0.0 0.0 0.0 0.0 0.0 0.0 0.0 0.0 0.0 0.0 
0.0 0.0 0.0 -0.8 -0.7 1.6 0.0 0.0 0.8 0.2 0.0 0.0 0.0 0.0 0.0 0.0 0.0 0.0 0.0 0.0 0.0 
0.0 0.0 0.0 0.5 0.4 -0.9 0.0 0.0 -0.1 1.1 0.0 0.0 0.0 0.0 0.0 0.0 0.0 0.0 0.0 0.0 0.0 
0.0 0.0 0.0 34.7 31.2 -65.9 0.0 0.0 0.0 0.0 18.0 -17.0 0.0 0.0 0.0 0.0 0.0 0.0 0.0 0.0 0.0 
0.0 0.0 0.0 15.2 13.6 -28.8 0.0 0.0 0.0 0.0 8.5 -7.5 0.0 0.0 0.0 0.0 0.0 0.0 0.0 0.0 0.0 
0.0 0.0 0.0 0.6 0.6 -1.2 0.0 0.0 0.0 0.0 0.0 0.0 -1.0 2.0 0.0 0.0 0.0 0.0 0.0 0.0 0.0 
0.0 0.0 0.0 2.8 2.5 -5.3 0.0 0.0 0.0 0.0 0.0 0.0 -0.8 1.8 0.0 0.0 0.0 0.0 0.0 0.0 0.0 
0.0 0.0 0.0 -2.3 -2.1 4.4 0.0 0.0 0.0 0.0 0.0 0.0 0.0 0.0 -0.7 1.7 0.0 0.0 0.0 0.0 0.0 
0.0 0.0 0.0 -2.1 -1.9 3.9 0.0 0.0 0.0 0.0 0.0 0.0 0.0 0.0 -0.3 1.3 0.0 0.0 0.0 0.0 0.0 
0.0 0.0 0.0 1.9 1.7 -3.6 0.0 0.0 0.0 0.0 0.0 0.0 0.0 0.0 0.0 0.0 0.0 1.0 0.0 0.0 0.0 
0.0 0.0 0.0 -1.7 -1.6 3.3 0.0 0.0 0.0 0.0 0.0 0.0 0.0 0.0 0.0 0.0 1.7 -0.7 0.0 0.0 0.0 
0.0 0.0 0.0 3.4 3.1 -6.6 0.0 0.0 0.0 0.0 0.0 0.0 0.0 0.0 0.0 0.0 0.0 0.0 -0.2 1.2 0.0 
0.0 0.0 0.0 1.4 1.2 -2.6 0.0 0.0 0.0 0.0 0.0 0.0 0.0 0.0 0.0 0.0 0.0 0.0 0.1 0.9 0.0 
-0.0 0.0 -0.0 97.3 87.6 -184.9 0.3 -0.1 -2.1 1.4 113.9 -111.6 71.3 -76.0 45.6 -39.4 68.0 -72.9 8.9 -6.7 0.6 
-0.0 0.0 -0.0 62.1 55.9 -118.0 0.2 -0.1 -1.4 0.9 74.7 -73.2 46.8 -49.9 29.9 -25.8 44.6 -47.9 5.9 -4.4 0.7 
-0.0 0.0 -0.0 -88.7 -79.8 168.6 0.2 -0.3 -2.2 2.5 90.8 -92.8 58.4 -51.8 52.1 -65.4 139.9 -123.2 24.2 -36.9 5.5 

0.0 -0.5 1.5 0.0 0.0 0.0 0.0 0.0 0.0 0.0 0.0 0.0 0.0 0.0 0.0 0.0 0.0 0.0 0.0 0.0 0.0 
0.0 0.0 0.0 -0.1 -0.2 1.2 0.0 0.0 0.0 0.0 0.0 0.0 0.0 0.0 0.0 0.0 0.0 0.0 0.0 0.0 0.0 
0.0 0.0 0.0 0.1 0.2 0.8 0.0 0.0 0.0 0.0 0.0 0.0 0.0 0.0 0.0 0.0 0.0 0.0 0.0 0.0 0.0 
0.0 0.0 0.0 -0.3 -0.3 0.7 0.6 0.4 0.0 0.0 0.0 0.0 0.0 0.0 0.0 0.0 0.0 0.0 0.0 0.0 0.0 
0.0 0.0 0.0 0.8 0.7 -1.5 -0.4 1.4 0.0 0.0 0.0 0.0 0.0 0.0 0.0 0.0 0.0 0.0 0.0 0.0 0.0 
0.0 0.0 0.0 -0.3 -0.3 0.7 0.1 0.9 0.0 0.0 0.0 0.0 0.0 0.0 0.0 0.0 0.0 0.0 0.0 0.0 0.0 
0.0 0.0 0.0 -0.8 -0.7 1.5 0.0 0.0 0.6 0.4 0.0 0.0 0.0 0.0 0.0 0.0 0.0 0.0 0.0 0.0 0.0 
0.0 0.0 0.0 0.5 0.5 -1.0 0.0 0.0 -0.3 1.3 0.0 0.0 0.0 0.0 0.0 0.0 0.0 0.0 0.0 0.0 0.0 
0.0 0.0 0.0 29.5 26.6 -56.1 0.0 0.0 0.0 0.0 15.5 -14.5 0.0 0.0 0.0 0.0 0.0 0.0 0.0 0.0 0.0 
0.0 0.0 0.0 10.0 9.0 -19.0 0.0 0.0 0.0 0.0 6.0 -5.0 0.0 0.0 0.0 0.0 0.0 0.0 0.0 0.0 0.0 
0.0 0.0 0.0 0.9 0.8 -1.8 0.0 0.0 0.0 0.0 0.0 0.0 -0.3 1.3 0.0 0.0 0.0 0.0 0.0 0.0 0.0 
0.0 0.0 0.0 3.1 2.8 -5.9 0.0 0.0 0.0 0.0 0.0 0.0 -0.1 1.1 0.0 0.0 0.0 0.0 0.0 0.0 0.0 
0.0 0.0 0.0 -2.2 -2.0 4.2 0.0 0.0 0.0 0.0 0.0 0.0 0.0 0.0 -1.0 2.0 0.0 0.0 0.0 0.0 0.0 
0.0 0.0 0.0 -2.0 -1.8 3.7 0.0 0.0 0.0 0.0 0.0 0.0 0.0 0.0 -0.6 1.6 0.0 0.0 0.0 0.0 0.0 
0.0 0.0 0.0 0.6 0.6 -1.2 0.0 0.0 0.0 0.0 0.0 0.0 0.0 0.0 0.0 0.0 0.6 0.4 0.0 0.0 0.0 
0.0 0.0 0.0 -3.0 -2.7 5.6 0.0 0.0 0.0 0.0 0.0 0.0 0.0 0.0 0.0 0.0 2.3 -1.3 0.0 0.0 0.0 
0.0 0.0 0.0 3.5 3.1 -6.6 0.0 0.0 0.0 0.0 0.0 0.0 0.0 0.0 0.0 0.0 0.0 0.0 -0.3 1.3 0.0 
0.0 0.0 0.0 1.4 1.3 -2.7 0.0 0.0 0.0 0.0 0.0 0.0 0.0 0.0 0.0 0.0 0.0 0.0 -0.1 1.1 0.0 
-0.0 0.0 -0.0 91.0 81.9 -172.9 0.3 -0.1 -2.0 1.3 106.9 -104.7 66.9 -71.4 42.8 -36.9 63.8 -68.5 8.4 -6.3 0.6 
-0.0 0.0 -0.0 55.8 50.2 -106.0 0.2 -0.1 -1.3 0.8 67.8 -66.4 42.4 -45.3 27.1 -23.4 40.4 -43.4 5.3 -4.0 0.7 
-0.0 0.0 -0.0 -129.0 -116.1 245.2 0.2 -0.2 -1.6 2.1 59.6 -62.3 39.8 -31.7 41.3 -56.6 127.5 -109.2 23.2 -36.7 5.6 

0.0 -1.0 2.0 0.0 0.0 0.0 0.0 0.0 0.0 0.0 0.0 0.0 0.0 0.0 0.0 0.0 0.0 0.0 0.0 0.0 0.0 
0.0 0.0 0.0 -0.3 -0.1 1.4 0.0 0.0 0.0 0.0 0.0 0.0 0.0 0.0 0.0 0.0 0.0 0.0 0.0 0.0 0.0 
0.0 0.0 0.0 -0.1 0.2 0.9 0.0 0.0 0.0 0.0 0.0 0.0 0.0 0.0 0.0 0.0 0.0 0.0 0.0 0.0 0.0 
0.0 0.0 0.0 -0.5 -0.4 0.9 0.4 0.6 0.0 0.0 0.0 0.0 0.0 0.0 0.0 0.0 0.0 0.0 0.0 0.0 0.0 
0.0 0.0 0.0 0.7 0.6 -1.3 -0.6 1.6 0.0 0.0 0.0 0.0 0.0 0.0 0.0 0.0 0.0 0.0 0.0 0.0 0.0 
0.0 0.0 0.0 -0.5 -0.4 0.9 -0.1 1.1 0.0 0.0 0.0 0.0 0.0 0.0 0.0 0.0 0.0 0.0 0.0 0.0 0.0 
0.0 0.0 0.0 -0.7 -0.7 1.4 0.0 0.0 0.4 0.6 0.0 0.0 0.0 0.0 0.0 0.0 0.0 0.0 0.0 0.0 0.0 
0.0 0.0 0.0 0.6 0.5 -1.1 0.0 0.0 -0.5 1.5 0.0 0.0 0.0 0.0 0.0 0.0 0.0 0.0 0.0 0.0 0.0 
0.0 0.0 0.0 24.4 21.9 -46.3 0.0 0.0 0.0 0.0 13.0 -12.0 0.0 0.0 0.0 0.0 0.0 0.0 0.0 0.0 0.0 
0.0 0.0 0.0 4.8 4.4 -9.2 0.0 0.0 0.0 0.0 3.5 -2.5 0.0 0.0 0.0 0.0 0.0 0.0 0.0 0.0 0.0 
0.0 0.0 0.0 1.3 1.1 -2.4 0.0 0.0 0.0 0.0 0.0 0.0 0.3 0.7 0.0 0.0 0.0 0.0 0.0 0.0 0.0 
0.0 0.0 0.0 3.4 3.1 -6.5 0.0 0.0 0.0 0.0 0.0 0.0 0.6 0.4 0.0 0.0 0.0 0.0 0.0 0.0 0.0 
0.0 0.0 0.0 -2.1 -1.9 4.0 0.0 0.0 0.0 0.0 0.0 0.0 0.0 0.0 -1.4 2.4 0.0 0.0 0.0 0.0 0.0 
0.0 0.0 0.0 -1.8 -1.7 3.5 0.0 0.0 0.0 0.0 0.0 0.0 0.0 0.0 -1.0 2.0 0.0 0.0 0.0 0.0 0.0 
0.0 0.0 0.0 -0.6 -0.5 1.1 0.0 0.0 0.0 0.0 0.0 0.0 0.0 0.0 0.0 0.0 1.2 -0.2 0.0 0.0 0.0 
0.0 0.0 0.0 -4.2 -3.8 7.9 0.0 0.0 0.0 0.0 0.0 0.0 0.0 0.0 0.0 0.0 2.9 -1.9 0.0 0.0 0.0 
0.0 0.0 0.0 3.5 3.1 -6.6 0.0 0.0 0.0 0.0 0.0 0.0 0.0 0.0 0.0 0.0 0.0 0.0 -0.5 1.5 0.0 
0.0 0.0 0.0 1.4 1.3 -2.7 0.0 0.0 0.0 0.0 0.0 0.0 0.0 0.0 0.0 0.0 0.0 0.0 -0.3 1.3 0.0 
-0.0 0.0 -0.0 84.7 76.2 -160.9 0.2 -0.1 -1.9 1.2 99.9 -97.9 62.5 -66.7 40.0 -34.5 59.6 -64.0 7.8 -5.9 0.6 
-0.0 0.0 -0.0 49.5 44.5 -94.0 0.1 -0.1 -1.1 0.8 60.8 -59.5 38.0 -40.6 24.3 -21.0 36.3 -38.9 4.8 -3.6 0.8 
-0.0 0.0 -0.0 -169.3 -152.4 321.7 0.1 -0.2 -1.0 1.7 28.4 -31.8 21.1 -11.5 30.6 -47.9 115.1 -95.2 22.3 -36.5 5.7 

0.0 -1.5 2.5 0.0 0.0 0.0 0.0 0.0 0.0 0.0 0.0 0.0 0.0 0.0 0.0 0.0 0.0 0.0 0.0 0.0 0.0 
0.0 0.0 0.0 -0.4 -0.1 1.5 0.0 0.0 0.0 0.0 0.0 0.0 0.0 0.0 0.0 0.0 0.0 0.0 0.0 0.0 0.0 
0.0 0.0 0.0 -0.3 0.2 1.1 0.0 0.0 0.0 0.0 0.0 0.0 0.0 0.0 0.0 0.0 0.0 0.0 0.0 0.0 0.0 
0.0 0.0 0.0 -0.6 -0.5 1.1 0.3 0.7 0.0 0.0 0.0 0.0 0.0 0.0 0.0 0.0 0.0 0.0 0.0 0.0 0.0 
0.0 0.0 0.0 0.6 0.5 -1.1 -0.8 1.8 0.0 0.0 0.0 0.0 0.0 0.0 0.0 0.0 0.0 0.0 0.0 0.0 0.0 
0.0 0.0 0.0 -0.6 -0.5 1.1 -0.2 1.2 0.0 0.0 0.0 0.0 0.0 0.0 0.0 0.0 0.0 0.0 0.0 0.0 0.0 
0.0 0.0 0.0 -0.7 -0.6 1.3 0.0 0.0 0.2 0.8 0.0 0.0 0.0 0.0 0.0 0.0 0.0 0.0 0.0 0.0 0.0 
0.0 0.0 0.0 0.6 0.6 -1.2 0.0 0.0 -0.7 1.7 0.0 0.0 0.0 0.0 0.0 0.0 0.0 0.0 0.0 0.0 0.0 
0.0 0.0 0.0 19.2 17.3 -36.5 0.0 0.0 0.0 0.0 10.5 -9.5 0.0 0.0 0.0 0.0 0.0 0.0 0.0 0.0 0.0 
0.0 0.0 0.0 -0.3 -0.3 0.6 0.0 0.0 0.0 0.0 1.0 0.0 0.0 0.0 0.0 0.0 0.0 0.0 0.0 0.0 0.0 
0.0 0.0 0.0 1.6 1.4 -3.0 0.0 0.0 0.0 0.0 0.0 0.0 1.0 0.0 0.0 0.0 0.0 0.0 0.0 0.0 0.0 
0.0 0.0 0.0 3.8 3.4 -7.1 0.0 0.0 0.0 0.0 0.0 0.0 1.2 -0.2 0.0 0.0 0.0 0.0 0.0 0.0 0.0 
0.0 0.0 0.0 -2.0 -1.8 3.8 0.0 0.0 0.0 0.0 0.0 0.0 0.0 0.0 -1.7 2.7 0.0 0.0 0.0 0.0 0.0 
0.0 0.0 0.0 -1.7 -1.6 3.3 0.0 0.0 0.0 0.0 0.0 0.0 0.0 0.0 -1.3 2.3 0.0 0.0 0.0 0.0 0.0 
0.0 0.0 0.0 -1.8 -1.6 3.4 0.0 0.0 0.0 0.0 0.0 0.0 0.0 0.0 0.0 0.0 1.8 -0.8 0.0 0.0 0.0 
0.0 0.0 0.0 -5.4 -4.9 10.3 0.0 0.0 0.0 0.0 0.0 0.0 0.0 0.0 0.0 0.0 3.5 -2.5 0.0 0.0 0.0 
0.0 0.0 0.0 3.5 3.1 -6.6 0.0 0.0 0.0 0.0 0.0 0.0 0.0 0.0 0.0 0.0 0.0 0.0 -0.6 1.6 0.0 
0.0 0.0 0.0 1.4 1.3 -2.7 0.0 0.0 0.0 0.0 0.0 0.0 0.0 0.0 0.0 0.0 0.0 0.0 -0.4 1.4 0.0 
-0.0 0.0 -0.0 78.4 70.5 -148.9 0.2 -0.1 -1.7 1.1 92.9 -91.0 58.2 -62.0 37.2 -32.1 55.4 -59.5 7.3 -5.5 0.6 
-0.0 0.0 -0.0 43.2 38.9 -82.0 0.1 -0.1 -1.0 0.7 53.8 -52.7 33.7 -35.9 21.5 -18.6 32.1 -34.5 4.2 -3.2 0.8 
-0.0 0.0 -0.0 -209.6 -188.7 398.3 0.0 -0.1 -0.4 1.4 -2.9 -1.3 2.5 8.7 19.8 -39.1 102.6 -81.1 21.3 -36.2 5.9 

0.0 -2.0 3.0 0.0 0.0 0.0 0.0 0.0 0.0 0.0 0.0 0.0 0.0 0.0 0.0 0.0 0.0 0.0 0.0 0.0 0.0 
0.0 0.0 0.0 -0.6 -0.1 1.7 0.0 0.0 0.0 0.0 0.0 0.0 0.0 0.0 0.0 0.0 0.0 0.0 0.0 0.0 0.0 
0.0 0.0 0.0 -0.5 0.3 1.3 0.0 0.0 0.0 0.0 0.0 0.0 0.0 0.0 0.0 0.0 0.0 0.0 0.0 0.0 0.0 
0.0 0.0 0.0 -0.7 -0.6 1.3 0.1 0.9 0.0 0.0 0.0 0.0 0.0 0.0 0.0 0.0 0.0 0.0 0.0 0.0 0.0 
0.0 0.0 0.0 0.5 0.4 -0.9 -0.9 1.9 0.0 0.0 0.0 0.0 0.0 0.0 0.0 0.0 0.0 0.0 0.0 0.0 0.0 
0.0 0.0 0.0 -0.7 -0.6 1.3 -0.4 1.4 0.0 0.0 0.0 0.0 0.0 0.0 0.0 0.0 0.0 0.0 0.0 0.0 0.0 
0.0 0.0 0.0 -0.6 -0.6 1.2 0.0 0.0 0.0 1.0 0.0 0.0 0.0 0.0 0.0 0.0 0.0 0.0 0.0 0.0 0.0 
0.0 0.0 0.0 0.7 0.6 -1.3 0.0 0.0 -0.9 1.9 0.0 0.0 0.0 0.0 0.0 0.0 0.0 0.0 0.0 0.0 0.0 
0.0 0.0 0.0 14.1 12.7 -26.7 0.0 0.0 0.0 0.0 8.0 -7.0 0.0 0.0 0.0 0.0 0.0 0.0 0.0 0.0 0.0 
0.0 0.0 0.0 -5.5 -4.9 10.4 0.0 0.0 0.0 0.0 -1.5 2.5 0.0 0.0 0.0 0.0 0.0 0.0 0.0 0.0 0.0 
0.0 0.0 0.0 1.9 1.7 -3.6 0.0 0.0 0.0 0.0 0.0 0.0 1.7 -0.7 0.0 0.0 0.0 0.0 0.0 0.0 0.0 
0.0 0.0 0.0 4.1 3.7 -7.7 0.0 0.0 0.0 0.0 0.0 0.0 1.9 -0.9 0.0 0.0 0.0 0.0 0.0 0.0 0.0 
0.0 0.0 0.0 -1.9 -1.7 3.6 0.0 0.0 0.0 0.0 0.0 0.0 0.0 0.0 -2.0 3.0 0.0 0.0 0.0 0.0 0.0 
0.0 0.0 0.0 -1.6 -1.5 3.1 0.0 0.0 0.0 0.0 0.0 0.0 0.0 0.0 -1.6 2.6 0.0 0.0 0.0 0.0 0.0 
0.0 0.0 0.0 -3.0 -2.7 5.8 0.0 0.0 0.0 0.0 0.0 0.0 0.0 0.0 0.0 0.0 2.5 -1.5 0.0 0.0 0.0 
0.0 0.0 0.0 -6.6 -6.0 12.6 0.0 0.0 0.0 0.0 0.0 0.0 0.0 0.0 0.0 0.0 4.2 -3.2 0.0 0.0 0.0 
0.0 0.0 0.0 3.5 3.1 -6.6 0.0 0.0 0.0 0.0 0.0 0.0 0.0 0.0 0.0 0.0 0.0 0.0 -0.8 1.8 0.0 
0.0 0.0 0.0 1.4 1.3 -2.7 0.0 0.0 0.0 0.0 0.0 0.0 0.0 0.0 0.0 0.0 0.0 0.0 -0.6 1.6 0.0 
-0.0 0.0 -0.0 72.1 64.9 -136.9 0.2 -0.1 -1.6 1.1 85.9 -84.2 53.8 -57.4 34.4 -29.7 51.3 -55.0 6.7 -5.1 0.7 
-0.0 0.0 -0.0 36.9 33.2 -70.0 0.1 -0.1 -0.9 0.6 46.8 -45.9 29.3 -31.3 18.7 -16.2 27.9 -30.0 3.7 -2.8 0.8 
0.0 -0.0 0.0 -249.9 -224.9 474.9 -0.1 -0.1 0.2 1.0 -34.1 29.2 -16.2 28.9 9.1 -30.4 90.2 -67.1 20.4 -36.0 6.0 

0.0 -2.5 3.5 0.0 0.0 0.0 0.0 0.0 0.0 0.0 0.0 0.0 0.0 0.0 0.0 0.0 0.0 0.0 0.0 0.0 0.0 
0.0 0.0 0.0 -0.8 -0.0 1.8 0.0 0.0 0.0 0.0 0.0 0.0 0.0 0.0 0.0 0.0 0.0 0.0 0.0 0.0 0.0 
0.0 0.0 0.0 -0.7 0.3 1.4 0.0 0.0 0.0 0.0 0.0 0.0 0.0 0.0 0.0 0.0 0.0 0.0 0.0 0.0 0.0 
0.0 0.0 0.0 -0.8 -0.7 1.5 -0.1 1.1 0.0 0.0 0.0 0.0 0.0 0.0 0.0 0.0 0.0 0.0 0.0 0.0 0.0 
0.0 0.0 0.0 0.3 0.3 -0.7 -1.1 2.1 0.0 0.0 0.0 0.0 0.0 0.0 0.0 0.0 0.0 0.0 0.0 0.0 0.0 
0.0 0.0 0.0 -0.8 -0.7 1.5 -0.6 1.6 0.0 0.0 0.0 0.0 0.0 0.0 0.0 0.0 0.0 0.0 0.0 0.0 0.0 
0.0 0.0 0.0 -0.6 -0.5 1.1 0.0 0.0 -0.2 1.2 0.0 0.0 0.0 0.0 0.0 0.0 0.0 0.0 0.0 0.0 0.0 
0.0 0.0 0.0 0.7 0.7 -1.4 0.0 0.0 -1.2 2.2 0.0 0.0 0.0 0.0 0.0 0.0 0.0 0.0 0.0 0.0 0.0 
0.0 0.0 0.0 8.9 8.0 -16.9 0.0 0.0 0.0 0.0 5.5 -4.5 0.0 0.0 0.0 0.0 0.0 0.0 0.0 0.0 0.0 
0.0 0.0 0.0 -10.6 -9.6 20.2 0.0 0.0 0.0 0.0 -4.0 5.0 0.0 0.0 0.0 0.0 0.0 0.0 0.0 0.0 0.0 
0.0 0.0 0.0 2.2 2.0 -4.2 0.0 0.0 0.0 0.0 0.0 0.0 2.3 -1.3 0.0 0.0 0.0 0.0 0.0 0.0 0.0 
0.0 0.0 0.0 4.4 3.9 -8.3 0.0 0.0 0.0 0.0 0.0 0.0 2.6 -1.6 0.0 0.0 0.0 0.0 0.0 0.0 0.0 
0.0 0.0 0.0 -1.8 -1.6 3.3 0.0 0.0 0.0 0.0 0.0 0.0 0.0 0.0 -2.3 3.3 0.0 0.0 0.0 0.0 0.0 
0.0 0.0 0.0 -1.5 -1.4 2.9 0.0 0.0 0.0 0.0 0.0 0.0 0.0 0.0 -1.9 2.9 0.0 0.0 0.0 0.0 0.0 
0.0 0.0 0.0 -4.3 -3.8 8.1 0.0 0.0 0.0 0.0 0.0 0.0 0.0 0.0 0.0 0.0 3.1 -2.1 0.0 0.0 0.0 
0.0 0.0 0.0 -7.9 -7.1 14.9 0.0 0.0 0.0 0.0 0.0 0.0 0.0 0.0 0.0 0.0 4.8 -3.8 0.0 0.0 0.0 
0.0 0.0 0.0 3.5 3.2 -6.7 0.0 0.0 0.0 0.0 0.0 0.0 0.0 0.0 0.0 0.0 0.0 0.0 -1.0 2.0 0.0 
0.0 0.0 0.0 1.4 1.3 -2.7 0.0 0.0 0.0 0.0 0.0 0.0 0.0 0.0 0.0 0.0 0.0 0.0 -0.7 1.7 0.0 
-0.0 0.0 -0.0 65.7 59.2 -124.9 0.2 -0.1 -1.5 1.0 78.9 -77.3 49.4 -52.7 31.6 -27.3 47.1 -50.6 6.2 -4.6 0.7 
-0.0 0.0 -0.0 30.5 27.5 -58.1 0.1 -0.1 -0.7 0.5 39.8 -39.0 24.9 -26.6 15.9 -13.8 23.8 -25.5 3.1 -2.3 0.8 
0.0 -0.0 0.0 -290.2 -261.2 551.4 -0.2 -0.1 0.8 0.7 -65.3 59.7 -34.9 49.1 -1.7 -21.6 77.8 -53.1 19.4 -35.8 6.2 

1.0
0.0
0.0
2.0
4.5
1.5
3.0
5.0
6.8
6.0
9.2
15.8
6.8
8.3
19.1
18.0
21.5
15.1
12.9
12.7
32.0
