0.0 0.3 0.7 0.0 0.0 0.0 0.0 0.0 
0.0 -6.3 7.3 0.0 0.0 0.0 0.0 0.0 
0.0 -16.3 17.3 0.0 0.0 0.0 0.0 0.0 
0.0 -236.3 237.3 0.0 0.0 0.0 0.0 0.0 
0.0 -117.6 117.6 0.0 0.0 0.0 -116.6 117.6 
0.0 -0.8 1.8 0.0 0.0 0.0 -1.1 1.1 
0.0 13.3 -13.3 0.0 0.0 0.0 1.0 0.0 
0.0 22.3 -22.3 0.0 0.0 0.0 0.0 1.0 

0.0 -0.7 1.7 0.0 0.0 0.0 0.0 0.0 
0.0 -7.3 8.3 0.0 0.0 0.0 0.0 0.0 
0.0 -17.3 18.3 0.0 0.0 0.0 0.0 0.0 
0.0 -237.3 238.3 0.0 0.0 0.0 0.0 0.0 
0.0 -116.6 116.6 0.0 0.0 0.0 -116.6 117.6 
0.0 -1.8 2.8 0.0 0.0 0.0 -1.1 1.1 
0.0 14.3 -14.3 0.0 0.0 0.0 1.0 0.0 
0.0 23.3 -23.3 0.0 0.0 0.0 0.0 1.0 

0.0 1.7 -0.7 0.0 0.0 0.0 0.0 0.0 
0.0 -5.0 6.0 0.0 0.0 0.0 0.0 0.0 
0.0 -15.0 16.0 0.0 0.0 0.0 0.0 0.0 
0.0 -235.0 236.0 0.0 0.0 0.0 0.0 0.0 
0.0 -119.0 119.0 0.0 0.0 0.0 -116.6 117.6 
0.0 0.6 0.5 0.0 0.0 0.0 -1.1 1.1 
0.0 12.0 -12.0 0.0 0.0 0.0 1.0 0.0 
0.0 21.0 -21.0 0.0 0.0 0.0 0.0 1.0 

0.0 1.0 0.0 0.0 0.0 0.0 0.0 0.0 
0.0 -5.7 6.7 0.0 0.0 0.0 0.0 0.0 
0.0 -15.7 16.7 0.0 0.0 0.0 0.0 0.0 
0.0 -235.7 236.7 0.0 0.0 0.0 0.0 0.0 
0.0 -118.3 118.3 0.0 0.0 0.0 -116.6 117.6 
0.0 -0.1 1.1 0.0 0.0 0.0 -1.1 1.1 
0.0 12.7 -12.7 0.0 0.0 0.0 1.0 0.0 
0.0 21.7 -21.7 0.0 0.0 0.0 0.0 1.0 

0.0 -0.3 1.3 0.0 0.0 0.0 0.0 0.0 
0.0 -7.0 8.0 0.0 0.0 0.0 0.0 0.0 
0.0 -17.0 18.0 0.0 0.0 0.0 0.0 0.0 
0.0 -237.0 238.0 0.0 0.0 0.0 0.0 0.0 
0.0 -117.0 117.0 0.0 0.0 0.0 -116.6 117.6 
0.0 -1.5 2.5 0.0 0.0 0.0 -1.1 1.1 
0.0 14.0 -14.0 0.0 0.0 0.0 1.0 0.0 
0.0 23.0 -23.0 0.0 0.0 0.0 0.0 1.0 

0.0 -1.3 2.3 0.0 0.0 0.0 0.0 0.0 
0.0 -8.0 9.0 0.0 0.0 0.0 0.0 0.0 
0.0 -18.0 19.0 0.0 0.0 0.0 0.0 0.0 
0.0 -238.0 239.0 0.0 0.0 0.0 0.0 0.0 
0.0 -116.0 116.0 0.0 0.0 0.0 -116.6 117.6 
0.0 -2.5 3.5 0.0 0.0 0.0 -1.1 1.1 
0.0 15.0 -15.0 0.0 0.0 0.0 1.0 0.0 
0.0 24.0 -24.0 0.0 0.0 0.0 0.0 1.0 

0.0 0.7 0.3 0.0 0.0 0.0 0.0 0.0 
0.0 -6.0 7.0 0.0 0.0 0.0 0.0 0.0 
0.0 -16.0 17.0 0.0 0.0 0.0 0.0 0.0 
0.0 -236.0 237.0 0.0 0.0 0.0 0.0 0.0 
0.0 -118.0 118.0 0.0 0.0 0.0 -116.6 117.6 
0.0 -0.5 1.5 0.0 0.0 0.0 -1.1 1.1 
0.0 13.0 -13.0 0.0 0.0 0.0 1.0 0.0 
0.0 22.0 -22.0 0.0 0.0 0.0 0.0 1.0 

1.0 0.0 0.0 0.0 0.0 0.0 0.0 0.0 
0.0 117.6 -117.6 0.0 1.0 0.0 117.6 -117.6 
0.0 117.6 -117.6 0.0 1.0 0.0 117.6 -117.6 
0.0 116.5 -116.5 0.0 1.0 0.0 116.5 -116.5 
0.0 -116.0 117.0 0.0 0.0 0.0 -117.7 117.7 
0.0 116.5 -116.5 0.0 1.0 0.0 116.5 -116.5 
0.0 117.7 -117.7 0.0 1.0 0.0 117.7 -117.7 
0.0 116.7 -116.7 0.0 1.0 0.0 116.7 -116.7 

0.0 0.0 1.0 0.0 0.0 0.0 0.0 0.0 
0.0 -6.7 7.7 0.0 0.0 0.0 0.0 0.0 
0.0 -16.7 17.7 0.0 0.0 0.0 0.0 0.0 
0.0 -236.7 237.7 0.0 0.0 0.0 0.0 0.0 
0.0 -117.3 117.3 0.0 0.0 0.0 -116.6 117.6 
0.0 -1.1 2.1 0.0 0.0 0.0 -1.1 1.1 
0.0 13.7 -13.7 0.0 0.0 0.0 1.0 0.0 
0.0 22.7 -22.7 0.0 0.0 0.0 0.0 1.0 

1.0 0.0 0.0 0.0 0.0 0.0 0.0 0.0 
0.0 1.6 -0.6 0.0 0.0 0.0 0.0 0.0 
0.0 1.5 -0.6 0.0 0.0 0.1 0.0 0.0 
0.0 1.5 -0.6 0.0 0.0 0.1 0.0 0.0 
0.0 0.0 0.0 0.0 1.0 0.0 0.0 0.0 
0.0 0.0 0.0 0.0 0.0 1.0 0.0 0.0 
0.0 1.7 -0.7 0.0 0.0 -0.1 -0.1 0.1 
0.0 0.8 0.3 0.0 0.0 -0.1 -1.1 1.1 

0.0 1.8 -0.9 0.1 0.0 0.0 0.0 0.0 
0.0 1.3 -0.7 0.4 0.0 0.0 0.0 0.0 
0.0 0.6 -0.4 0.8 0.0 0.0 0.0 0.0 
0.0 0.1 -0.2 1.1 0.0 0.0 0.0 0.0 
0.0 -115.0 114.8 0.1 0.0 0.2 -116.4 117.4 
0.0 -14.3 5.8 9.5 0.0 0.0 0.0 0.0 
0.0 -0.5 1.1 -0.7 0.0 0.0 1.0 0.0 
0.0 -0.7 1.8 -1.1 0.0 0.0 0.0 1.0 

0.0 1.7 -0.7 0.0 0.0 0.0 0.0 0.0 
0.0 1.2 -0.5 0.3 0.0 0.0 0.0 0.0 
0.0 0.5 -0.2 0.7 0.0 0.0 0.0 0.0 
0.0 0.0 0.0 1.0 0.0 0.0 0.0 0.0 
0.0 -114.9 114.6 0.2 0.0 0.2 -116.4 117.4 
0.0 -14.4 5.9 9.4 0.0 0.0 0.0 0.0 
0.0 -0.4 1.0 -0.6 0.0 0.0 1.0 0.0 
0.0 -0.7 1.7 -1.0 0.0 0.0 0.0 1.0 

1.0
2.0
5.0
71.0
7059.0
67.0
-2.0
55.0
