0.0 0.0 1.0 0.0 0.0 0.0 
0.0 30.0 -29.0 0.0 0.0 0.0 
0.0 20.0 -19.0 0.0 0.0 0.0 
0.0 -2.0 2.0 1.0 0.0 0.0 
0.0 290.0 -289.0 0.0 0.0 0.0 
0.0 -5.0 8.5 2.5 0.0 0.0 

0.0 1.5 -0.5 0.0 0.0 0.0 
0.0 31.5 -30.5 0.0 0.0 0.0 
0.0 21.5 -20.5 0.0 0.0 0.0 
0.0 -3.5 3.5 1.0 0.0 0.0 
0.0 291.5 -290.5 0.0 0.0 0.0 
0.0 -3.5 7.0 2.5 0.0 0.0 

0.0 -2.0 3.0 0.0 0.0 0.0 
0.0 28.0 -27.0 0.0 0.0 0.0 
0.0 18.0 -17.0 0.0 0.0 0.0 
0.0 0.0 0.0 1.0 0.0 0.0 
0.0 288.0 -287.0 0.0 0.0 0.0 
0.0 -7.0 10.5 2.5 0.0 0.0 

0.0 -1.0 2.0 0.0 0.0 0.0 
0.0 29.0 -28.0 0.0 0.0 0.0 
0.0 19.0 -18.0 0.0 0.0 0.0 
0.0 -1.0 1.0 1.0 0.0 0.0 
0.0 289.0 -288.0 0.0 0.0 0.0 
0.0 -6.0 9.5 2.5 0.0 0.0 

0.0 1.0 0.0 0.0 0.0 0.0 
0.0 31.0 -30.0 0.0 0.0 0.0 
0.0 21.0 -20.0 0.0 0.0 0.0 
0.0 -3.0 3.0 1.0 0.0 0.0 
0.0 291.0 -290.0 0.0 0.0 0.0 
0.0 -4.0 7.5 2.5 0.0 0.0 

0.0 2.5 -1.5 0.0 0.0 0.0 
0.0 32.5 -31.5 0.0 0.0 0.0 
0.0 22.5 -21.5 0.0 0.0 0.0 
0.0 -4.5 4.5 1.0 0.0 0.0 
0.0 292.5 -291.5 0.0 0.0 0.0 
0.0 -2.5 6.0 2.5 0.0 0.0 

0.0 -0.5 1.5 0.0 0.0 0.0 
0.0 29.5 -28.5 0.0 0.0 0.0 
0.0 19.5 -18.5 0.0 0.0 0.0 
0.0 -1.5 1.5 1.0 0.0 0.0 
0.0 289.5 -288.5 0.0 0.0 0.0 
0.0 -5.5 9.0 2.5 0.0 0.0 

1.0 0.0 0.0 0.0 0.0 0.0 
0.0 -1.0 1.5 1.5 0.0 0.0 
0.0 0.0 0.0 1.0 0.0 0.0 
0.0 -4.0 6.0 1.0 0.0 0.0 
0.0 -27.0 40.5 14.5 0.0 0.0 
0.0 -3.0 4.5 2.5 0.0 0.0 

0.0 0.5 0.5 0.0 0.0 0.0 
0.0 30.5 -29.5 0.0 0.0 0.0 
0.0 20.5 -19.5 0.0 0.0 0.0 
0.0 -2.5 2.5 1.0 0.0 0.0 
0.0 290.5 -289.5 0.0 0.0 0.0 
0.0 -4.5 8.0 2.5 0.0 0.0 

1.0 0.0 0.0 0.0 0.0 0.0 
0.0 -0.8 1.2 0.0 0.0 0.6 
0.0 -1.2 1.8 0.0 0.0 0.4 
0.0 0.0 0.0 1.0 0.0 0.0 
0.0 -1.0 1.5 0.0 0.0 0.5 
0.0 0.0 0.0 0.0 0.0 1.0 

0.0 -2.1 2.9 0.0 0.2 0.0 
0.0 0.4 -0.6 0.0 1.2 0.0 
0.0 -0.4 0.6 0.0 0.8 0.0 
0.0 0.1 0.1 1.0 -0.2 0.0 
0.0 0.0 0.0 0.0 1.0 0.0 
0.0 2.1 -2.9 0.0 1.8 0.0 

0.0 -2.0 3.0 0.0 0.0 0.0 
0.0 0.5 -0.5 0.0 1.0 0.0 
0.0 -0.3 0.7 0.0 0.7 0.0 
0.0 0.0 0.0 1.0 -0.0 0.0 
0.0 0.1 0.1 0.0 0.9 0.0 
0.0 2.1 -2.9 0.0 1.7 0.0 

1.0
6.0
4.0
4.0
58.0
10.0
