0.0 1.0 0.0 0.0 0.0 0.0 0.0 0.0 0.0 
0.0 0.9 0.0 0.1 0.0 0.0 0.0 0.0 0.0 
0.0 0.9 0.0 0.1 0.0 0.0 0.0 0.0 0.0 
0.0 -9.1 0.0 10.1 0.0 0.0 0.0 0.0 0.0 
0.0 0.0 0.0 -0.0 0.0 0.0 1.0 0.0 0.0 
0.0 1.0 0.0 0.0 0.0 0.0 -0.0 0.0 0.0 
0.0 0.0 0.0 -0.0 0.0 0.0 1.0 0.0 0.0 
0.0 0.1 0.0 -0.1 0.0 0.0 0.0 1.0 0.0 
0.0 -12.0 0.0 13.0 0.0 0.0 0.0 0.0 0.0 

0.0 1.0 0.0 0.0 0.0 0.0 0.0 0.0 0.0 
0.0 0.9 0.0 0.1 0.0 0.0 0.0 0.0 0.0 
0.0 0.9 0.0 0.1 0.0 0.0 0.0 0.0 0.0 
0.0 -9.1 0.0 10.1 0.0 0.0 0.0 0.0 0.0 
0.0 0.0 0.0 -0.0 0.0 0.0 1.0 0.0 0.0 
0.0 1.0 0.0 0.0 0.0 0.0 -0.0 0.0 0.0 
0.0 0.0 0.0 -0.0 0.0 0.0 1.0 0.0 0.0 
0.0 0.1 0.0 -0.1 0.0 0.0 0.0 1.0 0.0 
0.0 -12.0 0.0 13.0 0.0 0.0 0.0 0.0 0.0 

0.0 1.0 0.0 -0.0 0.0 0.0 0.0 0.0 0.0 
0.0 1.0 0.0 0.0 0.0 0.0 0.0 0.0 0.0 
0.0 0.9 0.0 0.1 0.0 0.0 0.0 0.0 0.0 
0.0 -9.0 0.0 10.0 0.0 0.0 0.0 0.0 0.0 
0.0 -0.0 0.0 0.0 0.0 0.0 1.0 0.0 0.0 
0.0 1.0 0.0 -0.0 0.0 0.0 -0.0 0.0 0.0 
0.0 0.0 0.0 -0.0 0.0 0.0 1.0 0.0 0.0 
0.0 0.0 0.0 -0.0 0.0 0.0 0.0 1.0 0.0 
0.0 -12.0 0.0 13.0 0.0 0.0 0.0 0.0 0.0 

0.0 1.0 0.0 -0.0 0.0 0.0 0.0 0.0 0.0 
0.0 1.0 0.0 0.0 0.0 0.0 0.0 0.0 0.0 
0.0 0.9 0.0 0.1 0.0 0.0 0.0 0.0 0.0 
0.0 -9.0 0.0 10.0 0.0 0.0 0.0 0.0 0.0 
0.0 -0.0 0.0 0.0 0.0 0.0 1.0 0.0 0.0 
0.0 1.0 0.0 -0.0 0.0 0.0 -0.0 0.0 0.0 
0.0 0.0 0.0 -0.0 0.0 0.0 1.0 0.0 0.0 
0.0 0.0 0.0 -0.0 0.0 0.0 0.0 1.0 0.0 
0.0 -12.0 0.0 13.0 0.0 0.0 0.0 0.0 0.0 

0.0 1.0 0.0 0.0 0.0 0.0 0.0 0.0 0.0 
0.0 0.9 0.0 0.1 0.0 0.0 0.0 0.0 0.0 
0.0 0.9 0.0 0.1 0.0 0.0 0.0 0.0 0.0 
0.0 -9.1 0.0 10.1 0.0 0.0 0.0 0.0 0.0 
0.0 0.0 0.0 -0.0 0.0 0.0 1.0 0.0 0.0 
0.0 1.0 0.0 0.0 0.0 0.0 -0.0 0.0 0.0 
0.0 0.0 0.0 -0.0 0.0 0.0 1.0 0.0 0.0 
0.0 0.1 0.0 -0.1 0.0 0.0 0.0 1.0 0.0 
0.0 -12.0 0.0 13.0 0.0 0.0 0.0 0.0 0.0 

0.0 1.0 0.0 0.0 0.0 0.0 0.0 0.0 0.0 
0.0 0.9 0.0 0.1 0.0 0.0 0.0 0.0 0.0 
0.0 0.9 0.0 0.1 0.0 0.0 0.0 0.0 0.0 
0.0 -9.1 0.0 10.1 0.0 0.0 0.0 0.0 0.0 
0.0 0.0 0.0 -0.0 0.0 0.0 1.0 0.0 0.0 
0.0 1.0 0.0 0.0 0.0 0.0 -0.0 0.0 0.0 
0.0 0.0 0.0 -0.0 0.0 0.0 1.0 0.0 0.0 
0.0 0.1 0.0 -0.1 0.0 0.0 0.0 1.0 0.0 
0.0 -12.0 0.0 13.0 0.0 0.0 0.0 0.0 0.0 

0.0 1.0 0.0 -0.0 0.0 0.0 0.0 0.0 0.0 
0.0 0.9 0.0 0.1 0.0 0.0 0.0 0.0 0.0 
0.0 0.9 0.0 0.1 0.0 0.0 0.0 0.0 0.0 
0.0 -9.1 0.0 10.1 0.0 0.0 0.0 0.0 0.0 
0.0 0.0 0.0 -0.0 0.0 0.0 1.0 0.0 0.0 
0.0 1.0 0.0 -0.0 0.0 0.0 -0.0 0.0 0.0 
0.0 0.0 0.0 -0.0 0.0 0.0 1.0 0.0 0.0 
0.0 0.1 0.0 -0.1 0.0 0.0 0.0 1.0 0.0 
0.0 -12.0 0.0 13.0 0.0 0.0 0.0 0.0 0.0 

1.0 0.0 0.0 0.0 0.0 0.0 0.0 0.0 0.0 
0.0 0.0 0.0 -0.0 1.0 0.0 0.0 -0.0 0.0 
0.0 0.0 0.0 -0.0 1.0 0.0 0.0 -0.0 0.0 
0.0 -0.0 0.0 0.0 1.0 0.0 -3.2 3.2 0.0 
0.0 1.0 0.0 -0.0 0.0 0.0 -0.1 0.1 0.0 
0.0 0.0 0.0 -0.0 1.0 0.0 0.0 -0.0 0.0 
0.0 0.0 0.0 -0.0 1.0 0.0 0.0 -0.0 0.0 
0.0 -0.0 0.0 0.0 1.0 0.0 -1.0 1.0 0.0 
0.0 -0.0 0.0 0.0 1.0 0.0 -4.1 4.1 0.0 

0.0 1.0 0.0 0.0 0.0 0.0 0.0 0.0 0.0 
0.0 0.9 0.0 0.1 0.0 0.0 0.0 0.0 0.0 
0.0 0.9 0.0 0.1 0.0 0.0 0.0 0.0 0.0 
0.0 -9.1 0.0 10.1 0.0 0.0 0.0 0.0 0.0 
0.0 0.0 0.0 -0.0 0.0 0.0 1.0 0.0 0.0 
0.0 1.0 0.0 0.0 0.0 0.0 -0.0 0.0 0.0 
0.0 0.0 0.0 -0.0 0.0 0.0 1.0 0.0 0.0 
0.0 0.1 0.0 -0.1 0.0 0.0 0.0 1.0 0.0 
0.0 -12.0 0.0 13.0 0.0 0.0 0.0 0.0 0.0 

1.0 0.0 0.0 0.0 0.0 0.0 0.0 0.0 0.0 
0.0 0.3 0.0 -0.0 0.0 0.7 0.0 0.0 0.0 
1.0 0.0 0.0 0.0 0.0 0.0 0.0 0.0 0.0 
0.0 -128.3 0.0 0.7 0.0 128.7 0.0 0.0 0.0 
0.0 0.0 0.0 0.0 1.0 0.0 0.0 0.0 0.0 
0.0 0.0 0.0 0.0 0.0 1.0 0.0 0.0 0.0 
0.0 -15.2 14.2 0.1 0.0 2.0 0.0 -0.0 -0.1 
0.0 -14.8 14.2 0.1 0.0 1.7 -1.0 1.0 -0.1 
0.0 -15.6 0.0 0.1 0.0 16.5 0.0 0.0 0.0 

0.0 0.0 1.0 0.0 0.0 0.0 0.0 0.0 0.0 
0.0 1.0 0.0 -0.0 0.0 0.0 0.0 0.0 0.0 
0.0 0.0 1.0 0.0 0.0 0.0 0.0 0.0 0.0 
0.0 -6.8 0.0 0.0 0.0 0.0 0.0 0.0 7.7 
0.0 0.0 0.0 0.0 0.0 0.0 1.0 0.0 -0.0 
0.0 0.9 0.0 -0.0 0.0 0.0 0.0 0.0 0.1 
0.0 0.0 0.0 0.0 0.0 0.0 1.0 0.0 -0.0 
0.0 0.0 0.0 0.0 0.0 0.0 0.0 1.0 -0.0 
0.0 0.0 0.0 0.0 0.0 0.0 0.0 0.0 1.0 

0.0 0.0 1.0 0.0 0.0 0.0 0.0 0.0 -0.0 
0.0 1.0 0.0 -0.0 0.0 0.0 0.0 0.0 0.0 
0.0 0.0 1.0 0.0 0.0 0.0 0.0 0.0 -0.0 
0.0 -6.8 0.0 0.0 0.0 0.0 0.0 0.0 7.7 
0.0 -0.0 0.0 0.0 0.0 0.0 1.0 0.0 -0.0 
0.0 0.9 0.0 -0.0 0.0 0.0 0.0 0.0 0.1 
0.0 0.0 0.0 0.0 0.0 0.0 1.0 0.0 -0.0 
0.0 0.0 0.0 0.0 0.0 0.0 0.0 1.0 -0.0 
0.0 0.0 0.0 0.0 0.0 0.0 0.0 0.0 1.0 

1.0
4.0
8.0
772.0
13.0
6.0
5.0
241.0
998.0
