0.0 -0.3 1.3 0.0 0.0 0.0 0.0 
0.0 -0.3 1.3 0.0 0.0 0.0 0.0 
0.0 -10.3 11.3 0.0 0.0 0.0 0.0 
0.0 -10.1 27.9 0.0 0.9 1.0 -18.8 
0.0 -1407.2 1427.5 0.0 1.0 0.0 -20.3 
0.0 268.3 -268.3 0.0 0.0 1.0 0.0 
0.0 -70.3 71.3 0.0 0.0 0.0 0.0 

0.0 -1.3 2.3 0.0 0.0 0.0 0.0 
0.0 -1.3 2.3 0.0 0.0 0.0 0.0 
0.0 -11.3 12.3 0.0 0.0 0.0 0.0 
0.0 -9.1 26.9 0.0 0.9 1.0 -18.8 
0.0 -1408.2 1428.5 0.0 1.0 0.0 -20.3 
0.0 269.3 -269.3 0.0 0.0 1.0 0.0 
0.0 -71.3 72.3 0.0 0.0 0.0 0.0 

0.0 1.0 0.0 0.0 0.0 0.0 0.0 
0.0 1.0 0.0 0.0 0.0 0.0 0.0 
0.0 -9.0 10.0 0.0 0.0 0.0 0.0 
0.0 -11.4 29.2 0.0 0.9 1.0 -18.8 
0.0 -1405.9 1426.2 0.0 1.0 0.0 -20.3 
0.0 267.0 -267.0 0.0 0.0 1.0 0.0 
0.0 -69.0 70.0 0.0 0.0 0.0 0.0 

0.0 0.3 0.7 0.0 0.0 0.0 0.0 
0.0 0.3 0.7 0.0 0.0 0.0 0.0 
0.0 -9.7 10.7 0.0 0.0 0.0 0.0 
0.0 -10.7 28.6 0.0 0.9 1.0 -18.8 
0.0 -1406.6 1426.9 0.0 1.0 0.0 -20.3 
0.0 267.7 -267.7 0.0 0.0 1.0 0.0 
0.0 -69.7 70.7 0.0 0.0 0.0 0.0 

0.0 -1.0 2.0 0.0 0.0 0.0 0.0 
0.0 -1.0 2.0 0.0 0.0 0.0 0.0 
0.0 -11.0 12.0 0.0 0.0 0.0 0.0 
0.0 -9.4 27.2 0.0 0.9 1.0 -18.8 
0.0 -1407.9 1428.2 0.0 1.0 0.0 -20.3 
0.0 269.0 -269.0 0.0 0.0 1.0 0.0 
0.0 -71.0 72.0 0.0 0.0 0.0 0.0 

0.0 -2.0 3.0 0.0 0.0 0.0 0.0 
0.0 -2.0 3.0 0.0 0.0 0.0 0.0 
0.0 -12.0 13.0 0.0 0.0 0.0 0.0 
0.0 -8.4 26.2 0.0 0.9 1.0 -18.8 
0.0 -1408.9 1429.2 0.0 1.0 0.0 -20.3 
0.0 270.0 -270.0 0.0 0.0 1.0 0.0 
0.0 -72.0 73.0 0.0 0.0 0.0 0.0 

0.0 0.0 1.0 0.0 0.0 0.0 0.0 
0.0 0.0 1.0 0.0 0.0 0.0 0.0 
0.0 -10.0 11.0 0.0 0.0 0.0 0.0 
0.0 -10.4 28.2 0.0 0.9 1.0 -18.8 
0.0 -1406.9 1427.2 0.0 1.0 0.0 -20.3 
0.0 268.0 -268.0 0.0 0.0 1.0 0.0 
0.0 -70.0 71.0 0.0 0.0 0.0 0.0 

1.0 0.0 0.0 0.0 0.0 0.0 0.0 
0.0 -19.5 0.5 1.0 -1.0 0.0 20.1 
0.0 -18.8 0.4 1.0 -0.9 0.0 19.3 
0.0 20.5 -0.5 0.0 1.0 0.0 -20.1 
0.0 108.7 -2.5 1.0 5.5 0.0 -111.7 
0.0 -40.8 0.9 1.0 -2.1 0.0 41.9 
0.0 -14.2 0.3 1.0 -0.7 0.0 14.6 

0.0 -0.7 1.7 0.0 0.0 0.0 0.0 
0.0 -0.7 1.7 0.0 0.0 0.0 0.0 
0.0 -10.7 11.7 0.0 0.0 0.0 0.0 
0.0 -9.7 27.6 0.0 0.9 1.0 -18.8 
0.0 -1407.6 1427.9 0.0 1.0 0.0 -20.3 
0.0 268.7 -268.7 0.0 0.0 1.0 0.0 
0.0 -70.7 71.7 0.0 0.0 0.0 0.0 

1.0 0.0 0.0 0.0 0.0 0.0 0.0 
0.0 1.0 0.0 0.0 0.0 0.0 0.0 
0.0 4.8 -8.9 0.3 -0.3 -0.3 5.4 
0.0 0.0 0.0 1.0 0.0 0.0 0.0 
0.0 73.4 -125.0 4.7 -2.8 -4.7 55.4 
0.0 -111.1 269.1 -10.2 8.3 10.2 -165.3 
0.0 3.5 -5.9 0.2 -0.2 -0.2 3.6 

0.0 0.9 -0.3 0.0 0.0 0.0 0.4 
0.0 0.9 -0.3 0.0 0.0 0.0 0.4 
0.0 -0.6 -0.2 0.0 0.0 0.0 1.8 
0.0 0.1 0.3 1.0 0.0 0.0 -0.4 
0.0 0.0 0.0 0.0 1.0 0.0 0.0 
0.0 14.2 28.4 0.0 0.0 1.0 -42.6 
0.0 -0.1 -0.2 0.0 0.0 0.0 1.4 

0.0 1.0 -0.0 0.0 0.0 0.0 0.1 
0.0 1.0 -0.0 0.0 0.0 0.0 0.1 
0.0 -0.5 0.0 0.0 0.0 0.0 1.5 
0.0 0.0 0.0 1.0 0.0 0.0 -0.1 
0.0 0.1 0.2 0.0 1.0 0.0 -0.4 
0.0 14.1 28.1 0.0 0.0 1.0 -42.2 
0.0 0.0 0.0 0.0 0.0 0.0 1.0 

1.0
0.0
3.0
77.0
506.0
-84.0
21.0
