0.0 0.0 1.0 0.0 0.0 
0.0 0.0 -9.0 10.0 0.0 
0.0 0.0 -39.0 40.0 0.0 
0.0 0.0 -49.0 50.0 0.0 
0.0 6.3 -29.2 22.9 1.0 

0.0 0.0 -2.0 3.0 0.0 
0.0 0.0 -12.0 13.0 0.0 
0.0 0.0 -42.0 43.0 0.0 
0.0 0.0 -52.0 53.0 0.0 
0.0 6.3 -32.2 25.9 1.0 

0.0 0.0 5.0 -4.0 0.0 
0.0 0.0 -5.0 6.0 0.0 
0.0 0.0 -35.0 36.0 0.0 
0.0 0.0 -45.0 46.0 0.0 
0.0 6.3 -25.2 18.9 1.0 

0.0 0.0 3.0 -2.0 0.0 
0.0 0.0 -7.0 8.0 0.0 
0.0 0.0 -37.0 38.0 0.0 
0.0 0.0 -47.0 48.0 0.0 
0.0 6.3 -27.2 20.9 1.0 

0.0 0.0 -1.0 2.0 0.0 
0.0 0.0 -11.0 12.0 0.0 
0.0 0.0 -41.0 42.0 0.0 
0.0 0.0 -51.0 52.0 0.0 
0.0 6.3 -31.2 24.9 1.0 

0.0 0.0 -4.0 5.0 0.0 
0.0 0.0 -14.0 15.0 0.0 
0.0 0.0 -44.0 45.0 0.0 
0.0 0.0 -54.0 55.0 0.0 
0.0 6.3 -34.2 27.9 1.0 

0.0 0.0 2.0 -1.0 0.0 
0.0 0.0 -8.0 9.0 0.0 
0.0 0.0 -38.0 39.0 0.0 
0.0 0.0 -48.0 49.0 0.0 
0.0 6.3 -28.2 21.9 1.0 

1.0 0.0 0.0 0.0 0.0 
0.0 0.9 -9.3 7.3 0.1 
0.0 3.6 -22.3 17.1 0.6 
0.0 4.5 -26.6 20.4 0.7 
0.0 6.3 -35.2 26.9 1.0 

0.0 0.0 0.0 1.0 0.0 
0.0 0.0 -10.0 11.0 0.0 
0.0 0.0 -40.0 41.0 0.0 
0.0 0.0 -50.0 51.0 0.0 
0.0 6.3 -30.2 23.9 1.0 

1.0 0.0 0.0 0.0 0.0 
1.0 0.0 0.0 0.0 0.0 
0.0 0.0 2.1 -1.7 0.6 
0.0 0.0 1.4 -1.1 0.7 
0.0 0.0 0.0 0.0 1.0 

0.0 8.0 -35.0 28.0 0.0 
0.0 8.0 -35.0 28.0 0.0 
0.0 44.0 -219.0 176.0 0.0 
0.0 53.0 -265.0 213.0 0.0 
0.0 71.0 -357.0 287.0 0.0 

0.0 1.0 0.0 0.0 0.0 
0.0 1.0 0.0 0.0 0.0 
0.0 37.0 -184.0 148.0 0.0 
0.0 46.0 -230.0 185.0 0.0 
0.0 64.0 -322.0 259.0 0.0 

1.0
1.0
4.0
5.0
7.0
