0.0 -399.3 399.3 1.0 
0.0 -236.4 236.4 1.0 
0.0 -237.4 237.4 1.0 
0.0 170.4 -170.4 1.0 

0.0 -399.3 399.3 1.0 
0.0 -236.4 236.4 1.0 
0.0 -237.4 237.4 1.0 
0.0 170.4 -170.4 1.0 

0.0 3.3 -2.3 0.0 
0.0 166.2 -165.2 0.0 
0.0 165.2 -164.2 0.0 
0.0 573.0 -572.0 0.0 

0.0 3.3 -2.3 0.0 
0.0 166.2 -165.2 0.0 
0.0 165.2 -164.2 0.0 
0.0 573.0 -572.0 0.0 

0.0 3.3 -2.3 0.0 
0.0 166.2 -165.2 0.0 
0.0 165.2 -164.2 0.0 
0.0 170.4 -170.4 1.0 

0.0 8.8 -7.8 0.0 
0.0 171.8 -170.8 0.0 
0.0 170.8 -169.8 0.0 
0.0 176.0 -176.0 1.0 

0.0 1.5 -0.5 0.0 
0.0 164.5 -163.5 0.0 
0.0 163.5 -162.5 0.0 
0.0 168.7 -168.7 1.0 

0.0 0.0 1.0 0.0 
0.0 163.0 -162.0 0.0 
0.0 162.0 -161.0 0.0 
0.0 167.5 -167.5 1.0 

0.0 1.0 0.0 0.0 
0.0 164.0 -163.0 0.0 
0.0 163.0 -162.0 0.0 
0.0 167.8 -167.8 1.0 

0.0 24.5 -23.5 0.0 
0.0 187.5 -186.5 0.0 
0.0 186.5 -185.5 0.0 
0.0 185.9 -185.9 1.0 

0.0 74.4 -73.4 0.0 
0.0 237.4 -236.4 0.0 
0.0 236.4 -235.4 0.0 
0.0 241.1 -241.1 1.0 

0.0 3.3 -2.3 0.0 
0.0 166.3 -165.3 0.0 
0.0 165.3 -164.3 0.0 
0.0 170.5 -170.5 1.0 

0.0 154.1 -153.1 0.0 
0.0 317.1 -316.1 0.0 
0.0 316.1 -315.1 0.0 
0.0 200.1 -200.1 1.0 

0.0 13.7 -12.7 0.0 
0.0 176.7 -175.7 0.0 
0.0 175.7 -174.7 0.0 
0.0 321.2 -321.2 1.0 

0.0 0.0 0.0 0.0 
0.0 163.0 -163.0 0.0 
0.0 162.0 -162.0 0.0 
0.0 180.8 -180.8 1.0 

0.0 0.0 0.0 0.0 
0.0 163.0 -163.0 0.0 
0.0 162.0 -162.0 0.0 
0.0 569.7 -569.7 0.0 

14406.0
13365.0
13283.0
46719.0
