0.0 0.0 1.0 0.0 0.0 0.0 0.0 0.0 0.0 
0.0 -93.0 -2.4 0.0 2.4 0.0 1.0 93.0 0.0 
0.0 0.0 21.0 0.0 -20.0 0.0 0.0 0.0 0.0 
0.0 0.0 41.0 0.0 -40.0 0.0 0.0 0.0 0.0 
0.0 0.0 11.0 0.0 -10.0 0.0 0.0 0.0 0.0 
0.0 350.0 1.0 0.0 0.0 0.0 0.0 -350.0 0.0 
0.0 0.0 -42.4 0.0 42.4 0.0 1.0 0.0 0.0 
0.0 -94.0 -2.4 0.0 2.4 0.0 1.0 94.0 0.0 
0.0 0.0 42156.0 0.0 -42155.0 0.0 0.0 0.0 0.0 

0.0 0.0 2.5 0.0 -1.5 0.0 0.0 0.0 0.0 
0.0 -93.0 -3.9 0.0 3.9 0.0 1.0 93.0 0.0 
0.0 0.0 22.5 0.0 -21.5 0.0 0.0 0.0 0.0 
0.0 0.0 42.5 0.0 -41.5 0.0 0.0 0.0 0.0 
0.0 0.0 12.5 0.0 -11.5 0.0 0.0 0.0 0.0 
0.0 350.0 2.5 0.0 -1.5 0.0 0.0 -350.0 0.0 
0.0 0.0 -43.9 0.0 43.9 0.0 1.0 0.0 0.0 
0.0 -94.0 -3.9 0.0 3.9 0.0 1.0 94.0 0.0 
0.0 0.0 42157.5 0.0 -42156.5 0.0 0.0 0.0 0.0 

0.0 0.0 -1.0 0.0 2.0 0.0 0.0 0.0 0.0 
0.0 -93.0 -0.4 0.0 0.4 0.0 1.0 93.0 0.0 
0.0 0.0 19.0 0.0 -18.0 0.0 0.0 0.0 0.0 
0.0 0.0 39.0 0.0 -38.0 0.0 0.0 0.0 0.0 
0.0 0.0 9.0 0.0 -8.0 0.0 0.0 0.0 0.0 
0.0 350.0 -1.0 0.0 2.0 0.0 0.0 -350.0 0.0 
0.0 0.0 -40.4 0.0 40.4 0.0 1.0 0.0 0.0 
0.0 -94.0 -0.4 0.0 0.4 0.0 1.0 94.0 0.0 
0.0 0.0 42154.0 0.0 -42153.0 0.0 0.0 0.0 0.0 

0.0 0.0 0.0 0.0 1.0 0.0 0.0 0.0 0.0 
0.0 -93.0 -1.4 0.0 1.4 0.0 1.0 93.0 0.0 
0.0 0.0 20.0 0.0 -19.0 0.0 0.0 0.0 0.0 
0.0 0.0 40.0 0.0 -39.0 0.0 0.0 0.0 0.0 
0.0 0.0 10.0 0.0 -9.0 0.0 0.0 0.0 0.0 
0.0 350.0 0.0 0.0 1.0 0.0 0.0 -350.0 0.0 
0.0 0.0 -41.4 0.0 41.4 0.0 1.0 0.0 0.0 
0.0 -94.0 -1.4 0.0 1.4 0.0 1.0 94.0 0.0 
0.0 0.0 42155.0 0.0 -42154.0 0.0 0.0 0.0 0.0 

0.0 0.0 2.0 0.0 -1.0 0.0 0.0 0.0 0.0 
0.0 -93.0 -3.4 0.0 3.4 0.0 1.0 93.0 0.0 
0.0 0.0 22.0 0.0 -21.0 0.0 0.0 0.0 0.0 
0.0 0.0 42.0 0.0 -41.0 0.0 0.0 0.0 0.0 
0.0 0.0 12.0 0.0 -11.0 0.0 0.0 0.0 0.0 
0.0 350.0 2.0 0.0 -1.0 0.0 0.0 -350.0 0.0 
0.0 0.0 -43.4 0.0 43.4 0.0 1.0 0.0 0.0 
0.0 -94.0 -3.4 0.0 3.4 0.0 1.0 94.0 0.0 
0.0 0.0 42157.0 0.0 -42156.0 0.0 0.0 0.0 0.0 

0.0 0.0 3.5 0.0 -2.5 0.0 0.0 0.0 0.0 
0.0 -93.0 -4.9 0.0 4.9 0.0 1.0 93.0 0.0 
0.0 0.0 23.5 0.0 -22.5 0.0 0.0 0.0 0.0 
0.0 0.0 43.5 0.0 -42.5 0.0 0.0 0.0 0.0 
0.0 0.0 13.5 0.0 -12.5 0.0 0.0 0.0 0.0 
0.0 350.0 3.5 0.0 -2.5 0.0 0.0 -350.0 0.0 
0.0 0.0 -44.9 0.0 44.9 0.0 1.0 0.0 0.0 
0.0 -94.0 -4.9 0.0 4.9 0.0 1.0 94.0 0.0 
0.0 0.0 42158.5 0.0 -42157.5 0.0 0.0 0.0 0.0 

0.0 0.0 0.5 0.0 0.5 0.0 0.0 0.0 0.0 
0.0 -93.0 -1.9 0.0 1.9 0.0 1.0 93.0 0.0 
0.0 0.0 20.5 0.0 -19.5 0.0 0.0 0.0 0.0 
0.0 0.0 40.5 0.0 -39.5 0.0 0.0 0.0 0.0 
0.0 0.0 10.5 0.0 -9.5 0.0 0.0 0.0 0.0 
0.0 350.0 0.5 0.0 0.5 0.0 0.0 -350.0 0.0 
0.0 0.0 -41.9 0.0 41.9 0.0 1.0 0.0 0.0 
0.0 -94.0 -1.9 0.0 1.9 0.0 1.0 94.0 0.0 
0.0 0.0 42155.5 0.0 -42154.5 0.0 0.0 0.0 0.0 

1.0 0.0 0.0 0.0 0.0 0.0 0.0 0.0 0.0 
0.0 2.0 -1.0 0.0 2.0 0.0 0.0 -2.0 0.0 
0.0 3.0 0.0 0.0 0.0 0.0 0.0 -2.0 0.0 
0.0 7.0 0.0 0.0 0.0 0.0 0.0 -6.0 0.0 
0.0 1.0 0.0 0.0 0.0 0.0 0.0 0.0 0.0 
0.0 349.0 0.0 0.0 0.0 0.0 0.0 -348.0 0.0 
0.0 86.0 0.0 0.0 0.0 0.0 0.0 -85.0 0.0 
0.0 1.0 -1.0 0.0 2.0 0.0 0.0 -1.0 0.0 
0.0 8430.0 0.0 0.0 0.0 0.0 0.0 -8429.0 0.0 

0.0 0.0 1.5 0.0 -0.5 0.0 0.0 0.0 0.0 
0.0 -93.0 -2.9 0.0 2.9 0.0 1.0 93.0 0.0 
0.0 0.0 21.5 0.0 -20.5 0.0 0.0 0.0 0.0 
0.0 0.0 41.5 0.0 -40.5 0.0 0.0 0.0 0.0 
0.0 0.0 11.5 0.0 -10.5 0.0 0.0 0.0 0.0 
0.0 350.0 1.5 0.0 -0.5 0.0 0.0 -350.0 0.0 
0.0 0.0 -42.9 0.0 42.9 0.0 1.0 0.0 0.0 
0.0 -94.0 -2.9 0.0 2.9 0.0 1.0 94.0 0.0 
0.0 0.0 42156.5 0.0 -42155.5 0.0 0.0 0.0 0.0 

1.0 0.0 0.0 0.0 0.0 0.0 0.0 0.0 0.0 
0.0 1.0 0.0 0.0 0.0 0.0 0.0 0.0 0.0 
0.0 0.0 -1.0 0.0 2.0 0.0 0.0 0.0 0.0 
1.0 0.0 0.0 0.0 0.0 0.0 0.0 0.0 0.0 
0.0 0.0 -1.0 0.0 2.0 0.0 0.0 0.0 0.0 
0.0 0.0 0.0 0.0 0.0 1.0 0.0 0.0 0.0 
0.0 94.0 0.0 0.0 0.0 0.0 0.0 -93.0 0.0 
0.0 0.0 0.0 0.0 0.0 0.0 0.0 1.0 0.0 
0.0 0.0 1.4 0.0 -2.8 2.4 0.0 0.0 0.0 

0.0 0.0 0.0 1.0 0.0 0.0 0.0 0.0 0.0 
0.0 -93.0 0.0 0.0 0.0 0.0 1.0 93.0 0.0 
0.0 0.0 -1.4 0.0 2.4 0.0 0.0 0.0 0.0 
0.0 0.0 0.0 1.0 0.0 0.0 0.0 0.0 0.0 
0.0 0.0 -1.4 0.0 2.4 0.0 0.0 0.0 0.0 
0.0 0.0 -1.0 0.0 1.6 0.0 0.0 0.0 0.4 
0.0 0.0 0.0 0.0 0.0 0.0 1.0 0.0 0.0 
0.0 -94.0 0.0 0.0 0.0 0.0 1.0 94.0 0.0 
0.0 0.0 -0.4 0.0 0.4 0.0 0.0 0.0 1.0 

0.0 0.0 0.4 1.0 -0.4 0.0 0.0 0.0 -0.0 
0.0 -93.0 -0.4 0.0 0.4 0.0 1.0 93.0 0.0 
0.0 0.0 -1.1 0.0 2.0 0.0 0.0 0.0 0.0 
0.0 0.0 0.4 1.0 -0.4 0.0 0.0 0.0 -0.0 
0.0 0.0 -1.1 0.0 2.1 0.0 0.0 0.0 0.0 
0.0 0.0 -0.6 0.0 1.2 0.0 0.0 0.0 0.4 
0.0 0.0 -0.4 0.0 0.4 0.0 1.0 0.0 0.0 
0.0 -94.0 -0.4 0.0 0.4 0.0 1.0 94.0 0.0 
0.0 0.0 0.0 0.0 0.0 0.0 0.0 0.0 1.0 

1.0
2.0
4.0
8.0
2.0
350.0
87.0
1.0
8431.0
