0.0 1.7 -0.7 0.0 0.0 0.0 
0.0 -18.3 19.3 0.0 0.0 0.0 
0.0 -28.3 29.3 0.0 0.0 0.0 
0.0 -168.3 169.3 0.0 0.0 0.0 
0.0 1.7 -0.7 0.0 0.0 0.0 
0.0 1.3 -1.3 0.0 0.0 1.0 

0.0 0.7 0.3 0.0 0.0 0.0 
0.0 -19.3 20.3 0.0 0.0 0.0 
0.0 -29.3 30.3 0.0 0.0 0.0 
0.0 -169.3 170.3 0.0 0.0 0.0 
0.0 0.7 0.3 0.0 0.0 0.0 
0.0 2.3 -2.3 0.0 0.0 1.0 

0.0 3.0 -2.0 0.0 0.0 0.0 
0.0 -17.0 18.0 0.0 0.0 0.0 
0.0 -27.0 28.0 0.0 0.0 0.0 
0.0 -167.0 168.0 0.0 0.0 0.0 
0.0 3.0 -2.0 0.0 0.0 0.0 
0.0 0.0 0.0 0.0 0.0 1.0 

0.0 2.3 -1.3 0.0 0.0 0.0 
0.0 -17.7 18.7 0.0 0.0 0.0 
0.0 -27.7 28.7 0.0 0.0 0.0 
0.0 -167.7 168.7 0.0 0.0 0.0 
0.0 2.4 -1.4 0.0 0.0 0.0 
0.0 0.7 -0.7 0.0 0.0 1.0 

0.0 1.0 0.0 0.0 0.0 0.0 
0.0 -19.0 20.0 0.0 0.0 0.0 
0.0 -29.0 30.0 0.0 0.0 0.0 
0.0 -169.0 170.0 0.0 0.0 0.0 
0.0 1.0 -0.0 0.0 0.0 0.0 
0.0 2.0 -2.0 0.0 0.0 1.0 

0.0 0.0 1.0 0.0 0.0 0.0 
0.0 -20.0 21.0 0.0 0.0 0.0 
0.0 -30.0 31.0 0.0 0.0 0.0 
0.0 -170.0 171.0 0.0 0.0 0.0 
0.0 0.0 1.0 0.0 0.0 0.0 
0.0 3.0 -3.0 0.0 0.0 1.0 

0.0 2.0 -1.0 0.0 0.0 0.0 
0.0 -18.0 19.0 0.0 0.0 0.0 
0.0 -28.0 29.0 0.0 0.0 0.0 
0.0 -168.0 169.0 0.0 0.0 0.0 
0.0 2.0 -1.0 0.0 0.0 0.0 
0.0 1.0 -1.0 0.0 0.0 1.0 

1.0 0.0 0.0 0.0 0.0 0.0 
0.0 -3.0 2.0 0.0 0.0 0.0 
0.0 -3.0 2.0 0.0 0.0 0.0 
0.0 -3.0 2.0 0.0 0.0 0.0 
0.0 -3.0 2.0 0.0 0.0 0.0 
0.0 6.0 -4.0 0.0 0.0 1.0 

0.0 1.3 -0.3 0.0 0.0 0.0 
0.0 -18.7 19.7 0.0 0.0 0.0 
0.0 -28.7 29.7 0.0 0.0 0.0 
0.0 -168.7 169.7 0.0 0.0 0.0 
0.0 1.4 -0.4 0.0 0.0 0.0 
0.0 1.7 -1.7 0.0 0.0 1.0 

1.0 0.0 0.0 0.0 0.0 0.0 
0.0 2.7 -1.8 0.0 0.1 0.0 
0.0 2.5 -1.7 0.0 0.2 0.0 
0.0 2.7 -1.8 0.0 0.1 0.0 
0.0 0.0 0.0 0.0 1.0 0.0 
0.0 0.0 0.0 0.0 0.0 1.0 

0.0 2.5 -1.7 0.2 -0.0 0.0 
0.0 -0.8 0.4 1.3 0.0 0.0 
0.0 -2.6 1.6 1.9 0.0 0.0 
0.0 -0.2 0.1 1.2 0.0 0.0 
0.0 -29.3 19.6 10.7 0.0 0.0 
0.0 0.2 -0.1 -0.2 0.0 1.0 

0.0 2.7 -1.7 0.0 -0.0 0.0 
0.0 -0.6 0.4 1.2 0.0 0.0 
0.0 -2.4 1.6 1.8 0.0 0.0 
0.0 0.0 0.0 1.0 0.0 0.0 
0.0 -29.1 19.5 10.6 0.0 0.0 
0.0 0.0 -0.0 -0.0 0.0 1.0 

1.0
6.0
9.0
51.0
54.0
6260.0
