0.0 0.0 1.0 0.0 0.0 0.0 0.0 0.0 0.0 0.0 
0.0 0.0 1.0 0.0 -0.1 0.1 0.0 0.0 0.0 0.0 
0.0 0.0 0.1 0.0 0.9 0.0 0.0 0.0 0.0 0.0 
0.0 0.0 -1.4 0.0 2.4 0.0 0.0 0.0 0.0 0.0 
0.0 0.0 -9.9 0.0 10.9 0.0 0.0 0.0 0.0 0.0 
0.0 0.0 -8.9 0.0 8.9 1.0 0.0 0.0 0.0 0.0 
0.0 0.0 -1164.0 0.0 1165.0 0.0 0.0 0.0 0.0 0.0 
0.0 0.0 70.5 0.0 -70.5 0.0 0.0 1.0 0.0 0.0 
0.0 0.0 -18.8 0.0 -75.2 93.9 0.0 1.0 0.0 0.0 
0.0 0.0 -526.9 0.0 -3958.7 4486.6 0.0 0.0 0.0 0.0 

0.0 0.0 0.9 0.0 0.1 0.0 0.0 0.0 0.0 0.0 
0.0 0.0 0.9 0.0 0.0 0.1 0.0 0.0 0.0 0.0 
0.0 0.0 0.0 0.0 1.0 0.0 0.0 0.0 0.0 0.0 
0.0 0.0 -1.5 0.0 2.5 0.0 0.0 0.0 0.0 0.0 
0.0 0.0 -10.0 0.0 11.0 0.0 0.0 0.0 0.0 0.0 
0.0 0.0 -8.9 0.0 8.9 1.0 0.0 0.0 0.0 0.0 
0.0 0.0 -1164.1 0.0 1165.1 0.0 0.0 0.0 0.0 0.0 
0.0 0.0 70.6 0.0 -70.6 0.0 0.0 1.0 0.0 0.0 
0.0 0.0 -18.7 0.0 -75.3 93.9 0.0 1.0 0.0 0.0 
0.0 0.0 -526.9 0.0 -3958.6 4486.6 0.0 0.0 0.0 0.0 

0.0 0.0 1.1 0.0 -0.1 0.0 0.0 0.0 0.0 0.0 
0.0 0.0 1.1 0.0 -0.2 0.1 0.0 0.0 0.0 0.0 
0.0 0.0 0.2 0.0 0.8 0.0 0.0 0.0 0.0 0.0 
0.0 0.0 -1.3 0.0 2.3 0.0 0.0 0.0 0.0 0.0 
0.0 0.0 -9.8 0.0 10.8 0.0 0.0 0.0 0.0 0.0 
0.0 0.0 -8.7 0.0 8.7 1.0 0.0 0.0 0.0 0.0 
0.0 0.0 -1163.9 0.0 1164.9 0.0 0.0 0.0 0.0 0.0 
0.0 0.0 70.4 0.0 -70.4 0.0 0.0 1.0 0.0 0.0 
0.0 0.0 -18.9 0.0 -75.1 93.9 0.0 1.0 0.0 0.0 
0.0 0.0 -526.7 0.0 -3958.8 4486.6 0.0 0.0 0.0 0.0 

0.0 0.0 1.0 0.0 -0.0 0.0 0.0 0.0 0.0 0.0 
0.0 0.0 1.0 0.0 -0.1 0.1 0.0 0.0 0.0 0.0 
0.0 0.0 0.1 0.0 0.9 0.0 0.0 0.0 0.0 0.0 
0.0 0.0 -1.3 0.0 2.3 0.0 0.0 0.0 0.0 0.0 
0.0 0.0 -9.9 0.0 10.9 0.0 0.0 0.0 0.0 0.0 
0.0 0.0 -8.8 0.0 8.8 1.0 0.0 0.0 0.0 0.0 
0.0 0.0 -1164.0 0.0 1165.0 0.0 0.0 0.0 0.0 0.0 
0.0 0.0 70.5 0.0 -70.5 0.0 0.0 1.0 0.0 0.0 
0.0 0.0 -18.8 0.0 -75.1 93.9 0.0 1.0 0.0 0.0 
0.0 0.0 -526.8 0.0 -3958.8 4486.6 0.0 0.0 0.0 0.0 

0.0 0.0 0.9 0.0 0.1 0.0 0.0 0.0 0.0 0.0 
0.0 0.0 0.9 0.0 -0.0 0.1 0.0 0.0 0.0 0.0 
0.0 0.0 0.0 0.0 1.0 0.0 0.0 0.0 0.0 0.0 
0.0 0.0 -1.4 0.0 2.4 0.0 0.0 0.0 0.0 0.0 
0.0 0.0 -10.0 0.0 11.0 0.0 0.0 0.0 0.0 0.0 
0.0 0.0 -8.9 0.0 8.9 1.0 0.0 0.0 0.0 0.0 
0.0 0.0 -1164.1 0.0 1165.1 0.0 0.0 0.0 0.0 0.0 
0.0 0.0 70.6 0.0 -70.6 0.0 0.0 1.0 0.0 0.0 
0.0 0.0 -18.7 0.0 -75.2 93.9 0.0 1.0 0.0 0.0 
0.0 0.0 -526.9 0.0 -3958.7 4486.6 0.0 0.0 0.0 0.0 

0.0 0.0 0.8 0.0 0.2 0.0 0.0 0.0 0.0 0.0 
0.0 0.0 0.8 0.0 0.1 0.1 0.0 0.0 0.0 0.0 
0.0 0.0 -0.1 0.0 1.1 0.0 0.0 0.0 0.0 0.0 
0.0 0.0 -1.5 0.0 2.5 0.0 0.0 0.0 0.0 0.0 
0.0 0.0 -10.1 0.0 11.1 0.0 0.0 0.0 0.0 0.0 
0.0 0.0 -9.0 0.0 9.0 1.0 0.0 0.0 0.0 0.0 
0.0 0.0 -1164.2 0.0 1165.2 0.0 0.0 0.0 0.0 0.0 
0.0 0.0 70.7 0.0 -70.7 0.0 0.0 1.0 0.0 0.0 
0.0 0.0 -18.6 0.0 -75.3 93.9 0.0 1.0 0.0 0.0 
0.0 0.0 -527.0 0.0 -3958.6 4486.6 0.0 0.0 0.0 0.0 

0.0 0.0 1.0 0.0 0.0 0.0 0.0 0.0 0.0 0.0 
0.0 0.0 1.0 0.0 -0.1 0.1 0.0 0.0 0.0 0.0 
0.0 0.0 0.1 0.0 0.9 0.0 0.0 0.0 0.0 0.0 
0.0 0.0 -1.4 0.0 2.4 0.0 0.0 0.0 0.0 0.0 
0.0 0.0 -9.9 0.0 10.9 0.0 0.0 0.0 0.0 0.0 
0.0 0.0 -8.8 0.0 8.8 1.0 0.0 0.0 0.0 0.0 
0.0 0.0 -1164.0 0.0 1165.0 0.0 0.0 0.0 0.0 0.0 
0.0 0.0 70.5 0.0 -70.5 0.0 0.0 1.0 0.0 0.0 
0.0 0.0 -18.8 0.0 -75.2 93.9 0.0 1.0 0.0 0.0 
0.0 0.0 -526.8 0.0 -3958.7 4486.6 0.0 0.0 0.0 0.0 

1.0 0.0 0.0 0.0 0.0 0.0 0.0 0.0 0.0 0.0 
0.0 0.0 11.1 0.0 82.9 -93.9 0.0 0.0 1.0 0.0 
0.0 0.0 11.1 0.0 82.9 -94.0 0.0 0.0 1.0 0.0 
0.0 0.0 11.0 0.0 82.8 -93.9 0.0 0.0 1.0 0.0 
0.0 0.0 11.0 0.0 82.4 -93.4 0.0 0.0 1.0 0.0 
0.0 0.0 10.9 0.0 81.6 -92.4 0.0 0.0 1.0 0.0 
0.0 0.0 2.7 0.0 20.6 -23.3 0.0 0.0 1.0 0.0 
0.0 0.0 11.6 0.0 87.1 -98.7 0.0 0.0 1.0 0.0 
0.0 0.0 -10.0 0.0 -83.1 94.0 0.0 0.0 0.0 0.0 
0.0 0.0 -516.8 0.0 -3875.8 4392.5 0.0 0.0 1.0 0.0 

0.0 0.0 0.9 0.0 0.1 0.0 0.0 0.0 0.0 0.0 
0.0 0.0 0.9 0.0 -0.0 0.1 0.0 0.0 0.0 0.0 
0.0 0.0 0.1 0.0 0.9 0.0 0.0 0.0 0.0 0.0 
0.0 0.0 -1.4 0.0 2.4 0.0 0.0 0.0 0.0 0.0 
0.0 0.0 -9.9 0.0 10.9 0.0 0.0 0.0 0.0 0.0 
0.0 0.0 -8.9 0.0 8.9 1.0 0.0 0.0 0.0 0.0 
0.0 0.0 -1164.1 0.0 1165.1 0.0 0.0 0.0 0.0 0.0 
0.0 0.0 70.6 0.0 -70.6 0.0 0.0 1.0 0.0 0.0 
0.0 0.0 -18.7 0.0 -75.2 93.9 0.0 1.0 0.0 0.0 
0.0 0.0 -526.9 0.0 -3958.7 4486.6 0.0 0.0 0.0 0.0 

1.0 0.0 0.0 0.0 0.0 0.0 0.0 0.0 0.0 0.0 
0.0 1.0 0.0 0.0 0.0 0.0 0.0 0.0 0.0 0.0 
0.0 0.5 0.5 0.0 -0.0 0.0 0.0 0.0 0.0 0.0 
1.0 0.0 0.0 0.0 0.0 0.0 0.0 0.0 0.0 0.0 
0.0 6.2 -5.6 0.0 0.5 0.0 0.0 0.0 0.0 0.0 
0.0 5.5 -5.0 0.0 -0.5 1.0 0.0 0.0 0.0 0.0 
0.0 66.0 -70.7 0.0 5.7 0.0 0.0 0.0 0.0 0.0 
0.0 3.2 525.0 0.0 3963.4 -4491.6 0.0 0.0 0.0 1.0 
0.0 0.0 0.0 0.0 0.0 0.0 0.0 0.0 1.0 0.0 
0.0 0.0 0.0 0.0 0.0 0.0 0.0 0.0 0.0 1.0 

0.0 0.0 0.0 1.0 0.0 0.0 0.0 0.0 0.0 0.0 
0.0 0.0 1.1 0.0 -0.1 0.0 0.0 0.0 0.0 0.0 
0.0 0.0 1.1 0.0 -0.1 0.0 0.0 0.0 0.0 0.0 
0.0 0.0 0.0 1.0 0.0 0.0 0.0 0.0 0.0 0.0 
0.0 0.0 1.0 0.0 -0.1 0.0 0.1 0.0 0.0 0.0 
0.0 0.0 0.9 0.0 -1.0 1.0 0.1 0.0 0.0 0.0 
0.0 0.0 0.0 0.0 -0.0 0.0 1.0 0.0 0.0 0.0 
0.0 0.0 -7.1 0.0 7.8 0.0 -0.7 1.0 0.0 0.0 
0.0 0.0 -0.0 0.0 0.0 0.0 -0.0 0.0 1.0 0.0 
0.0 0.0 -535.5 0.0 -3955.4 4491.6 -0.7 1.0 0.0 0.0 

0.0 0.0 -0.0 1.0 0.0 0.0 -0.0 0.0 0.0 0.0 
0.0 0.0 1.1 0.0 -0.1 0.0 0.0 0.0 0.0 0.0 
0.0 0.0 1.1 0.0 -0.1 0.0 0.0 0.0 0.0 0.0 
0.0 0.0 -0.0 1.0 0.0 0.0 -0.0 0.0 0.0 0.0 
0.0 0.0 1.0 0.0 -0.1 0.0 0.1 0.0 0.0 0.0 
0.0 0.0 0.9 0.0 -1.0 1.0 0.1 0.0 0.0 0.0 
0.0 0.0 0.0 0.0 0.0 0.0 1.0 0.0 0.0 0.0 
0.0 0.0 -7.1 0.0 7.8 0.0 -0.7 1.0 0.0 0.0 
0.0 0.0 -0.0 0.0 0.0 0.0 -0.0 0.0 1.0 0.0 
0.0 0.0 -535.5 0.0 -3955.4 4491.6 -0.7 1.0 0.0 0.0 

1.0
6.0
3.0
8.0
37.0
89.0
3961.0
-261.0
5266.0
251248.0
