0.0 0.8 0.3 0.0 0.0 0.0 
0.0 -6.8 7.8 0.0 0.0 0.0 
0.0 -16.8 17.8 0.0 0.0 0.0 
0.0 1.0 -1.0 1.0 0.0 0.0 
0.0 -119.3 120.3 0.0 0.0 0.0 
0.0 4.8 -1.5 2.3 0.0 0.0 

0.0 0.0 1.0 0.0 0.0 0.0 
0.0 -7.5 8.5 0.0 0.0 0.0 
0.0 -17.5 18.5 0.0 0.0 0.0 
0.0 1.8 -1.8 1.0 0.0 0.0 
0.0 -120.0 121.0 0.0 0.0 0.0 
0.0 4.1 -0.8 2.3 0.0 0.0 

0.0 1.8 -0.8 0.0 0.0 0.0 
0.0 -5.8 6.8 0.0 0.0 0.0 
0.0 -15.8 16.8 0.0 0.0 0.0 
0.0 0.0 0.0 1.0 0.0 0.0 
0.0 -118.3 119.3 0.0 0.0 0.0 
0.0 5.8 -2.5 2.3 0.0 0.0 

0.0 1.3 -0.3 0.0 0.0 0.0 
0.0 -6.3 7.3 0.0 0.0 0.0 
0.0 -16.3 17.3 0.0 0.0 0.0 
0.0 0.5 -0.5 1.0 0.0 0.0 
0.0 -118.8 119.8 0.0 0.0 0.0 
0.0 5.3 -2.0 2.3 0.0 0.0 

0.0 0.3 0.8 0.0 0.0 0.0 
0.0 -7.3 8.3 0.0 0.0 0.0 
0.0 -17.3 18.3 0.0 0.0 0.0 
0.0 1.5 -1.5 1.0 0.0 0.0 
0.0 -119.8 120.8 0.0 0.0 0.0 
0.0 4.3 -1.0 2.3 0.0 0.0 

0.0 -0.5 1.5 0.0 0.0 0.0 
0.0 -8.0 9.0 0.0 0.0 0.0 
0.0 -18.0 19.0 0.0 0.0 0.0 
0.0 2.3 -2.3 1.0 0.0 0.0 
0.0 -120.5 121.5 0.0 0.0 0.0 
0.0 3.6 -0.3 2.3 0.0 0.0 

0.0 1.0 0.0 0.0 0.0 0.0 
0.0 -6.5 7.5 0.0 0.0 0.0 
0.0 -16.5 17.5 0.0 0.0 0.0 
0.0 0.8 -0.8 1.0 0.0 0.0 
0.0 -119.0 120.0 0.0 0.0 0.0 
0.0 5.1 -1.8 2.3 0.0 0.0 

1.0 0.0 0.0 0.0 0.0 0.0 
0.0 0.0 0.0 1.0 0.0 0.0 
0.0 2.3 -1.0 2.3 0.0 0.0 
0.0 3.5 -1.5 1.0 0.0 0.0 
0.0 26.3 -11.3 16.0 0.0 0.0 
0.0 2.3 -1.0 2.3 0.0 0.0 

0.0 0.5 0.5 0.0 0.0 0.0 
0.0 -7.0 8.0 0.0 0.0 0.0 
0.0 -17.0 18.0 0.0 0.0 0.0 
0.0 1.3 -1.3 1.0 0.0 0.0 
0.0 -119.5 120.5 0.0 0.0 0.0 
0.0 4.6 -1.3 2.3 0.0 0.0 

1.0 0.0 0.0 0.0 0.0 0.0 
0.0 1.0 -0.4 0.0 0.0 0.4 
0.0 0.0 0.0 0.0 0.0 1.0 
0.0 0.0 0.0 1.0 0.0 0.0 
0.0 0.8 -0.3 0.0 0.0 0.6 
0.0 0.0 0.0 0.0 0.0 1.0 

0.0 2.3 -0.9 0.4 0.2 -0.2 
0.0 0.4 -0.2 0.0 0.8 0.0 
0.0 -1.2 0.6 0.0 1.6 0.0 
0.0 0.1 0.0 1.0 -0.2 0.0 
0.0 0.0 0.0 0.0 1.0 0.0 
0.0 -1.2 0.6 0.0 1.6 0.0 

0.0 2.4 -0.9 0.4 0.0 -0.2 
0.0 0.5 -0.2 0.0 0.6 0.0 
0.0 -1.1 0.6 0.0 1.5 0.0 
0.0 0.0 0.0 1.0 -0.0 0.0 
0.0 0.1 0.0 0.0 0.8 0.0 
0.0 -1.1 0.6 0.0 1.5 0.0 

1.0
3.0
7.0
3.0
48.0
7.0
