0.0 0.0 1.0 0.0 0.0 0.0 0.0 0.0 0.0 0.0 0.0 0.0 0.0 0.0 0.0 0.0 0.0 0.0 0.0 0.0 0.0 0.0 0.0 0.0 
0.0 0.0 0.0 0.8 0.6 -0.4 0.0 0.0 0.0 0.0 0.0 0.0 0.0 0.0 0.0 0.0 0.0 0.0 0.0 0.0 0.0 0.0 0.0 0.0 
0.0 0.0 0.0 0.6 1.0 -0.6 0.0 0.0 0.0 0.0 0.0 0.0 0.0 0.0 0.0 0.0 0.0 0.0 0.0 0.0 0.0 0.0 0.0 0.0 
0.0 0.0 0.0 -1.2 1.1 0.1 4.1 -3.1 0.0 0.0 0.0 0.0 0.0 0.0 0.0 0.0 0.0 0.0 0.0 0.0 0.0 0.0 0.0 0.0 
0.0 0.0 0.0 -2.3 2.1 0.2 4.2 -3.2 0.0 0.0 0.0 0.0 0.0 0.0 0.0 0.0 0.0 0.0 0.0 0.0 0.0 0.0 0.0 0.0 
0.0 0.0 0.0 -0.4 0.4 0.0 3.0 -2.0 0.0 0.0 0.0 0.0 0.0 0.0 0.0 0.0 0.0 0.0 0.0 0.0 0.0 0.0 0.0 0.0 
0.0 0.0 0.0 1.3 -1.2 -0.1 0.0 0.0 0.0 1.0 0.0 0.0 0.0 0.0 0.0 0.0 0.0 0.0 0.0 0.0 0.0 0.0 0.0 0.0 
0.0 0.0 0.0 1.5 -1.3 -0.1 0.0 0.0 0.9 0.1 0.0 0.0 0.0 0.0 0.0 0.0 0.0 0.0 0.0 0.0 0.0 0.0 0.0 0.0 
0.0 0.0 0.0 -0.5 0.4 0.0 0.0 0.0 0.0 0.0 -0.6 1.6 0.0 0.0 0.0 0.0 0.0 0.0 0.0 0.0 0.0 0.0 0.0 0.0 
0.0 0.0 0.0 -0.5 0.4 0.0 0.0 0.0 0.0 0.0 -1.2 2.2 0.0 0.0 0.0 0.0 0.0 0.0 0.0 0.0 0.0 0.0 0.0 0.0 
0.0 0.0 0.0 2.5 -2.2 -0.2 0.0 0.0 0.0 0.0 0.0 0.0 0.7 0.3 0.0 0.0 0.0 0.0 0.0 0.0 0.0 0.0 0.0 0.0 
0.0 0.0 0.0 1.9 -1.7 -0.2 0.0 0.0 0.0 0.0 0.0 0.0 0.9 0.1 0.0 0.0 0.0 0.0 0.0 0.0 0.0 0.0 0.0 0.0 
0.0 0.0 0.0 -0.8 0.8 0.1 0.0 0.0 0.0 0.0 0.0 0.0 0.0 0.0 -1.6 2.6 0.0 0.0 0.0 0.0 0.0 0.0 0.0 0.0 
0.0 0.0 0.0 0.8 -0.8 -0.1 0.0 0.0 0.0 0.0 0.0 0.0 0.0 0.0 0.2 0.8 0.0 0.0 0.0 0.0 0.0 0.0 0.0 0.0 
0.0 0.0 0.0 1.4 -1.3 -0.1 0.0 0.0 0.0 0.0 0.0 0.0 0.0 0.0 0.0 0.0 0.5 0.5 0.0 0.0 0.0 0.0 0.0 0.0 
0.0 0.0 0.0 2.5 -2.3 -0.2 0.0 0.0 0.0 0.0 0.0 0.0 0.0 0.0 0.0 0.0 0.3 0.8 0.0 0.0 0.0 0.0 0.0 0.0 
0.0 0.0 0.0 8.2 -7.5 -0.7 0.0 0.0 0.0 0.0 0.0 0.0 0.0 0.0 0.0 0.0 0.0 0.0 1.9 -0.9 0.0 0.0 0.0 0.0 
0.0 0.0 0.0 -10.2 9.3 0.9 0.0 0.0 0.0 0.0 0.0 0.0 0.0 0.0 0.0 0.0 0.0 0.0 -1.0 2.0 0.0 0.0 0.0 0.0 
0.0 0.0 0.0 -0.3 0.2 0.0 0.0 0.0 0.0 0.0 0.0 0.0 0.0 0.0 0.0 0.0 0.0 0.0 0.0 0.0 1.4 -0.4 0.0 0.0 
0.0 0.0 0.0 4.7 -4.3 -0.4 0.0 0.0 0.0 0.0 0.0 0.0 0.0 0.0 0.0 0.0 0.0 0.0 0.0 0.0 1.8 -0.8 0.0 0.0 
0.0 0.0 0.0 -1.7 1.6 0.2 0.0 0.0 0.0 0.0 0.0 0.0 0.0 0.0 0.0 0.0 0.0 0.0 0.0 0.0 0.0 0.0 0.2 0.8 
0.0 0.0 0.0 3.5 -3.2 -0.3 0.0 0.0 0.0 0.0 0.0 0.0 0.0 0.0 0.0 0.0 0.0 0.0 0.0 0.0 0.0 0.0 0.9 0.1 
0.0 0.0 -0.0 702.4 -638.6 -63.9 -1.1 0.9 -6.8 7.7 24.6 -27.7 29.5 -23.1 109.6 -116.5 -36.1 37.1 103.8 -96.6 14.2 -23.3 6.2 -1.4 
0.0 0.0 -0.0 103.1 -93.7 -9.4 -0.5 0.4 -3.1 3.4 10.3 -11.2 10.1 -9.6 35.7 -32.6 -13.7 3.6 26.7 -11.9 -14.5 2.3 0.1 5.2 

0.0 0.5 0.5 0.0 0.0 0.0 0.0 0.0 0.0 0.0 0.0 0.0 0.0 0.0 0.0 0.0 0.0 0.0 0.0 0.0 0.0 0.0 0.0 0.0 
0.0 0.0 0.0 0.6 0.6 -0.2 0.0 0.0 0.0 0.0 0.0 0.0 0.0 0.0 0.0 0.0 0.0 0.0 0.0 0.0 0.0 0.0 0.0 0.0 
0.0 0.0 0.0 0.4 1.0 -0.4 0.0 0.0 0.0 0.0 0.0 0.0 0.0 0.0 0.0 0.0 0.0 0.0 0.0 0.0 0.0 0.0 0.0 0.0 
0.0 0.0 0.0 -1.2 1.1 0.1 3.8 -2.8 0.0 0.0 0.0 0.0 0.0 0.0 0.0 0.0 0.0 0.0 0.0 0.0 0.0 0.0 0.0 0.0 
0.0 0.0 0.0 -2.3 2.1 0.2 3.9 -2.9 0.0 0.0 0.0 0.0 0.0 0.0 0.0 0.0 0.0 0.0 0.0 0.0 0.0 0.0 0.0 0.0 
0.0 0.0 0.0 -0.4 0.4 0.0 2.7 -1.7 0.0 0.0 0.0 0.0 0.0 0.0 0.0 0.0 0.0 0.0 0.0 0.0 0.0 0.0 0.0 0.0 
0.0 0.0 0.0 1.2 -1.1 -0.1 0.0 0.0 0.4 0.6 0.0 0.0 0.0 0.0 0.0 0.0 0.0 0.0 0.0 0.0 0.0 0.0 0.0 0.0 
0.0 0.0 0.0 1.4 -1.2 -0.1 0.0 0.0 1.3 -0.3 0.0 0.0 0.0 0.0 0.0 0.0 0.0 0.0 0.0 0.0 0.0 0.0 0.0 0.0 
0.0 0.0 0.0 -0.7 0.6 0.1 0.0 0.0 0.0 0.0 -0.3 1.3 0.0 0.0 0.0 0.0 0.0 0.0 0.0 0.0 0.0 0.0 0.0 0.0 
0.0 0.0 0.0 -0.7 0.6 0.1 0.0 0.0 0.0 0.0 -0.9 1.9 0.0 0.0 0.0 0.0 0.0 0.0 0.0 0.0 0.0 0.0 0.0 0.0 
0.0 0.0 0.0 2.3 -2.1 -0.2 0.0 0.0 0.0 0.0 0.0 0.0 0.6 0.4 0.0 0.0 0.0 0.0 0.0 0.0 0.0 0.0 0.0 0.0 
0.0 0.0 0.0 1.8 -1.6 -0.2 0.0 0.0 0.0 0.0 0.0 0.0 0.8 0.2 0.0 0.0 0.0 0.0 0.0 0.0 0.0 0.0 0.0 0.0 
0.0 0.0 0.0 -0.9 0.8 0.1 0.0 0.0 0.0 0.0 0.0 0.0 0.0 0.0 -1.4 2.4 0.0 0.0 0.0 0.0 0.0 0.0 0.0 0.0 
0.0 0.0 0.0 0.8 -0.7 -0.1 0.0 0.0 0.0 0.0 0.0 0.0 0.0 0.0 0.4 0.6 0.0 0.0 0.0 0.0 0.0 0.0 0.0 0.0 
0.0 0.0 0.0 1.0 -0.9 -0.1 0.0 0.0 0.0 0.0 0.0 0.0 0.0 0.0 0.0 0.0 0.5 0.5 0.0 0.0 0.0 0.0 0.0 0.0 
0.0 0.0 0.0 2.1 -1.9 -0.2 0.0 0.0 0.0 0.0 0.0 0.0 0.0 0.0 0.0 0.0 0.3 0.7 0.0 0.0 0.0 0.0 0.0 0.0 
0.0 0.0 0.0 8.9 -8.1 -0.8 0.0 0.0 0.0 0.0 0.0 0.0 0.0 0.0 0.0 0.0 0.0 0.0 2.1 -1.1 0.0 0.0 0.0 0.0 
0.0 0.0 0.0 -9.5 8.6 0.9 0.0 0.0 0.0 0.0 0.0 0.0 0.0 0.0 0.0 0.0 0.0 0.0 -0.9 1.9 0.0 0.0 0.0 0.0 
0.0 0.0 0.0 -0.6 0.5 0.1 0.0 0.0 0.0 0.0 0.0 0.0 0.0 0.0 0.0 0.0 0.0 0.0 0.0 0.0 1.3 -0.3 0.0 0.0 
0.0 0.0 0.0 4.4 -4.0 -0.4 0.0 0.0 0.0 0.0 0.0 0.0 0.0 0.0 0.0 0.0 0.0 0.0 0.0 0.0 1.7 -0.7 0.0 0.0 
0.0 0.0 0.0 -1.6 1.4 0.1 0.0 0.0 0.0 0.0 0.0 0.0 0.0 0.0 0.0 0.0 0.0 0.0 0.0 0.0 0.0 0.0 0.3 0.7 
0.0 0.0 0.0 3.7 -3.3 -0.3 0.0 0.0 0.0 0.0 0.0 0.0 0.0 0.0 0.0 0.0 0.0 0.0 0.0 0.0 0.0 0.0 1.0 0.0 
0.0 0.0 -0.0 749.0 -680.9 -68.1 -1.2 1.0 -7.1 8.1 25.7 -29.0 31.0 -24.1 115.3 -122.9 -37.9 39.7 109.7 -103.2 16.5 -25.3 6.7 -1.9 
0.0 0.0 -0.0 149.6 -136.0 -13.6 -0.6 0.5 -3.4 3.8 11.4 -12.5 11.6 -10.6 41.4 -39.1 -15.4 6.2 32.7 -18.4 -12.3 0.4 0.6 4.7 

0.0 1.0 0.0 0.0 0.0 0.0 0.0 0.0 0.0 0.0 0.0 0.0 0.0 0.0 0.0 0.0 0.0 0.0 0.0 0.0 0.0 0.0 0.0 0.0 
0.0 0.0 0.0 0.4 0.6 -0.0 0.0 0.0 0.0 0.0 0.0 0.0 0.0 0.0 0.0 0.0 0.0 0.0 0.0 0.0 0.0 0.0 0.0 0.0 
0.0 0.0 0.0 0.2 1.0 -0.2 0.0 0.0 0.0 0.0 0.0 0.0 0.0 0.0 0.0 0.0 0.0 0.0 0.0 0.0 0.0 0.0 0.0 0.0 
0.0 0.0 0.0 -1.2 1.1 0.1 3.4 -2.4 0.0 0.0 0.0 0.0 0.0 0.0 0.0 0.0 0.0 0.0 0.0 0.0 0.0 0.0 0.0 0.0 
0.0 0.0 0.0 -2.3 2.1 0.2 3.6 -2.6 0.0 0.0 0.0 0.0 0.0 0.0 0.0 0.0 0.0 0.0 0.0 0.0 0.0 0.0 0.0 0.0 
0.0 0.0 0.0 -0.4 0.4 0.0 2.3 -1.3 0.0 0.0 0.0 0.0 0.0 0.0 0.0 0.0 0.0 0.0 0.0 0.0 0.0 0.0 0.0 0.0 
0.0 0.0 0.0 1.1 -1.0 -0.1 0.0 0.0 0.8 0.2 0.0 0.0 0.0 0.0 0.0 0.0 0.0 0.0 0.0 0.0 0.0 0.0 0.0 0.0 
0.0 0.0 0.0 1.3 -1.2 -0.1 0.0 0.0 1.7 -0.7 0.0 0.0 0.0 0.0 0.0 0.0 0.0 0.0 0.0 0.0 0.0 0.0 0.0 0.0 
0.0 0.0 0.0 -0.9 0.8 0.1 0.0 0.0 0.0 0.0 0.0 1.0 0.0 0.0 0.0 0.0 0.0 0.0 0.0 0.0 0.0 0.0 0.0 0.0 
0.0 0.0 0.0 -0.9 0.8 0.1 0.0 0.0 0.0 0.0 -0.6 1.6 0.0 0.0 0.0 0.0 0.0 0.0 0.0 0.0 0.0 0.0 0.0 0.0 
0.0 0.0 0.0 2.2 -2.0 -0.2 0.0 0.0 0.0 0.0 0.0 0.0 0.5 0.5 0.0 0.0 0.0 0.0 0.0 0.0 0.0 0.0 0.0 0.0 
0.0 0.0 0.0 1.6 -1.5 -0.1 0.0 0.0 0.0 0.0 0.0 0.0 0.7 0.3 0.0 0.0 0.0 0.0 0.0 0.0 0.0 0.0 0.0 0.0 
0.0 0.0 0.0 -0.9 0.8 0.1 0.0 0.0 0.0 0.0 0.0 0.0 0.0 0.0 -1.2 2.2 0.0 0.0 0.0 0.0 0.0 0.0 0.0 0.0 
0.0 0.0 0.0 0.8 -0.7 -0.1 0.0 0.0 0.0 0.0 0.0 0.0 0.0 0.0 0.7 0.3 0.0 0.0 0.0 0.0 0.0 0.0 0.0 0.0 
0.0 0.0 0.0 0.6 -0.6 -0.1 0.0 0.0 0.0 0.0 0.0 0.0 0.0 0.0 0.0 0.0 0.6 0.4 0.0 0.0 0.0 0.0 0.0 0.0 
0.0 0.0 0.0 1.8 -1.6 -0.2 0.0 0.0 0.0 0.0 0.0 0.0 0.0 0.0 0.0 0.0 0.4 0.6 0.0 0.0 0.0 0.0 0.0 0.0 
0.0 0.0 0.0 9.6 -8.7 -0.9 0.0 0.0 0.0 0.0 0.0 0.0 0.0 0.0 0.0 0.0 0.0 0.0 2.3 -1.3 0.0 0.0 0.0 0.0 
0.0 0.0 0.0 -8.8 8.0 0.8 0.0 0.0 0.0 0.0 0.0 0.0 0.0 0.0 0.0 0.0 0.0 0.0 -0.7 1.7 0.0 0.0 0.0 0.0 
0.0 0.0 0.0 -0.9 0.8 0.1 0.0 0.0 0.0 0.0 0.0 0.0 0.0 0.0 0.0 0.0 0.0 0.0 0.0 0.0 1.2 -0.2 0.0 0.0 
0.0 0.0 0.0 4.1 -3.7 -0.4 0.0 0.0 0.0 0.0 0.0 0.0 0.0 0.0 0.0 0.0 0.0 0.0 0.0 0.0 1.6 -0.6 0.0 0.0 
0.0 0.0 0.0 -1.4 1.3 0.1 0.0 0.0 0.0 0.0 0.0 0.0 0.0 0.0 0.0 0.0 0.0 0.0 0.0 0.0 0.0 0.0 0.4 0.6 
0.0 0.0 0.0 3.8 -3.5 -0.3 0.0 0.0 0.0 0.0 0.0 0.0 0.0 0.0 0.0 0.0 0.0 0.0 0.0 0.0 0.0 0.0 1.0 -0.0 
0.0 0.0 -0.0 795.5 -723.2 -72.3 -1.2 1.0 -7.4 8.4 26.8 -30.3 32.5 -25.2 121.1 -129.4 -39.6 42.3 115.7 -109.8 18.7 -27.3 7.2 -2.4 
0.0 0.0 -0.0 196.2 -178.3 -17.8 -0.6 0.5 -3.7 4.1 12.5 -13.8 13.1 -11.7 47.1 -45.5 -17.2 8.8 38.6 -25.0 -10.0 -1.6 1.1 4.2 

0.0 1.5 -0.5 0.0 0.0 0.0 0.0 0.0 0.0 0.0 0.0 0.0 0.0 0.0 0.0 0.0 0.0 0.0 0.0 0.0 0.0 0.0 0.0 0.0 
0.0 0.0 0.0 0.2 0.6 0.2 0.0 0.0 0.0 0.0 0.0 0.0 0.0 0.0 0.0 0.0 0.0 0.0 0.0 0.0 0.0 0.0 0.0 0.0 
0.0 0.0 0.0 0.0 1.0 0.0 0.0 0.0 0.0 0.0 0.0 0.0 0.0 0.0 0.0 0.0 0.0 0.0 0.0 0.0 0.0 0.0 0.0 0.0 
0.0 0.0 0.0 -1.2 1.1 0.1 3.1 -2.1 0.0 0.0 0.0 0.0 0.0 0.0 0.0 0.0 0.0 0.0 0.0 0.0 0.0 0.0 0.0 0.0 
0.0 0.0 0.0 -2.3 2.1 0.2 3.2 -2.2 0.0 0.0 0.0 0.0 0.0 0.0 0.0 0.0 0.0 0.0 0.0 0.0 0.0 0.0 0.0 0.0 
0.0 0.0 0.0 -0.4 0.4 0.0 2.0 -1.0 0.0 0.0 0.0 0.0 0.0 0.0 0.0 0.0 0.0 0.0 0.0 0.0 0.0 0.0 0.0 0.0 
0.0 0.0 0.0 1.1 -1.0 -0.1 0.0 0.0 1.2 -0.2 0.0 0.0 0.0 0.0 0.0 0.0 0.0 0.0 0.0 0.0 0.0 0.0 0.0 0.0 
0.0 0.0 0.0 1.2 -1.1 -0.1 0.0 0.0 2.1 -1.1 0.0 0.0 0.0 0.0 0.0 0.0 0.0 0.0 0.0 0.0 0.0 0.0 0.0 0.0 
0.0 0.0 0.0 -1.1 1.0 0.1 0.0 0.0 0.0 0.0 0.3 0.7 0.0 0.0 0.0 0.0 0.0 0.0 0.0 0.0 0.0 0.0 0.0 0.0 
0.0 0.0 0.0 -1.1 1.0 0.1 0.0 0.0 0.0 0.0 -0.3 1.3 0.0 0.0 0.0 0.0 0.0 0.0 0.0 0.0 0.0 0.0 0.0 0.0 
0.0 0.0 0.0 2.0 -1.9 -0.2 0.0 0.0 0.0 0.0 0.0 0.0 0.4 0.6 0.0 0.0 0.0 0.0 0.0 0.0 0.0 0.0 0.0 0.0 
0.0 0.0 0.0 1.5 -1.3 -0.1 0.0 0.0 0.0 0.0 0.0 0.0 0.6 0.4 0.0 0.0 0.0 0.0 0.0 0.0 0.0 0.0 0.0 0.0 
0.0 0.0 0.0 -0.9 0.9 0.1 0.0 0.0 0.0 0.0 0.0 0.0 0.0 0.0 -1.0 2.0 0.0 0.0 0.0 0.0 0.0 0.0 0.0 0.0 
0.0 0.0 0.0 0.7 -0.7 -0.1 0.0 0.0 0.0 0.0 0.0 0.0 0.0 0.0 0.9 0.1 0.0 0.0 0.0 0.0 0.0 0.0 0.0 0.0 
0.0 0.0 0.0 0.2 -0.2 -0.0 0.0 0.0 0.0 0.0 0.0 0.0 0.0 0.0 0.0 0.0 0.7 0.3 0.0 0.0 0.0 0.0 0.0 0.0 
0.0 0.0 0.0 1.4 -1.2 -0.1 0.0 0.0 0.0 0.0 0.0 0.0 0.0 0.0 0.0 0.0 0.4 0.6 0.0 0.0 0.0 0.0 0.0 0.0 
0.0 0.0 0.0 10.3 -9.3 -0.9 0.0 0.0 0.0 0.0 0.0 0.0 0.0 0.0 0.0 0.0 0.0 0.0 2.4 -1.4 0.0 0.0 0.0 0.0 
0.0 0.0 0.0 -8.1 7.4 0.7 0.0 0.0 0.0 0.0 0.0 0.0 0.0 0.0 0.0 0.0 0.0 0.0 -0.5 1.5 0.0 0.0 0.0 0.0 
0.0 0.0 0.0 -1.2 1.1 0.1 0.0 0.0 0.0 0.0 0.0 0.0 0.0 0.0 0.0 0.0 0.0 0.0 0.0 0.0 1.1 -0.1 0.0 0.0 
0.0 0.0 0.0 3.7 -3.4 -0.3 0.0 0.0 0.0 0.0 0.0 0.0 0.0 0.0 0.0 0.0 0.0 0.0 0.0 0.0 1.5 -0.5 0.0 0.0 
0.0 0.0 0.0 -1.3 1.2 0.1 0.0 0.0 0.0 0.0 0.0 0.0 0.0 0.0 0.0 0.0 0.0 0.0 0.0 0.0 0.0 0.0 0.4 0.6 
0.0 0.0 0.0 4.0 -3.6 -0.4 0.0 0.0 0.0 0.0 0.0 0.0 0.0 0.0 0.0 0.0 0.0 0.0 0.0 0.0 0.0 0.0 1.1 -0.1 
0.0 0.0 -0.0 842.0 -765.5 -76.6 -1.2 1.1 -7.7 8.7 27.9 -31.6 34.0 -26.2 126.8 -135.9 -41.4 44.8 121.7 -116.3 20.9 -29.3 7.6 -2.9 
0.0 0.0 -0.0 242.7 -220.6 -22.1 -0.6 0.6 -3.9 4.4 13.6 -15.0 14.6 -12.7 52.8 -52.0 -18.9 11.4 44.6 -31.6 -7.8 -3.6 1.6 3.7 

0.0 2.0 -1.0 0.0 0.0 0.0 0.0 0.0 0.0 0.0 0.0 0.0 0.0 0.0 0.0 0.0 0.0 0.0 0.0 0.0 0.0 0.0 0.0 0.0 
0.0 0.0 0.0 0.0 0.6 0.4 0.0 0.0 0.0 0.0 0.0 0.0 0.0 0.0 0.0 0.0 0.0 0.0 0.0 0.0 0.0 0.0 0.0 0.0 
0.0 0.0 0.0 -0.2 1.0 0.2 0.0 0.0 0.0 0.0 0.0 0.0 0.0 0.0 0.0 0.0 0.0 0.0 0.0 0.0 0.0 0.0 0.0 0.0 
0.0 0.0 0.0 -1.2 1.1 0.1 2.8 -1.8 0.0 0.0 0.0 0.0 0.0 0.0 0.0 0.0 0.0 0.0 0.0 0.0 0.0 0.0 0.0 0.0 
0.0 0.0 0.0 -2.3 2.1 0.2 2.9 -1.9 0.0 0.0 0.0 0.0 0.0 0.0 0.0 0.0 0.0 0.0 0.0 0.0 0.0 0.0 0.0 0.0 
0.0 0.0 0.0 -0.4 0.4 0.0 1.7 -0.7 0.0 0.0 0.0 0.0 0.0 0.0 0.0 0.0 0.0 0.0 0.0 0.0 0.0 0.0 0.0 0.0 
0.0 0.0 0.0 1.0 -0.9 -0.1 0.0 0.0 1.6 -0.6 0.0 0.0 0.0 0.0 0.0 0.0 0.0 0.0 0.0 0.0 0.0 0.0 0.0 0.0 
0.0 0.0 0.0 1.1 -1.0 -0.1 0.0 0.0 2.5 -1.5 0.0 0.0 0.0 0.0 0.0 0.0 0.0 0.0 0.0 0.0 0.0 0.0 0.0 0.0 
0.0 0.0 0.0 -1.3 1.2 0.1 0.0 0.0 0.0 0.0 0.6 0.4 0.0 0.0 0.0 0.0 0.0 0.0 0.0 0.0 0.0 0.0 0.0 0.0 
0.0 0.0 0.0 -1.3 1.2 0.1 0.0 0.0 0.0 0.0 0.0 1.0 0.0 0.0 0.0 0.0 0.0 0.0 0.0 0.0 0.0 0.0 0.0 0.0 
0.0 0.0 0.0 1.9 -1.7 -0.2 0.0 0.0 0.0 0.0 0.0 0.0 0.3 0.7 0.0 0.0 0.0 0.0 0.0 0.0 0.0 0.0 0.0 0.0 
0.0 0.0 0.0 1.3 -1.2 -0.1 0.0 0.0 0.0 0.0 0.0 0.0 0.5 0.5 0.0 0.0 0.0 0.0 0.0 0.0 0.0 0.0 0.0 0.0 
0.0 0.0 0.0 -1.0 0.9 0.1 0.0 0.0 0.0 0.0 0.0 0.0 0.0 0.0 -0.8 1.8 0.0 0.0 0.0 0.0 0.0 0.0 0.0 0.0 
0.0 0.0 0.0 0.7 -0.6 -0.1 0.0 0.0 0.0 0.0 0.0 0.0 0.0 0.0 1.1 -0.1 0.0 0.0 0.0 0.0 0.0 0.0 0.0 0.0 
0.0 0.0 0.0 -0.1 0.1 0.0 0.0 0.0 0.0 0.0 0.0 0.0 0.0 0.0 0.0 0.0 0.7 0.3 0.0 0.0 0.0 0.0 0.0 0.0 
0.0 0.0 0.0 1.0 -0.9 -0.1 0.0 0.0 0.0 0.0 0.0 0.0 0.0 0.0 0.0 0.0 0.5 0.5 0.0 0.0 0.0 0.0 0.0 0.0 
0.0 0.0 0.0 10.9 -9.9 -1.0 0.0 0.0 0.0 0.0 0.0 0.0 0.0 0.0 0.0 0.0 0.0 0.0 2.6 -1.6 0.0 0.0 0.0 0.0 
0.0 0.0 0.0 -7.4 6.8 0.7 0.0 0.0 0.0 0.0 0.0 0.0 0.0 0.0 0.0 0.0 0.0 0.0 -0.3 1.3 0.0 0.0 0.0 0.0 
0.0 0.0 0.0 -1.5 1.4 0.1 0.0 0.0 0.0 0.0 0.0 0.0 0.0 0.0 0.0 0.0 0.0 0.0 0.0 0.0 1.0 0.0 0.0 0.0 
0.0 0.0 0.0 3.4 -3.1 -0.3 0.0 0.0 0.0 0.0 0.0 0.0 0.0 0.0 0.0 0.0 0.0 0.0 0.0 0.0 1.4 -0.4 0.0 0.0 
0.0 0.0 0.0 -1.1 1.0 0.1 0.0 0.0 0.0 0.0 0.0 0.0 0.0 0.0 0.0 0.0 0.0 0.0 0.0 0.0 0.0 0.0 0.5 0.5 
0.0 0.0 0.0 4.2 -3.8 -0.4 0.0 0.0 0.0 0.0 0.0 0.0 0.0 0.0 0.0 0.0 0.0 0.0 0.0 0.0 0.0 0.0 1.2 -0.2 
0.0 0.0 -0.0 888.6 -807.8 -80.8 -1.3 1.1 -8.0 9.1 29.0 -32.8 35.5 -27.3 132.5 -142.4 -43.1 47.4 127.6 -122.9 23.2 -31.3 8.1 -3.5 
0.0 0.0 -0.0 289.2 -262.9 -26.3 -0.7 0.6 -4.2 4.8 14.7 -16.3 16.1 -13.8 58.6 -58.5 -20.6 14.0 50.6 -38.1 -5.6 -5.6 2.0 3.2 

0.0 2.5 -1.5 0.0 0.0 0.0 0.0 0.0 0.0 0.0 0.0 0.0 0.0 0.0 0.0 0.0 0.0 0.0 0.0 0.0 0.0 0.0 0.0 0.0 
0.0 0.0 0.0 -0.2 0.6 0.6 0.0 0.0 0.0 0.0 0.0 0.0 0.0 0.0 0.0 0.0 0.0 0.0 0.0 0.0 0.0 0.0 0.0 0.0 
0.0 0.0 0.0 -0.4 1.0 0.4 0.0 0.0 0.0 0.0 0.0 0.0 0.0 0.0 0.0 0.0 0.0 0.0 0.0 0.0 0.0 0.0 0.0 0.0 
0.0 0.0 0.0 -1.2 1.1 0.1 2.4 -1.4 0.0 0.0 0.0 0.0 0.0 0.0 0.0 0.0 0.0 0.0 0.0 0.0 0.0 0.0 0.0 0.0 
0.0 0.0 0.0 -2.3 2.1 0.2 2.6 -1.6 0.0 0.0 0.0 0.0 0.0 0.0 0.0 0.0 0.0 0.0 0.0 0.0 0.0 0.0 0.0 0.0 
0.0 0.0 0.0 -0.4 0.4 0.0 1.3 -0.3 0.0 0.0 0.0 0.0 0.0 0.0 0.0 0.0 0.0 0.0 0.0 0.0 0.0 0.0 0.0 0.0 
0.0 0.0 0.0 0.9 -0.8 -0.1 0.0 0.0 2.0 -1.0 0.0 0.0 0.0 0.0 0.0 0.0 0.0 0.0 0.0 0.0 0.0 0.0 0.0 0.0 
0.0 0.0 0.0 1.0 -0.9 -0.1 0.0 0.0 2.9 -1.9 0.0 0.0 0.0 0.0 0.0 0.0 0.0 0.0 0.0 0.0 0.0 0.0 0.0 0.0 
0.0 0.0 0.0 -1.5 1.4 0.1 0.0 0.0 0.0 0.0 0.9 0.1 0.0 0.0 0.0 0.0 0.0 0.0 0.0 0.0 0.0 0.0 0.0 0.0 
0.0 0.0 0.0 -1.5 1.4 0.1 0.0 0.0 0.0 0.0 0.3 0.7 0.0 0.0 0.0 0.0 0.0 0.0 0.0 0.0 0.0 0.0 0.0 0.0 
0.0 0.0 0.0 1.8 -1.6 -0.2 0.0 0.0 0.0 0.0 0.0 0.0 0.2 0.8 0.0 0.0 0.0 0.0 0.0 0.0 0.0 0.0 0.0 0.0 
0.0 0.0 0.0 1.2 -1.1 -0.1 0.0 0.0 0.0 0.0 0.0 0.0 0.4 0.6 0.0 0.0 0.0 0.0 0.0 0.0 0.0 0.0 0.0 0.0 
0.0 0.0 0.0 -1.0 0.9 0.1 0.0 0.0 0.0 0.0 0.0 0.0 0.0 0.0 -0.5 1.5 0.0 0.0 0.0 0.0 0.0 0.0 0.0 0.0 
0.0 0.0 0.0 0.6 -0.6 -0.1 0.0 0.0 0.0 0.0 0.0 0.0 0.0 0.0 1.3 -0.3 0.0 0.0 0.0 0.0 0.0 0.0 0.0 0.0 
0.0 0.0 0.0 -0.5 0.5 0.0 0.0 0.0 0.0 0.0 0.0 0.0 0.0 0.0 0.0 0.0 0.8 0.2 0.0 0.0 0.0 0.0 0.0 0.0 
0.0 0.0 0.0 0.6 -0.5 -0.1 0.0 0.0 0.0 0.0 0.0 0.0 0.0 0.0 0.0 0.0 0.5 0.5 0.0 0.0 0.0 0.0 0.0 0.0 
0.0 0.0 0.0 11.6 -10.6 -1.1 0.0 0.0 0.0 0.0 0.0 0.0 0.0 0.0 0.0 0.0 0.0 0.0 2.8 -1.8 0.0 0.0 0.0 0.0 
0.0 0.0 0.0 -6.7 6.1 0.6 0.0 0.0 0.0 0.0 0.0 0.0 0.0 0.0 0.0 0.0 0.0 0.0 -0.1 1.1 0.0 0.0 0.0 0.0 
0.0 0.0 0.0 -1.9 1.7 0.2 0.0 0.0 0.0 0.0 0.0 0.0 0.0 0.0 0.0 0.0 0.0 0.0 0.0 0.0 0.9 0.1 0.0 0.0 
0.0 0.0 0.0 3.1 -2.8 -0.3 0.0 0.0 0.0 0.0 0.0 0.0 0.0 0.0 0.0 0.0 0.0 0.0 0.0 0.0 1.3 -0.3 0.0 0.0 
0.0 0.0 0.0 -1.0 0.9 0.1 0.0 0.0 0.0 0.0 0.0 0.0 0.0 0.0 0.0 0.0 0.0 0.0 0.0 0.0 0.0 0.0 0.6 0.4 
0.0 0.0 0.0 4.3 -3.9 -0.4 0.0 0.0 0.0 0.0 0.0 0.0 0.0 0.0 0.0 0.0 0.0 0.0 0.0 0.0 0.0 0.0 1.2 -0.2 
0.0 0.0 -0.0 935.1 -850.1 -85.0 -1.3 1.1 -8.3 9.4 30.1 -34.1 37.0 -28.3 138.3 -148.9 -44.8 50.0 133.6 -129.5 25.4 -33.2 8.6 -4.0 
0.0 0.0 -0.0 335.8 -305.2 -30.5 -0.7 0.6 -4.5 5.1 15.8 -17.6 17.6 -14.8 64.3 -65.0 -22.4 16.5 56.5 -44.7 -3.4 -7.6 2.5 2.7 

0.0 3.0 -2.0 0.0 0.0 0.0 0.0 0.0 0.0 0.0 0.0 0.0 0.0 0.0 0.0 0.0 0.0 0.0 0.0 0.0 0.0 0.0 0.0 0.0 
0.0 0.0 0.0 -0.4 0.6 0.8 0.0 0.0 0.0 0.0 0.0 0.0 0.0 0.0 0.0 0.0 0.0 0.0 0.0 0.0 0.0 0.0 0.0 0.0 
0.0 0.0 0.0 -0.6 1.0 0.6 0.0 0.0 0.0 0.0 0.0 0.0 0.0 0.0 0.0 0.0 0.0 0.0 0.0 0.0 0.0 0.0 0.0 0.0 
0.0 0.0 0.0 -1.2 1.1 0.1 2.1 -1.1 0.0 0.0 0.0 0.0 0.0 0.0 0.0 0.0 0.0 0.0 0.0 0.0 0.0 0.0 0.0 0.0 
0.0 0.0 0.0 -2.3 2.1 0.2 2.2 -1.2 0.0 0.0 0.0 0.0 0.0 0.0 0.0 0.0 0.0 0.0 0.0 0.0 0.0 0.0 0.0 0.0 
0.0 0.0 0.0 -0.4 0.4 0.0 1.0 0.0 0.0 0.0 0.0 0.0 0.0 0.0 0.0 0.0 0.0 0.0 0.0 0.0 0.0 0.0 0.0 0.0 
0.0 0.0 0.0 0.8 -0.7 -0.1 0.0 0.0 2.4 -1.4 0.0 0.0 0.0 0.0 0.0 0.0 0.0 0.0 0.0 0.0 0.0 0.0 0.0 0.0 
0.0 0.0 0.0 0.9 -0.8 -0.1 0.0 0.0 3.3 -2.3 0.0 0.0 0.0 0.0 0.0 0.0 0.0 0.0 0.0 0.0 0.0 0.0 0.0 0.0 
0.0 0.0 0.0 -1.7 1.6 0.2 0.0 0.0 0.0 0.0 1.2 -0.2 0.0 0.0 0.0 0.0 0.0 0.0 0.0 0.0 0.0 0.0 0.0 0.0 
0.0 0.0 0.0 -1.7 1.6 0.2 0.0 0.0 0.0 0.0 0.6 0.4 0.0 0.0 0.0 0.0 0.0 0.0 0.0 0.0 0.0 0.0 0.0 0.0 
0.0 0.0 0.0 1.6 -1.5 -0.1 0.0 0.0 0.0 0.0 0.0 0.0 0.1 0.9 0.0 0.0 0.0 0.0 0.0 0.0 0.0 0.0 0.0 0.0 
0.0 0.0 0.0 1.1 -1.0 -0.1 0.0 0.0 0.0 0.0 0.0 0.0 0.3 0.7 0.0 0.0 0.0 0.0 0.0 0.0 0.0 0.0 0.0 0.0 
0.0 0.0 0.0 -1.1 1.0 0.1 0.0 0.0 0.0 0.0 0.0 0.0 0.0 0.0 -0.3 1.3 0.0 0.0 0.0 0.0 0.0 0.0 0.0 0.0 
0.0 0.0 0.0 0.6 -0.5 -0.1 0.0 0.0 0.0 0.0 0.0 0.0 0.0 0.0 1.5 -0.5 0.0 0.0 0.0 0.0 0.0 0.0 0.0 0.0 
0.0 0.0 0.0 -0.9 0.8 0.1 0.0 0.0 0.0 0.0 0.0 0.0 0.0 0.0 0.0 0.0 0.8 0.2 0.0 0.0 0.0 0.0 0.0 0.0 
0.0 0.0 0.0 0.2 -0.2 -0.0 0.0 0.0 0.0 0.0 0.0 0.0 0.0 0.0 0.0 0.0 0.6 0.4 0.0 0.0 0.0 0.0 0.0 0.0 
0.0 0.0 0.0 12.3 -11.2 -1.1 0.0 0.0 0.0 0.0 0.0 0.0 0.0 0.0 0.0 0.0 0.0 0.0 3.0 -2.0 0.0 0.0 0.0 0.0 
0.0 0.0 0.0 -6.0 5.5 0.6 0.0 0.0 0.0 0.0 0.0 0.0 0.0 0.0 0.0 0.0 0.0 0.0 0.1 0.9 0.0 0.0 0.0 0.0 
0.0 0.0 0.0 -2.2 2.0 0.2 0.0 0.0 0.0 0.0 0.0 0.0 0.0 0.0 0.0 0.0 0.0 0.0 0.0 0.0 0.8 0.2 0.0 0.0 
0.0 0.0 0.0 2.8 -2.5 -0.3 0.0 0.0 0.0 0.0 0.0 0.0 0.0 0.0 0.0 0.0 0.0 0.0 0.0 0.0 1.2 -0.2 0.0 0.0 
0.0 0.0 0.0 -0.8 0.7 0.1 0.0 0.0 0.0 0.0 0.0 0.0 0.0 0.0 0.0 0.0 0.0 0.0 0.0 0.0 0.0 0.0 0.6 0.4 
0.0 0.0 0.0 4.5 -4.1 -0.4 0.0 0.0 0.0 0.0 0.0 0.0 0.0 0.0 0.0 0.0 0.0 0.0 0.0 0.0 0.0 0.0 1.3 -0.3 
0.0 0.0 -0.0 981.6 -892.4 -89.3 -1.4 1.2 -8.5 9.7 31.2 -35.4 38.5 -29.4 144.0 -155.4 -46.6 52.6 139.6 -136.0 27.6 -35.2 9.1 -4.5 
0.0 0.0 -0.0 382.3 -347.5 -34.8 -0.8 0.7 -4.8 5.4 17.0 -18.9 19.1 -15.9 70.0 -71.5 -24.1 19.1 62.5 -51.2 -1.1 -9.6 3.0 2.1 

0.0 3.5 -2.5 0.0 0.0 0.0 0.0 0.0 0.0 0.0 0.0 0.0 0.0 0.0 0.0 0.0 0.0 0.0 0.0 0.0 0.0 0.0 0.0 0.0 
0.0 0.0 0.0 -0.6 0.6 1.0 0.0 0.0 0.0 0.0 0.0 0.0 0.0 0.0 0.0 0.0 0.0 0.0 0.0 0.0 0.0 0.0 0.0 0.0 
0.0 0.0 0.0 -0.8 1.0 0.8 0.0 0.0 0.0 0.0 0.0 0.0 0.0 0.0 0.0 0.0 0.0 0.0 0.0 0.0 0.0 0.0 0.0 0.0 
0.0 0.0 0.0 -1.2 1.1 0.1 1.8 -0.8 0.0 0.0 0.0 0.0 0.0 0.0 0.0 0.0 0.0 0.0 0.0 0.0 0.0 0.0 0.0 0.0 
0.0 0.0 0.0 -2.3 2.1 0.2 1.9 -0.9 0.0 0.0 0.0 0.0 0.0 0.0 0.0 0.0 0.0 0.0 0.0 0.0 0.0 0.0 0.0 0.0 
0.0 0.0 0.0 -0.4 0.4 0.0 0.7 0.3 0.0 0.0 0.0 0.0 0.0 0.0 0.0 0.0 0.0 0.0 0.0 0.0 0.0 0.0 0.0 0.0 
0.0 0.0 0.0 0.7 -0.6 -0.1 0.0 0.0 2.8 -1.8 0.0 0.0 0.0 0.0 0.0 0.0 0.0 0.0 0.0 0.0 0.0 0.0 0.0 0.0 
0.0 0.0 0.0 0.8 -0.8 -0.1 0.0 0.0 3.7 -2.7 0.0 0.0 0.0 0.0 0.0 0.0 0.0 0.0 0.0 0.0 0.0 0.0 0.0 0.0 
0.0 0.0 0.0 -1.9 1.7 0.2 0.0 0.0 0.0 0.0 1.5 -0.5 0.0 0.0 0.0 0.0 0.0 0.0 0.0 0.0 0.0 0.0 0.0 0.0 
0.0 0.0 0.0 -1.9 1.8 0.2 0.0 0.0 0.0 0.0 0.9 0.1 0.0 0.0 0.0 0.0 0.0 0.0 0.0 0.0 0.0 0.0 0.0 0.0 
0.0 0.0 0.0 1.5 -1.3 -0.1 0.0 0.0 0.0 0.0 0.0 0.0 -0.1 1.1 0.0 0.0 0.0 0.0 0.0 0.0 0.0 0.0 0.0 0.0 
0.0 0.0 0.0 0.9 -0.8 -0.1 0.0 0.0 0.0 0.0 0.0 0.0 0.2 0.8 0.0 0.0 0.0 0.0 0.0 0.0 0.0 0.0 0.0 0.0 
0.0 0.0 0.0 -1.1 1.0 0.1 0.0 0.0 0.0 0.0 0.0 0.0 0.0 0.0 -0.1 1.1 0.0 0.0 0.0 0.0 0.0 0.0 0.0 0.0 
0.0 0.0 0.0 0.6 -0.5 -0.1 0.0 0.0 0.0 0.0 0.0 0.0 0.0 0.0 1.8 -0.8 0.0 0.0 0.0 0.0 0.0 0.0 0.0 0.0 
0.0 0.0 0.0 -1.3 1.2 0.1 0.0 0.0 0.0 0.0 0.0 0.0 0.0 0.0 0.0 0.0 0.9 0.1 0.0 0.0 0.0 0.0 0.0 0.0 
0.0 0.0 0.0 -0.2 0.2 0.0 0.0 0.0 0.0 0.0 0.0 0.0 0.0 0.0 0.0 0.0 0.7 0.3 0.0 0.0 0.0 0.0 0.0 0.0 
0.0 0.0 0.0 13.0 -11.8 -1.2 0.0 0.0 0.0 0.0 0.0 0.0 0.0 0.0 0.0 0.0 0.0 0.0 3.2 -2.2 0.0 0.0 0.0 0.0 
0.0 0.0 0.0 -5.4 4.9 0.5 0.0 0.0 0.0 0.0 0.0 0.0 0.0 0.0 0.0 0.0 0.0 0.0 0.3 0.7 0.0 0.0 0.0 0.0 
0.0 0.0 0.0 -2.5 2.3 0.2 0.0 0.0 0.0 0.0 0.0 0.0 0.0 0.0 0.0 0.0 0.0 0.0 0.0 0.0 0.7 0.3 0.0 0.0 
0.0 0.0 0.0 2.5 -2.2 -0.2 0.0 0.0 0.0 0.0 0.0 0.0 0.0 0.0 0.0 0.0 0.0 0.0 0.0 0.0 1.1 -0.1 0.0 0.0 
0.0 0.0 0.0 -0.6 0.6 0.1 0.0 0.0 0.0 0.0 0.0 0.0 0.0 0.0 0.0 0.0 0.0 0.0 0.0 0.0 0.0 0.0 0.7 0.3 
0.0 0.0 0.0 4.6 -4.2 -0.4 0.0 0.0 0.0 0.0 0.0 0.0 0.0 0.0 0.0 0.0 0.0 0.0 0.0 0.0 0.0 0.0 1.4 -0.4 
0.0 0.0 -0.0 1028.2 -934.7 -93.5 -1.4 1.2 -8.8 10.1 32.3 -36.7 40.0 -30.4 149.7 -161.9 -48.3 55.2 145.5 -142.6 29.8 -37.2 9.5 -5.0 
0.0 0.0 -0.0 428.8 -389.8 -39.0 -0.8 0.7 -5.1 5.8 18.1 -20.1 20.6 -16.9 75.7 -78.0 -25.9 21.7 68.5 -57.8 1.1 -11.6 3.4 1.6 

0.0 4.0 -3.0 0.0 0.0 0.0 0.0 0.0 0.0 0.0 0.0 0.0 0.0 0.0 0.0 0.0 0.0 0.0 0.0 0.0 0.0 0.0 0.0 0.0 
0.0 0.0 0.0 -0.8 0.6 1.2 0.0 0.0 0.0 0.0 0.0 0.0 0.0 0.0 0.0 0.0 0.0 0.0 0.0 0.0 0.0 0.0 0.0 0.0 
0.0 0.0 0.0 -1.0 1.0 1.0 0.0 0.0 0.0 0.0 0.0 0.0 0.0 0.0 0.0 0.0 0.0 0.0 0.0 0.0 0.0 0.0 0.0 0.0 
0.0 0.0 0.0 -1.2 1.1 0.1 1.4 -0.4 0.0 0.0 0.0 0.0 0.0 0.0 0.0 0.0 0.0 0.0 0.0 0.0 0.0 0.0 0.0 0.0 
0.0 0.0 0.0 -2.3 2.1 0.2 1.6 -0.6 0.0 0.0 0.0 0.0 0.0 0.0 0.0 0.0 0.0 0.0 0.0 0.0 0.0 0.0 0.0 0.0 
0.0 0.0 0.0 -0.4 0.4 0.0 0.3 0.7 0.0 0.0 0.0 0.0 0.0 0.0 0.0 0.0 0.0 0.0 0.0 0.0 0.0 0.0 0.0 0.0 
0.0 0.0 0.0 0.6 -0.6 -0.1 0.0 0.0 3.2 -2.2 0.0 0.0 0.0 0.0 0.0 0.0 0.0 0.0 0.0 0.0 0.0 0.0 0.0 0.0 
0.0 0.0 0.0 0.7 -0.7 -0.1 0.0 0.0 4.1 -3.1 0.0 0.0 0.0 0.0 0.0 0.0 0.0 0.0 0.0 0.0 0.0 0.0 0.0 0.0 
0.0 0.0 0.0 -2.1 1.9 0.2 0.0 0.0 0.0 0.0 1.8 -0.8 0.0 0.0 0.0 0.0 0.0 0.0 0.0 0.0 0.0 0.0 0.0 0.0 
0.0 0.0 0.0 -2.1 2.0 0.2 0.0 0.0 0.0 0.0 1.2 -0.2 0.0 0.0 0.0 0.0 0.0 0.0 0.0 0.0 0.0 0.0 0.0 0.0 
0.0 0.0 0.0 1.3 -1.2 -0.1 0.0 0.0 0.0 0.0 0.0 0.0 -0.2 1.2 0.0 0.0 0.0 0.0 0.0 0.0 0.0 0.0 0.0 0.0 
0.0 0.0 0.0 0.8 -0.7 -0.1 0.0 0.0 0.0 0.0 0.0 0.0 0.1 0.9 0.0 0.0 0.0 0.0 0.0 0.0 0.0 0.0 0.0 0.0 
0.0 0.0 0.0 -1.2 1.1 0.1 0.0 0.0 0.0 0.0 0.0 0.0 0.0 0.0 0.1 0.9 0.0 0.0 0.0 0.0 0.0 0.0 0.0 0.0 
0.0 0.0 0.0 0.5 -0.5 -0.0 0.0 0.0 0.0 0.0 0.0 0.0 0.0 0.0 2.0 -1.0 0.0 0.0 0.0 0.0 0.0 0.0 0.0 0.0 
0.0 0.0 0.0 -1.7 1.6 0.2 0.0 0.0 0.0 0.0 0.0 0.0 0.0 0.0 0.0 0.0 0.9 0.1 0.0 0.0 0.0 0.0 0.0 0.0 
0.0 0.0 0.0 -0.6 0.5 0.1 0.0 0.0 0.0 0.0 0.0 0.0 0.0 0.0 0.0 0.0 0.7 0.3 0.0 0.0 0.0 0.0 0.0 0.0 
0.0 0.0 0.0 13.7 -12.4 -1.2 0.0 0.0 0.0 0.0 0.0 0.0 0.0 0.0 0.0 0.0 0.0 0.0 3.4 -2.4 0.0 0.0 0.0 0.0 
0.0 0.0 0.0 -4.7 4.3 0.4 0.0 0.0 0.0 0.0 0.0 0.0 0.0 0.0 0.0 0.0 0.0 0.0 0.5 0.5 0.0 0.0 0.0 0.0 
0.0 0.0 0.0 -2.8 2.6 0.3 0.0 0.0 0.0 0.0 0.0 0.0 0.0 0.0 0.0 0.0 0.0 0.0 0.0 0.0 0.6 0.4 0.0 0.0 
0.0 0.0 0.0 2.1 -1.9 -0.2 0.0 0.0 0.0 0.0 0.0 0.0 0.0 0.0 0.0 0.0 0.0 0.0 0.0 0.0 1.0 -0.0 0.0 0.0 
0.0 0.0 0.0 -0.5 0.4 0.0 0.0 0.0 0.0 0.0 0.0 0.0 0.0 0.0 0.0 0.0 0.0 0.0 0.0 0.0 0.0 0.0 0.8 0.2 
0.0 0.0 0.0 4.8 -4.4 -0.4 0.0 0.0 0.0 0.0 0.0 0.0 0.0 0.0 0.0 0.0 0.0 0.0 0.0 0.0 0.0 0.0 1.5 -0.5 
0.0 0.0 -0.0 1074.7 -977.0 -97.7 -1.5 1.3 -9.1 10.4 33.4 -38.0 41.5 -31.5 155.4 -168.4 -50.1 57.8 151.5 -149.2 32.1 -39.2 10.0 -5.5 
0.0 0.0 -0.0 475.4 -432.1 -43.2 -0.9 0.8 -5.4 6.1 19.2 -21.4 22.1 -18.0 81.5 -84.5 -27.6 24.3 74.4 -64.4 3.3 -13.5 3.9 1.1 

0.0 4.5 -3.5 0.0 0.0 0.0 0.0 0.0 0.0 0.0 0.0 0.0 0.0 0.0 0.0 0.0 0.0 0.0 0.0 0.0 0.0 0.0 0.0 0.0 
0.0 0.0 0.0 -1.0 0.6 1.4 0.0 0.0 0.0 0.0 0.0 0.0 0.0 0.0 0.0 0.0 0.0 0.0 0.0 0.0 0.0 0.0 0.0 0.0 
0.0 0.0 0.0 -1.2 1.0 1.2 0.0 0.0 0.0 0.0 0.0 0.0 0.0 0.0 0.0 0.0 0.0 0.0 0.0 0.0 0.0 0.0 0.0 0.0 
0.0 0.0 0.0 -1.2 1.1 0.1 1.1 -0.1 0.0 0.0 0.0 0.0 0.0 0.0 0.0 0.0 0.0 0.0 0.0 0.0 0.0 0.0 0.0 0.0 
0.0 0.0 0.0 -2.3 2.1 0.2 1.2 -0.2 0.0 0.0 0.0 0.0 0.0 0.0 0.0 0.0 0.0 0.0 0.0 0.0 0.0 0.0 0.0 0.0 
0.0 0.0 0.0 -0.4 0.4 0.0 0.0 1.0 0.0 0.0 0.0 0.0 0.0 0.0 0.0 0.0 0.0 0.0 0.0 0.0 0.0 0.0 0.0 0.0 
0.0 0.0 0.0 0.5 -0.5 -0.0 0.0 0.0 3.6 -2.6 0.0 0.0 0.0 0.0 0.0 0.0 0.0 0.0 0.0 0.0 0.0 0.0 0.0 0.0 
0.0 0.0 0.0 0.7 -0.6 -0.1 0.0 0.0 4.5 -3.5 0.0 0.0 0.0 0.0 0.0 0.0 0.0 0.0 0.0 0.0 0.0 0.0 0.0 0.0 
0.0 0.0 0.0 -2.3 2.1 0.2 0.0 0.0 0.0 0.0 2.1 -1.1 0.0 0.0 0.0 0.0 0.0 0.0 0.0 0.0 0.0 0.0 0.0 0.0 
0.0 0.0 0.0 -2.4 2.1 0.2 0.0 0.0 0.0 0.0 1.5 -0.5 0.0 0.0 0.0 0.0 0.0 0.0 0.0 0.0 0.0 0.0 0.0 0.0 
0.0 0.0 0.0 1.2 -1.1 -0.1 0.0 0.0 0.0 0.0 0.0 0.0 -0.3 1.3 0.0 0.0 0.0 0.0 0.0 0.0 0.0 0.0 0.0 0.0 
0.0 0.0 0.0 0.6 -0.6 -0.1 0.0 0.0 0.0 0.0 0.0 0.0 0.0 1.0 0.0 0.0 0.0 0.0 0.0 0.0 0.0 0.0 0.0 0.0 
0.0 0.0 0.0 -1.2 1.1 0.1 0.0 0.0 0.0 0.0 0.0 0.0 0.0 0.0 0.3 0.7 0.0 0.0 0.0 0.0 0.0 0.0 0.0 0.0 
0.0 0.0 0.0 0.5 -0.4 -0.0 0.0 0.0 0.0 0.0 0.0 0.0 0.0 0.0 2.2 -1.2 0.0 0.0 0.0 0.0 0.0 0.0 0.0 0.0 
0.0 0.0 0.0 -2.1 1.9 0.2 0.0 0.0 0.0 0.0 0.0 0.0 0.0 0.0 0.0 0.0 1.0 0.0 0.0 0.0 0.0 0.0 0.0 0.0 
0.0 0.0 0.0 -1.0 0.9 0.1 0.0 0.0 0.0 0.0 0.0 0.0 0.0 0.0 0.0 0.0 0.8 0.2 0.0 0.0 0.0 0.0 0.0 0.0 
0.0 0.0 0.0 14.4 -13.1 -1.3 0.0 0.0 0.0 0.0 0.0 0.0 0.0 0.0 0.0 0.0 0.0 0.0 3.6 -2.6 0.0 0.0 0.0 0.0 
0.0 0.0 0.0 -4.0 3.6 0.4 0.0 0.0 0.0 0.0 0.0 0.0 0.0 0.0 0.0 0.0 0.0 0.0 0.6 0.4 0.0 0.0 0.0 0.0 
0.0 0.0 0.0 -3.2 2.9 0.3 0.0 0.0 0.0 0.0 0.0 0.0 0.0 0.0 0.0 0.0 0.0 0.0 0.0 0.0 0.5 0.5 0.0 0.0 
0.0 0.0 0.0 1.8 -1.7 -0.2 0.0 0.0 0.0 0.0 0.0 0.0 0.0 0.0 0.0 0.0 0.0 0.0 0.0 0.0 1.0 0.0 0.0 0.0 
0.0 0.0 0.0 -0.3 0.3 0.0 0.0 0.0 0.0 0.0 0.0 0.0 0.0 0.0 0.0 0.0 0.0 0.0 0.0 0.0 0.0 0.0 0.9 0.1 
0.0 0.0 0.0 4.9 -4.5 -0.4 0.0 0.0 0.0 0.0 0.0 0.0 0.0 0.0 0.0 0.0 0.0 0.0 0.0 0.0 0.0 0.0 1.5 -0.5 
0.0 0.0 -0.0 1121.2 -1019.3 -102.0 -1.5 1.3 -9.4 10.7 34.5 -39.2 43.0 -32.5 161.2 -174.9 -51.8 60.4 157.5 -155.7 34.3 -41.2 10.5 -6.0 
0.0 0.0 -0.0 521.9 -474.4 -47.5 -0.9 0.8 -5.7 6.4 20.3 -22.7 23.6 -19.0 87.2 -91.0 -29.3 26.9 80.4 -70.9 5.5 -15.5 4.4 0.6 

1.0
0.0
0.0
2.5
0.0
2.5
6.3
6.3
6.8
6.3
12.6
11.0
8.3
11.5
12.6
12.1
19.9
4.4
11.4
19.8
16.6
24.2
18.5
23.5
