0.0 2.5 0.0 -1.5 0.0 0.0 0.0 0.0 0.0 0.0 0.0 0.0 0.0 0.0 0.0 0.0 0.0 0.0 0.0 
0.0 0.0 1.5 0.0 -0.5 0.0 0.0 0.0 0.0 0.0 0.0 0.0 0.0 0.0 0.0 0.0 0.0 0.0 0.0 
0.0 0.0 -0.6 0.0 -0.4 0.9 1.7 -0.7 0.0 0.0 0.0 0.0 0.0 0.0 0.0 0.0 0.0 0.0 0.0 
0.0 0.0 1.0 0.0 -0.4 0.4 0.0 0.0 0.0 0.0 0.0 0.0 0.0 0.0 0.0 0.0 0.0 0.0 0.0 
0.0 0.0 -0.5 0.0 -0.3 0.9 1.3 -0.3 0.0 0.0 0.0 0.0 0.0 0.0 0.0 0.0 0.0 0.0 0.0 
0.0 0.0 -1.2 0.0 -0.7 1.9 1.6 -0.6 0.0 0.0 0.0 0.0 0.0 0.0 0.0 0.0 0.0 0.0 0.0 
0.0 0.0 1.1 0.0 0.7 -1.8 0.0 0.0 -0.5 1.5 0.0 0.0 0.0 0.0 0.0 0.0 0.0 0.0 0.0 
0.0 0.0 -0.5 0.0 -0.3 0.9 0.0 0.0 0.3 0.7 0.0 0.0 0.0 0.0 0.0 0.0 0.0 0.0 0.0 
0.0 0.0 -0.1 0.0 -0.0 0.1 0.0 0.0 0.0 0.0 0.0 1.0 0.0 0.0 0.0 0.0 0.0 0.0 0.0 
0.0 0.0 -0.3 0.0 -0.2 0.5 0.0 0.0 0.0 0.0 1.0 -0.0 0.0 0.0 0.0 0.0 0.0 0.0 0.0 
0.0 0.0 -1.7 0.0 -1.0 2.7 0.0 0.0 0.0 0.0 0.0 0.0 -2.8 3.8 0.0 0.0 0.0 0.0 0.0 
0.0 0.0 -1.3 0.0 -0.8 2.1 0.0 0.0 0.0 0.0 0.0 0.0 -1.5 2.5 0.0 0.0 0.0 0.0 0.0 
0.0 0.0 -1.2 0.0 -0.7 1.9 0.0 0.0 0.0 0.0 0.0 0.0 0.0 0.0 1.0 -0.0 0.0 0.0 0.0 
0.0 0.0 -0.7 0.0 -0.4 1.1 0.0 0.0 0.0 0.0 0.0 0.0 0.0 0.0 0.5 0.5 0.0 0.0 0.0 
0.0 0.0 -0.4 0.0 -0.3 0.7 0.0 0.0 0.0 0.0 0.0 0.0 0.0 0.0 0.0 0.0 0.3 0.7 0.0 
0.0 0.0 1.1 0.0 0.7 -1.8 0.0 0.0 0.0 0.0 0.0 0.0 0.0 0.0 0.0 0.0 -0.1 1.1 0.0 
0.0 -0.0 1.2 0.0 0.7 -1.9 -0.2 0.1 -0.7 1.1 -2.9 1.9 -8.8 10.3 4.1 -5.5 -0.9 1.6 0.8 
0.0 -0.0 1.7 0.0 0.9 -2.6 -0.7 0.4 -2.3 3.6 -9.8 6.4 -29.5 34.7 13.8 -18.6 -3.1 5.5 0.5 
0.0 -0.0 12.3 0.0 7.2 -19.4 -0.9 0.7 -3.6 4.2 -14.0 13.8 -39.1 36.5 33.9 -27.1 -11.9 4.1 4.4 

0.0 2.0 0.0 -1.0 0.0 0.0 0.0 0.0 0.0 0.0 0.0 0.0 0.0 0.0 0.0 0.0 0.0 0.0 0.0 
0.0 0.0 1.3 0.0 -0.3 0.0 0.0 0.0 0.0 0.0 0.0 0.0 0.0 0.0 0.0 0.0 0.0 0.0 0.0 
0.0 0.0 -0.4 0.0 -0.3 0.7 1.6 -0.6 0.0 0.0 0.0 0.0 0.0 0.0 0.0 0.0 0.0 0.0 0.0 
0.0 0.0 0.8 0.0 -0.1 0.4 0.0 0.0 0.0 0.0 0.0 0.0 0.0 0.0 0.0 0.0 0.0 0.0 0.0 
0.0 0.0 -0.4 0.0 -0.2 0.6 1.2 -0.2 0.0 0.0 0.0 0.0 0.0 0.0 0.0 0.0 0.0 0.0 0.0 
0.0 0.0 -1.1 0.0 -0.6 1.7 1.4 -0.4 0.0 0.0 0.0 0.0 0.0 0.0 0.0 0.0 0.0 0.0 0.0 
0.0 0.0 1.1 0.0 0.7 -1.8 0.0 0.0 -0.4 1.4 0.0 0.0 0.0 0.0 0.0 0.0 0.0 0.0 0.0 
0.0 0.0 -0.6 0.0 -0.3 0.9 0.0 0.0 0.4 0.6 0.0 0.0 0.0 0.0 0.0 0.0 0.0 0.0 0.0 
0.0 0.0 0.0 0.0 0.0 -0.0 0.0 0.0 0.0 0.0 -0.1 1.1 0.0 0.0 0.0 0.0 0.0 0.0 0.0 
0.0 0.0 -0.2 0.0 -0.1 0.4 0.0 0.0 0.0 0.0 0.9 0.1 0.0 0.0 0.0 0.0 0.0 0.0 0.0 
0.0 0.0 -1.5 0.0 -0.9 2.3 0.0 0.0 0.0 0.0 0.0 0.0 -2.5 3.5 0.0 0.0 0.0 0.0 0.0 
0.0 0.0 -1.1 0.0 -0.6 1.7 0.0 0.0 0.0 0.0 0.0 0.0 -1.2 2.2 0.0 0.0 0.0 0.0 0.0 
0.0 0.0 -1.0 0.0 -0.6 1.7 0.0 0.0 0.0 0.0 0.0 0.0 0.0 0.0 1.2 -0.2 0.0 0.0 0.0 
0.0 0.0 -0.6 0.0 -0.3 0.9 0.0 0.0 0.0 0.0 0.0 0.0 0.0 0.0 0.6 0.4 0.0 0.0 0.0 
0.0 0.0 -0.5 0.0 -0.3 0.9 0.0 0.0 0.0 0.0 0.0 0.0 0.0 0.0 0.0 0.0 0.4 0.6 0.0 
0.0 0.0 1.0 0.0 0.6 -1.6 0.0 0.0 0.0 0.0 0.0 0.0 0.0 0.0 0.0 0.0 0.0 1.0 0.0 
0.0 -0.0 1.1 0.0 0.6 -1.7 -0.2 0.1 -0.5 0.8 -2.3 1.5 -6.9 8.1 3.2 -4.4 -0.7 1.3 0.9 
0.0 -0.0 1.6 0.0 0.8 -2.4 -0.7 0.4 -2.1 3.4 -9.2 6.0 -27.6 32.5 12.9 -17.4 -2.9 5.1 0.5 
0.0 -0.0 13.0 0.0 7.6 -20.6 -0.7 0.6 -3.0 3.3 -11.5 12.3 -32.1 27.9 31.6 -23.4 -11.7 3.2 4.6 

0.0 1.5 0.0 -0.5 0.0 0.0 0.0 0.0 0.0 0.0 0.0 0.0 0.0 0.0 0.0 0.0 0.0 0.0 0.0 
0.0 0.0 1.0 0.0 0.0 0.0 0.0 0.0 0.0 0.0 0.0 0.0 0.0 0.0 0.0 0.0 0.0 0.0 0.0 
0.0 0.0 -0.3 0.0 -0.2 0.5 1.4 -0.4 0.0 0.0 0.0 0.0 0.0 0.0 0.0 0.0 0.0 0.0 0.0 
0.0 0.0 0.5 0.0 0.1 0.4 0.0 0.0 0.0 0.0 0.0 0.0 0.0 0.0 0.0 0.0 0.0 0.0 0.0 
0.0 0.0 -0.3 0.0 -0.2 0.4 1.1 -0.1 0.0 0.0 0.0 0.0 0.0 0.0 0.0 0.0 0.0 0.0 0.0 
0.0 0.0 -0.9 0.0 -0.5 1.5 1.3 -0.3 0.0 0.0 0.0 0.0 0.0 0.0 0.0 0.0 0.0 0.0 0.0 
0.0 0.0 1.1 0.0 0.7 -1.7 0.0 0.0 -0.2 1.2 0.0 0.0 0.0 0.0 0.0 0.0 0.0 0.0 0.0 
0.0 0.0 -0.6 0.0 -0.3 0.9 0.0 0.0 0.5 0.5 0.0 0.0 0.0 0.0 0.0 0.0 0.0 0.0 0.0 
0.0 0.0 0.1 0.0 0.1 -0.2 0.0 0.0 0.0 0.0 -0.3 1.3 0.0 0.0 0.0 0.0 0.0 0.0 0.0 
0.0 0.0 -0.1 0.0 -0.1 0.2 0.0 0.0 0.0 0.0 0.7 0.3 0.0 0.0 0.0 0.0 0.0 0.0 0.0 
0.0 0.0 -1.2 0.0 -0.7 2.0 0.0 0.0 0.0 0.0 0.0 0.0 -2.3 3.3 0.0 0.0 0.0 0.0 0.0 
0.0 0.0 -0.8 0.0 -0.5 1.3 0.0 0.0 0.0 0.0 0.0 0.0 -0.9 1.9 0.0 0.0 0.0 0.0 0.0 
0.0 0.0 -0.9 0.0 -0.5 1.4 0.0 0.0 0.0 0.0 0.0 0.0 0.0 0.0 1.4 -0.4 0.0 0.0 0.0 
0.0 0.0 -0.4 0.0 -0.2 0.6 0.0 0.0 0.0 0.0 0.0 0.0 0.0 0.0 0.8 0.2 0.0 0.0 0.0 
0.0 0.0 -0.7 0.0 -0.4 1.0 0.0 0.0 0.0 0.0 0.0 0.0 0.0 0.0 0.0 0.0 0.5 0.5 0.0 
0.0 0.0 0.9 0.0 0.5 -1.5 0.0 0.0 0.0 0.0 0.0 0.0 0.0 0.0 0.0 0.0 0.1 0.9 0.0 
0.0 -0.0 0.9 0.0 0.5 -1.5 -0.1 0.1 -0.4 0.6 -1.7 1.1 -5.0 5.9 2.3 -3.2 -0.5 0.9 0.9 
0.0 -0.0 1.5 0.0 0.8 -2.2 -0.6 0.4 -2.0 3.1 -8.5 5.6 -25.7 30.3 12.0 -16.2 -2.7 4.8 0.5 
0.0 -0.0 13.6 0.0 8.1 -21.7 -0.5 0.4 -2.5 2.3 -9.1 10.9 -25.2 19.4 29.4 -19.6 -11.6 2.3 4.7 

0.0 1.0 0.0 0.0 0.0 0.0 0.0 0.0 0.0 0.0 0.0 0.0 0.0 0.0 0.0 0.0 0.0 0.0 0.0 
0.0 0.0 0.8 0.0 0.3 0.0 0.0 0.0 0.0 0.0 0.0 0.0 0.0 0.0 0.0 0.0 0.0 0.0 0.0 
0.0 0.0 -0.2 0.0 -0.1 0.3 1.3 -0.3 0.0 0.0 0.0 0.0 0.0 0.0 0.0 0.0 0.0 0.0 0.0 
0.0 0.0 0.3 0.0 0.3 0.4 0.0 0.0 0.0 0.0 0.0 0.0 0.0 0.0 0.0 0.0 0.0 0.0 0.0 
0.0 0.0 -0.1 0.0 -0.1 0.2 1.0 0.0 0.0 0.0 0.0 0.0 0.0 0.0 0.0 0.0 0.0 0.0 0.0 
0.0 0.0 -0.8 0.0 -0.5 1.2 1.2 -0.2 0.0 0.0 0.0 0.0 0.0 0.0 0.0 0.0 0.0 0.0 0.0 
0.0 0.0 1.1 0.0 0.6 -1.7 0.0 0.0 -0.1 1.1 0.0 0.0 0.0 0.0 0.0 0.0 0.0 0.0 0.0 
0.0 0.0 -0.6 0.0 -0.3 0.9 0.0 0.0 0.7 0.3 0.0 0.0 0.0 0.0 0.0 0.0 0.0 0.0 0.0 
0.0 0.0 0.2 0.0 0.1 -0.3 0.0 0.0 0.0 0.0 -0.5 1.5 0.0 0.0 0.0 0.0 0.0 0.0 0.0 
0.0 0.0 -0.1 0.0 -0.0 0.1 0.0 0.0 0.0 0.0 0.5 0.5 0.0 0.0 0.0 0.0 0.0 0.0 0.0 
0.0 0.0 -1.0 0.0 -0.6 1.6 0.0 0.0 0.0 0.0 0.0 0.0 -2.0 3.0 0.0 0.0 0.0 0.0 0.0 
0.0 0.0 -0.6 0.0 -0.4 1.0 0.0 0.0 0.0 0.0 0.0 0.0 -0.6 1.6 0.0 0.0 0.0 0.0 0.0 
0.0 0.0 -0.7 0.0 -0.4 1.2 0.0 0.0 0.0 0.0 0.0 0.0 0.0 0.0 1.6 -0.6 0.0 0.0 0.0 
0.0 0.0 -0.3 0.0 -0.1 0.4 0.0 0.0 0.0 0.0 0.0 0.0 0.0 0.0 1.0 0.0 0.0 0.0 0.0 
0.0 0.0 -0.8 0.0 -0.5 1.2 0.0 0.0 0.0 0.0 0.0 0.0 0.0 0.0 0.0 0.0 0.6 0.4 0.0 
0.0 0.0 0.8 0.0 0.5 -1.3 0.0 0.0 0.0 0.0 0.0 0.0 0.0 0.0 0.0 0.0 0.2 0.8 0.0 
0.0 -0.0 0.8 0.0 0.5 -1.3 -0.1 0.0 -0.2 0.4 -1.0 0.7 -3.1 3.7 1.5 -2.0 -0.3 0.6 0.9 
0.0 -0.0 1.3 0.0 0.7 -2.0 -0.6 0.3 -1.8 2.9 -7.9 5.2 -23.8 28.1 11.1 -15.0 -2.5 4.4 0.6 
0.0 -0.0 14.3 0.0 8.5 -22.8 -0.3 0.3 -1.9 1.3 -6.6 9.4 -18.2 10.9 27.1 -15.9 -11.4 1.4 4.9 

0.0 0.5 0.0 0.5 0.0 0.0 0.0 0.0 0.0 0.0 0.0 0.0 0.0 0.0 0.0 0.0 0.0 0.0 0.0 
0.0 0.0 0.5 0.0 0.5 0.0 0.0 0.0 0.0 0.0 0.0 0.0 0.0 0.0 0.0 0.0 0.0 0.0 0.0 
0.0 0.0 -0.0 0.0 -0.0 0.0 1.2 -0.2 0.0 0.0 0.0 0.0 0.0 0.0 0.0 0.0 0.0 0.0 0.0 
0.0 0.0 0.0 0.0 0.6 0.4 0.0 0.0 0.0 0.0 0.0 0.0 0.0 0.0 0.0 0.0 0.0 0.0 0.0 
0.0 0.0 0.0 0.0 0.0 -0.0 0.8 0.2 0.0 0.0 0.0 0.0 0.0 0.0 0.0 0.0 0.0 0.0 0.0 
0.0 0.0 -0.6 0.0 -0.4 1.0 1.0 -0.0 0.0 0.0 0.0 0.0 0.0 0.0 0.0 0.0 0.0 0.0 0.0 
0.0 0.0 1.1 0.0 0.6 -1.7 0.0 0.0 0.0 1.0 0.0 0.0 0.0 0.0 0.0 0.0 0.0 0.0 0.0 
0.0 0.0 -0.6 0.0 -0.4 1.0 0.0 0.0 0.8 0.2 0.0 0.0 0.0 0.0 0.0 0.0 0.0 0.0 0.0 
0.0 0.0 0.3 0.0 0.2 -0.4 0.0 0.0 0.0 0.0 -0.6 1.6 0.0 0.0 0.0 0.0 0.0 0.0 0.0 
0.0 0.0 0.0 0.0 0.0 -0.0 0.0 0.0 0.0 0.0 0.4 0.6 0.0 0.0 0.0 0.0 0.0 0.0 0.0 
0.0 0.0 -0.8 0.0 -0.5 1.2 0.0 0.0 0.0 0.0 0.0 0.0 -1.7 2.7 0.0 0.0 0.0 0.0 0.0 
0.0 0.0 -0.4 0.0 -0.2 0.6 0.0 0.0 0.0 0.0 0.0 0.0 -0.4 1.4 0.0 0.0 0.0 0.0 0.0 
0.0 0.0 -0.6 0.0 -0.3 0.9 0.0 0.0 0.0 0.0 0.0 0.0 0.0 0.0 1.7 -0.7 0.0 0.0 0.0 
0.0 0.0 -0.1 0.0 -0.1 0.2 0.0 0.0 0.0 0.0 0.0 0.0 0.0 0.0 1.2 -0.2 0.0 0.0 0.0 
0.0 0.0 -0.9 0.0 -0.5 1.4 0.0 0.0 0.0 0.0 0.0 0.0 0.0 0.0 0.0 0.0 0.6 0.4 0.0 
0.0 0.0 0.7 0.0 0.4 -1.1 0.0 0.0 0.0 0.0 0.0 0.0 0.0 0.0 0.0 0.0 0.3 0.7 0.0 
0.0 -0.0 0.7 0.0 0.4 -1.1 -0.0 0.0 -0.1 0.2 -0.4 0.3 -1.3 1.5 0.6 -0.8 -0.1 0.2 1.0 
0.0 -0.0 1.2 0.0 0.6 -1.8 -0.5 0.3 -1.7 2.7 -7.3 4.8 -21.9 25.8 10.3 -13.9 -2.3 4.1 0.6 
0.0 -0.0 15.0 0.0 8.9 -24.0 -0.1 0.2 -1.3 0.3 -4.2 8.0 -11.3 2.3 24.9 -12.2 -11.3 0.5 5.0 

0.0 0.0 0.0 1.0 0.0 0.0 0.0 0.0 0.0 0.0 0.0 0.0 0.0 0.0 0.0 0.0 0.0 0.0 0.0 
0.0 0.0 0.3 0.0 0.8 0.0 0.0 0.0 0.0 0.0 0.0 0.0 0.0 0.0 0.0 0.0 0.0 0.0 0.0 
0.0 0.0 0.1 0.0 0.1 -0.2 1.0 -0.0 0.0 0.0 0.0 0.0 0.0 0.0 0.0 0.0 0.0 0.0 0.0 
0.0 0.0 -0.3 0.0 0.8 0.4 0.0 0.0 0.0 0.0 0.0 0.0 0.0 0.0 0.0 0.0 0.0 0.0 0.0 
0.0 0.0 0.2 0.0 0.1 -0.3 0.7 0.3 0.0 0.0 0.0 0.0 0.0 0.0 0.0 0.0 0.0 0.0 0.0 
0.0 0.0 -0.5 0.0 -0.3 0.8 0.9 0.1 0.0 0.0 0.0 0.0 0.0 0.0 0.0 0.0 0.0 0.0 0.0 
0.0 0.0 1.0 0.0 0.6 -1.7 0.0 0.0 0.2 0.8 0.0 0.0 0.0 0.0 0.0 0.0 0.0 0.0 0.0 
0.0 0.0 -0.6 0.0 -0.4 1.0 0.0 0.0 0.9 0.1 0.0 0.0 0.0 0.0 0.0 0.0 0.0 0.0 0.0 
0.0 0.0 0.3 0.0 0.2 -0.6 0.0 0.0 0.0 0.0 -0.8 1.8 0.0 0.0 0.0 0.0 0.0 0.0 0.0 
0.0 0.0 0.1 0.0 0.1 -0.2 0.0 0.0 0.0 0.0 0.2 0.8 0.0 0.0 0.0 0.0 0.0 0.0 0.0 
0.0 0.0 -0.5 0.0 -0.3 0.9 0.0 0.0 0.0 0.0 0.0 0.0 -1.5 2.5 0.0 0.0 0.0 0.0 0.0 
0.0 0.0 -0.2 0.0 -0.1 0.3 0.0 0.0 0.0 0.0 0.0 0.0 -0.1 1.1 0.0 0.0 0.0 0.0 0.0 
0.0 0.0 -0.4 0.0 -0.3 0.7 0.0 0.0 0.0 0.0 0.0 0.0 0.0 0.0 1.9 -0.9 0.0 0.0 0.0 
0.0 0.0 0.1 0.0 0.0 -0.1 0.0 0.0 0.0 0.0 0.0 0.0 0.0 0.0 1.4 -0.4 0.0 0.0 0.0 
0.0 0.0 -1.0 0.0 -0.6 1.6 0.0 0.0 0.0 0.0 0.0 0.0 0.0 0.0 0.0 0.0 0.7 0.3 0.0 
0.0 0.0 0.6 0.0 0.3 -0.9 0.0 0.0 0.0 0.0 0.0 0.0 0.0 0.0 0.0 0.0 0.3 0.7 0.0 
-0.0 0.0 0.5 -0.0 0.3 -0.9 0.0 -0.0 0.0 -0.1 0.2 -0.1 0.6 -0.7 -0.3 0.4 0.1 -0.1 1.0 
0.0 -0.0 1.0 0.0 0.5 -1.6 -0.5 0.3 -1.5 2.4 -6.7 4.4 -20.1 23.6 9.4 -12.7 -2.1 3.7 0.6 
0.0 -0.0 15.7 0.0 9.4 -25.1 0.1 0.1 -0.7 -0.6 -1.7 6.6 -4.3 -6.2 22.6 -8.5 -11.1 -0.4 5.2 

0.0 -0.5 0.0 1.5 0.0 0.0 0.0 0.0 0.0 0.0 0.0 0.0 0.0 0.0 0.0 0.0 0.0 0.0 0.0 
0.0 0.0 0.0 0.0 1.0 0.0 0.0 0.0 0.0 0.0 0.0 0.0 0.0 0.0 0.0 0.0 0.0 0.0 0.0 
0.0 0.0 0.3 0.0 0.2 -0.4 0.9 0.1 0.0 0.0 0.0 0.0 0.0 0.0 0.0 0.0 0.0 0.0 0.0 
0.0 0.0 -0.5 0.0 1.1 0.4 0.0 0.0 0.0 0.0 0.0 0.0 0.0 0.0 0.0 0.0 0.0 0.0 0.0 
0.0 0.0 0.3 0.0 0.2 -0.5 0.6 0.4 0.0 0.0 0.0 0.0 0.0 0.0 0.0 0.0 0.0 0.0 0.0 
0.0 0.0 -0.3 0.0 -0.2 0.6 0.8 0.2 0.0 0.0 0.0 0.0 0.0 0.0 0.0 0.0 0.0 0.0 0.0 
0.0 0.0 1.0 0.0 0.6 -1.6 0.0 0.0 0.3 0.7 0.0 0.0 0.0 0.0 0.0 0.0 0.0 0.0 0.0 
0.0 0.0 -0.6 0.0 -0.4 1.0 0.0 0.0 1.1 -0.1 0.0 0.0 0.0 0.0 0.0 0.0 0.0 0.0 0.0 
0.0 0.0 0.4 0.0 0.3 -0.7 0.0 0.0 0.0 0.0 -1.0 2.0 0.0 0.0 0.0 0.0 0.0 0.0 0.0 
0.0 0.0 0.2 0.0 0.1 -0.3 0.0 0.0 0.0 0.0 0.0 1.0 0.0 0.0 0.0 0.0 0.0 0.0 0.0 
0.0 0.0 -0.3 0.0 -0.2 0.5 0.0 0.0 0.0 0.0 0.0 0.0 -1.2 2.2 0.0 0.0 0.0 0.0 0.0 
0.0 0.0 0.1 0.0 0.0 -0.1 0.0 0.0 0.0 0.0 0.0 0.0 0.2 0.8 0.0 0.0 0.0 0.0 0.0 
0.0 0.0 -0.3 0.0 -0.2 0.4 0.0 0.0 0.0 0.0 0.0 0.0 0.0 0.0 2.1 -1.1 0.0 0.0 0.0 
0.0 0.0 0.2 0.0 0.1 -0.3 0.0 0.0 0.0 0.0 0.0 0.0 0.0 0.0 1.5 -0.5 0.0 0.0 0.0 
0.0 0.0 -1.1 0.0 -0.7 1.7 0.0 0.0 0.0 0.0 0.0 0.0 0.0 0.0 0.0 0.0 0.8 0.2 0.0 
0.0 0.0 0.5 0.0 0.3 -0.8 0.0 0.0 0.0 0.0 0.0 0.0 0.0 0.0 0.0 0.0 0.4 0.6 0.0 
-0.0 0.0 0.4 -0.0 0.3 -0.7 0.1 -0.0 0.2 -0.3 0.8 -0.5 2.5 -3.0 -1.2 1.6 0.3 -0.5 1.0 
0.0 -0.0 0.9 0.0 0.5 -1.4 -0.5 0.3 -1.4 2.2 -6.0 3.9 -18.2 21.4 8.5 -11.5 -1.9 3.4 0.7 
-0.0 0.0 16.4 -0.0 9.8 -26.2 0.3 -0.0 -0.1 -1.6 0.8 5.1 2.6 -14.7 20.4 -4.8 -11.0 -1.3 5.3 

0.0 -1.0 0.0 2.0 0.0 0.0 0.0 0.0 0.0 0.0 0.0 0.0 0.0 0.0 0.0 0.0 0.0 0.0 0.0 
0.0 0.0 -0.3 0.0 1.3 0.0 0.0 0.0 0.0 0.0 0.0 0.0 0.0 0.0 0.0 0.0 0.0 0.0 0.0 
0.0 0.0 0.4 0.0 0.2 -0.6 0.8 0.2 0.0 0.0 0.0 0.0 0.0 0.0 0.0 0.0 0.0 0.0 0.0 
0.0 0.0 -0.8 0.0 1.4 0.4 0.0 0.0 0.0 0.0 0.0 0.0 0.0 0.0 0.0 0.0 0.0 0.0 0.0 
0.0 0.0 0.4 0.0 0.3 -0.7 0.4 0.6 0.0 0.0 0.0 0.0 0.0 0.0 0.0 0.0 0.0 0.0 0.0 
0.0 0.0 -0.2 0.0 -0.1 0.3 0.7 0.3 0.0 0.0 0.0 0.0 0.0 0.0 0.0 0.0 0.0 0.0 0.0 
0.0 0.0 1.0 0.0 0.6 -1.6 0.0 0.0 0.4 0.6 0.0 0.0 0.0 0.0 0.0 0.0 0.0 0.0 0.0 
0.0 0.0 -0.7 0.0 -0.4 1.0 0.0 0.0 1.2 -0.2 0.0 0.0 0.0 0.0 0.0 0.0 0.0 0.0 0.0 
0.0 0.0 0.5 0.0 0.3 -0.8 0.0 0.0 0.0 0.0 -1.1 2.1 0.0 0.0 0.0 0.0 0.0 0.0 0.0 
0.0 0.0 0.3 0.0 0.2 -0.4 0.0 0.0 0.0 0.0 -0.1 1.1 0.0 0.0 0.0 0.0 0.0 0.0 0.0 
0.0 0.0 -0.1 0.0 -0.1 0.1 0.0 0.0 0.0 0.0 0.0 0.0 -0.9 1.9 0.0 0.0 0.0 0.0 0.0 
0.0 0.0 0.3 0.0 0.2 -0.5 0.0 0.0 0.0 0.0 0.0 0.0 0.5 0.5 0.0 0.0 0.0 0.0 0.0 
0.0 0.0 -0.1 0.0 -0.1 0.2 0.0 0.0 0.0 0.0 0.0 0.0 0.0 0.0 2.3 -1.3 0.0 0.0 0.0 
0.0 0.0 0.4 0.0 0.2 -0.6 0.0 0.0 0.0 0.0 0.0 0.0 0.0 0.0 1.7 -0.7 0.0 0.0 0.0 
0.0 0.0 -1.2 0.0 -0.7 1.9 0.0 0.0 0.0 0.0 0.0 0.0 0.0 0.0 0.0 0.0 0.9 0.1 0.0 
0.0 0.0 0.4 0.0 0.2 -0.6 0.0 0.0 0.0 0.0 0.0 0.0 0.0 0.0 0.0 0.0 0.5 0.5 0.0 
-0.0 0.0 0.3 -0.0 0.2 -0.4 0.1 -0.1 0.3 -0.5 1.5 -1.0 4.4 -5.2 -2.1 2.8 0.5 -0.8 1.1 
0.0 -0.0 0.8 0.0 0.4 -1.1 -0.4 0.2 -1.2 2.0 -5.4 3.5 -16.3 19.2 7.6 -10.3 -1.7 3.0 0.7 
-0.0 0.0 17.0 -0.0 10.3 -27.3 0.5 -0.1 0.4 -2.6 3.2 3.7 9.6 -23.2 18.1 -1.1 -10.8 -2.2 5.5 

0.0 -1.5 0.0 2.5 0.0 0.0 0.0 0.0 0.0 0.0 0.0 0.0 0.0 0.0 0.0 0.0 0.0 0.0 0.0 
0.0 0.0 -0.5 0.0 1.5 0.0 0.0 0.0 0.0 0.0 0.0 0.0 0.0 0.0 0.0 0.0 0.0 0.0 0.0 
0.0 0.0 0.5 0.0 0.3 -0.9 0.7 0.3 0.0 0.0 0.0 0.0 0.0 0.0 0.0 0.0 0.0 0.0 0.0 
0.0 0.0 -1.0 0.0 1.6 0.4 0.0 0.0 0.0 0.0 0.0 0.0 0.0 0.0 0.0 0.0 0.0 0.0 0.0 
0.0 0.0 0.6 0.0 0.4 -0.9 0.3 0.7 0.0 0.0 0.0 0.0 0.0 0.0 0.0 0.0 0.0 0.0 0.0 
0.0 0.0 -0.1 0.0 -0.0 0.1 0.5 0.5 0.0 0.0 0.0 0.0 0.0 0.0 0.0 0.0 0.0 0.0 0.0 
0.0 0.0 1.0 0.0 0.6 -1.6 0.0 0.0 0.6 0.4 0.0 0.0 0.0 0.0 0.0 0.0 0.0 0.0 0.0 
0.0 0.0 -0.7 0.0 -0.4 1.1 0.0 0.0 1.3 -0.3 0.0 0.0 0.0 0.0 0.0 0.0 0.0 0.0 0.0 
0.0 0.0 0.6 0.0 0.4 -1.0 0.0 0.0 0.0 0.0 -1.3 2.3 0.0 0.0 0.0 0.0 0.0 0.0 0.0 
0.0 0.0 0.3 0.0 0.2 -0.6 0.0 0.0 0.0 0.0 -0.3 1.3 0.0 0.0 0.0 0.0 0.0 0.0 0.0 
0.0 0.0 0.1 0.0 0.1 -0.2 0.0 0.0 0.0 0.0 0.0 0.0 -0.6 1.6 0.0 0.0 0.0 0.0 0.0 
0.0 0.0 0.5 0.0 0.3 -0.8 0.0 0.0 0.0 0.0 0.0 0.0 0.7 0.3 0.0 0.0 0.0 0.0 0.0 
0.0 0.0 0.0 0.0 0.0 -0.1 0.0 0.0 0.0 0.0 0.0 0.0 0.0 0.0 2.5 -1.5 0.0 0.0 0.0 
0.0 0.0 0.5 0.0 0.3 -0.8 0.0 0.0 0.0 0.0 0.0 0.0 0.0 0.0 1.9 -0.9 0.0 0.0 0.0 
0.0 0.0 -1.3 0.0 -0.8 2.1 0.0 0.0 0.0 0.0 0.0 0.0 0.0 0.0 0.0 0.0 1.0 0.0 0.0 
0.0 0.0 0.3 0.0 0.2 -0.4 0.0 0.0 0.0 0.0 0.0 0.0 0.0 0.0 0.0 0.0 0.6 0.4 0.0 
-0.0 0.0 0.1 -0.0 0.1 -0.2 0.2 -0.1 0.5 -0.8 2.1 -1.4 6.3 -7.4 -2.9 4.0 0.7 -1.2 1.1 
0.0 -0.0 0.6 0.0 0.3 -0.9 -0.4 0.2 -1.1 1.8 -4.8 3.1 -14.4 17.0 6.7 -9.1 -1.5 2.7 0.7 
-0.0 0.0 17.7 -0.0 10.7 -28.5 0.7 -0.2 1.0 -3.6 5.7 2.3 16.5 -31.8 15.9 2.6 -10.7 -3.0 5.7 

0.0 -2.0 0.0 3.0 0.0 0.0 0.0 0.0 0.0 0.0 0.0 0.0 0.0 0.0 0.0 0.0 0.0 0.0 0.0 
0.0 0.0 -0.8 0.0 1.8 0.0 0.0 0.0 0.0 0.0 0.0 0.0 0.0 0.0 0.0 0.0 0.0 0.0 0.0 
0.0 0.0 0.7 0.0 0.4 -1.1 0.5 0.5 0.0 0.0 0.0 0.0 0.0 0.0 0.0 0.0 0.0 0.0 0.0 
0.0 0.0 -1.3 0.0 1.9 0.4 0.0 0.0 0.0 0.0 0.0 0.0 0.0 0.0 0.0 0.0 0.0 0.0 0.0 
0.0 0.0 0.7 0.0 0.4 -1.2 0.2 0.8 0.0 0.0 0.0 0.0 0.0 0.0 0.0 0.0 0.0 0.0 0.0 
0.0 0.0 0.1 0.0 0.0 -0.1 0.4 0.6 0.0 0.0 0.0 0.0 0.0 0.0 0.0 0.0 0.0 0.0 0.0 
0.0 0.0 1.0 0.0 0.6 -1.6 0.0 0.0 0.7 0.3 0.0 0.0 0.0 0.0 0.0 0.0 0.0 0.0 0.0 
0.0 0.0 -0.7 0.0 -0.4 1.1 0.0 0.0 1.5 -0.5 0.0 0.0 0.0 0.0 0.0 0.0 0.0 0.0 0.0 
0.0 0.0 0.7 0.0 0.4 -1.1 0.0 0.0 0.0 0.0 -1.5 2.5 0.0 0.0 0.0 0.0 0.0 0.0 0.0 
0.0 0.0 0.4 0.0 0.3 -0.7 0.0 0.0 0.0 0.0 -0.5 1.5 0.0 0.0 0.0 0.0 0.0 0.0 0.0 
0.0 0.0 0.4 0.0 0.2 -0.6 0.0 0.0 0.0 0.0 0.0 0.0 -0.4 1.4 0.0 0.0 0.0 0.0 0.0 
0.0 0.0 0.8 0.0 0.5 -1.2 0.0 0.0 0.0 0.0 0.0 0.0 1.0 0.0 0.0 0.0 0.0 0.0 0.0 
0.0 0.0 0.2 0.0 0.1 -0.3 0.0 0.0 0.0 0.0 0.0 0.0 0.0 0.0 2.6 -1.6 0.0 0.0 0.0 
0.0 0.0 0.7 0.0 0.4 -1.1 0.0 0.0 0.0 0.0 0.0 0.0 0.0 0.0 2.1 -1.1 0.0 0.0 0.0 
0.0 0.0 -1.4 0.0 -0.8 2.3 0.0 0.0 0.0 0.0 0.0 0.0 0.0 0.0 0.0 0.0 1.1 -0.1 0.0 
0.0 0.0 0.1 0.0 0.1 -0.2 0.0 0.0 0.0 0.0 0.0 0.0 0.0 0.0 0.0 0.0 0.7 0.3 0.0 
-0.0 0.0 -0.0 -0.0 0.0 -0.0 0.2 -0.1 0.6 -1.0 2.7 -1.8 8.2 -9.6 -3.8 5.1 0.8 -1.5 1.1 
0.0 -0.0 0.5 0.0 0.2 -0.7 -0.3 0.2 -1.0 1.5 -4.2 2.7 -12.5 14.8 5.9 -7.9 -1.3 2.3 0.8 
-0.0 0.0 18.4 -0.0 11.1 -29.6 0.9 -0.4 1.6 -4.6 8.1 0.8 23.5 -40.3 13.6 6.4 -10.5 -3.9 5.8 

1.0
0.0
1.5
0.0
1.5
4.0
3.3
7.7
9.0
9.5
10.2
12.2
17.5
14.2
15.6
12.1
12.4
17.8
17.3
