0.0 9.0 -8.0 0.0 0.0 0.0 0.0 0.0 0.0 0.0 0.0 0.0 0.0 0.0 0.0 0.0 
0.0 0.0 0.0 3.0 -0.5 -1.5 0.0 0.0 0.0 0.0 0.0 0.0 0.0 0.0 0.0 0.0 
0.0 0.0 0.0 4.0 -1.0 -2.0 0.0 0.0 0.0 0.0 0.0 0.0 0.0 0.0 0.0 0.0 
0.0 0.0 0.0 7.3 -2.7 -4.5 -0.8 1.8 0.0 0.0 0.0 0.0 0.0 0.0 0.0 0.0 
0.0 0.0 0.0 9.8 -3.7 -6.1 -1.3 2.3 0.0 0.0 0.0 0.0 0.0 0.0 0.0 0.0 
0.0 0.0 0.0 4.1 -1.6 -2.6 -0.4 1.4 0.0 0.0 0.0 0.0 0.0 0.0 0.0 0.0 
0.0 0.0 0.0 5.0 -1.9 -3.1 0.0 0.0 0.0 1.0 0.0 0.0 0.0 0.0 0.0 0.0 
0.0 0.0 0.0 -1.0 0.4 0.6 0.0 0.0 -0.4 1.4 0.0 0.0 0.0 0.0 0.0 0.0 
0.0 0.0 0.0 -145.3 54.5 90.8 0.0 0.0 0.0 0.0 20.0 -19.0 0.0 0.0 0.0 0.0 
0.0 0.0 0.0 -223.3 83.8 139.6 0.0 0.0 0.0 0.0 30.5 -29.5 0.0 0.0 0.0 0.0 
0.0 0.0 0.0 3.1 -1.2 -1.9 0.0 0.0 0.0 0.0 0.0 0.0 1.4 -0.4 0.0 0.0 
0.0 0.0 0.0 -3.9 1.4 2.4 0.0 0.0 0.0 0.0 0.0 0.0 1.4 -0.4 0.0 0.0 
0.0 0.0 0.0 86.7 -32.5 -54.2 0.0 0.0 0.0 0.0 0.0 0.0 0.0 0.0 17.0 -16.0 
0.0 0.0 0.0 18.7 -7.0 -11.7 0.0 0.0 0.0 0.0 0.0 0.0 0.0 0.0 3.5 -2.5 
0.0 -0.4 0.4 1508.9 -564.9 -943.6 6.1 -7.3 -10.4 12.3 -239.1 238.7 11.5 -14.1 -33.1 36.0 
0.0 -0.4 0.4 1542.1 -577.4 -964.4 6.2 -7.4 -10.7 12.6 -246.3 245.9 12.2 -14.7 -37.6 40.5 

0.0 8.0 -7.0 0.0 0.0 0.0 0.0 0.0 0.0 0.0 0.0 0.0 0.0 0.0 0.0 0.0 
0.0 0.0 0.0 3.7 -1.0 -1.7 0.0 0.0 0.0 0.0 0.0 0.0 0.0 0.0 0.0 0.0 
0.0 0.0 0.0 4.7 -1.5 -2.2 0.0 0.0 0.0 0.0 0.0 0.0 0.0 0.0 0.0 0.0 
0.0 0.0 0.0 5.5 -2.1 -3.4 -0.4 1.4 0.0 0.0 0.0 0.0 0.0 0.0 0.0 0.0 
0.0 0.0 0.0 8.0 -3.0 -5.0 -1.0 2.0 0.0 0.0 0.0 0.0 0.0 0.0 0.0 0.0 
0.0 0.0 0.0 2.4 -0.9 -1.5 -0.1 1.1 0.0 0.0 0.0 0.0 0.0 0.0 0.0 0.0 
0.0 0.0 0.0 4.8 -1.8 -3.0 0.0 0.0 0.2 0.8 0.0 0.0 0.0 0.0 0.0 0.0 
0.0 0.0 0.0 -1.1 0.4 0.7 0.0 0.0 -0.2 1.2 0.0 0.0 0.0 0.0 0.0 0.0 
0.0 0.0 0.0 -127.3 47.8 79.6 0.0 0.0 0.0 0.0 17.5 -16.5 0.0 0.0 0.0 0.0 
0.0 0.0 0.0 -205.3 77.0 128.3 0.0 0.0 0.0 0.0 28.0 -27.0 0.0 0.0 0.0 0.0 
0.0 0.0 0.0 3.6 -1.3 -2.2 0.0 0.0 0.0 0.0 0.0 0.0 1.2 -0.2 0.0 0.0 
0.0 0.0 0.0 -3.4 1.3 2.1 0.0 0.0 0.0 0.0 0.0 0.0 1.1 -0.1 0.0 0.0 
0.0 0.0 0.0 69.3 -26.0 -43.3 0.0 0.0 0.0 0.0 0.0 0.0 0.0 0.0 13.5 -12.5 
0.0 0.0 0.0 1.3 -0.5 -0.8 0.0 0.0 0.0 0.0 0.0 0.0 0.0 0.0 0.0 1.0 
0.0 -0.4 0.4 1621.8 -607.2 -1014.3 6.5 -7.8 -11.3 13.4 -268.1 267.4 14.1 -16.4 -51.1 54.0 
0.0 -0.4 0.4 1655.0 -619.7 -1035.0 6.6 -8.0 -11.5 13.7 -275.4 274.6 14.7 -17.0 -55.6 58.5 

0.0 7.0 -6.0 0.0 0.0 0.0 0.0 0.0 0.0 0.0 0.0 0.0 0.0 0.0 0.0 0.0 
0.0 0.0 0.0 4.3 -1.5 -1.8 0.0 0.0 0.0 0.0 0.0 0.0 0.0 0.0 0.0 0.0 
0.0 0.0 0.0 5.3 -2.0 -2.3 0.0 0.0 0.0 0.0 0.0 0.0 0.0 0.0 0.0 0.0 
0.0 0.0 0.0 3.7 -1.4 -2.3 -0.1 1.1 0.0 0.0 0.0 0.0 0.0 0.0 0.0 0.0 
0.0 0.0 0.0 6.2 -2.3 -3.9 -0.7 1.7 0.0 0.0 0.0 0.0 0.0 0.0 0.0 0.0 
0.0 0.0 0.0 0.6 -0.2 -0.4 0.2 0.8 0.0 0.0 0.0 0.0 0.0 0.0 0.0 0.0 
0.0 0.0 0.0 4.6 -1.7 -2.9 0.0 0.0 0.4 0.6 0.0 0.0 0.0 0.0 0.0 0.0 
0.0 0.0 0.0 -1.3 0.5 0.8 0.0 0.0 0.0 1.0 0.0 0.0 0.0 0.0 0.0 0.0 
0.0 0.0 0.0 -109.3 41.0 68.3 0.0 0.0 0.0 0.0 15.0 -14.0 0.0 0.0 0.0 0.0 
0.0 0.0 0.0 -187.3 70.3 117.1 0.0 0.0 0.0 0.0 25.5 -24.5 0.0 0.0 0.0 0.0 
0.0 0.0 0.0 4.0 -1.5 -2.5 0.0 0.0 0.0 0.0 0.0 0.0 1.0 0.0 0.0 0.0 
0.0 0.0 0.0 -3.0 1.1 1.9 0.0 0.0 0.0 0.0 0.0 0.0 0.9 0.1 0.0 0.0 
0.0 0.0 0.0 52.0 -19.5 -32.5 0.0 0.0 0.0 0.0 0.0 0.0 0.0 0.0 10.0 -9.0 
0.0 0.0 0.0 -16.0 6.0 10.0 0.0 0.0 0.0 0.0 0.0 0.0 0.0 0.0 -3.5 4.5 
0.0 -0.5 0.4 1734.8 -649.5 -1084.9 7.0 -8.4 -12.1 14.5 -297.1 296.1 16.6 -18.7 -69.2 72.0 
0.0 -0.5 0.4 1768.0 -661.9 -1105.7 7.1 -8.5 -12.3 14.8 -304.4 303.3 17.2 -19.2 -73.7 76.5 

0.0 6.0 -5.0 0.0 0.0 0.0 0.0 0.0 0.0 0.0 0.0 0.0 0.0 0.0 0.0 0.0 
0.0 0.0 0.0 5.0 -2.0 -2.0 0.0 0.0 0.0 0.0 0.0 0.0 0.0 0.0 0.0 0.0 
0.0 0.0 0.0 6.0 -2.5 -2.5 0.0 0.0 0.0 0.0 0.0 0.0 0.0 0.0 0.0 0.0 
0.0 0.0 0.0 1.9 -0.7 -1.2 0.2 0.8 0.0 0.0 0.0 0.0 0.0 0.0 0.0 0.0 
0.0 0.0 0.0 4.4 -1.7 -2.8 -0.3 1.3 0.0 0.0 0.0 0.0 0.0 0.0 0.0 0.0 
0.0 0.0 0.0 -1.2 0.4 0.7 0.6 0.4 0.0 0.0 0.0 0.0 0.0 0.0 0.0 0.0 
0.0 0.0 0.0 4.4 -1.6 -2.7 0.0 0.0 0.6 0.4 0.0 0.0 0.0 0.0 0.0 0.0 
0.0 0.0 0.0 -1.5 0.6 1.0 0.0 0.0 0.2 0.8 0.0 0.0 0.0 0.0 0.0 0.0 
0.0 0.0 0.0 -91.3 34.3 57.1 0.0 0.0 0.0 0.0 12.5 -11.5 0.0 0.0 0.0 0.0 
0.0 0.0 0.0 -169.3 63.5 105.8 0.0 0.0 0.0 0.0 23.0 -22.0 0.0 0.0 0.0 0.0 
0.0 0.0 0.0 4.4 -1.7 -2.8 0.0 0.0 0.0 0.0 0.0 0.0 0.8 0.2 0.0 0.0 
0.0 0.0 0.0 -2.5 0.9 1.6 0.0 0.0 0.0 0.0 0.0 0.0 0.7 0.3 0.0 0.0 
0.0 0.0 0.0 34.7 -13.0 -21.7 0.0 0.0 0.0 0.0 0.0 0.0 0.0 0.0 6.5 -5.5 
0.0 0.0 0.0 -33.3 12.5 20.8 0.0 0.0 0.0 0.0 0.0 0.0 0.0 0.0 -7.0 8.0 
0.0 -0.5 0.5 1847.7 -691.8 -1155.5 7.4 -9.0 -12.9 15.6 -326.2 324.8 19.1 -20.9 -87.3 90.0 
0.0 -0.5 0.5 1880.9 -704.2 -1176.3 7.5 -9.1 -13.2 15.9 -333.5 332.0 19.7 -21.5 -91.8 94.5 

0.0 5.0 -4.0 0.0 0.0 0.0 0.0 0.0 0.0 0.0 0.0 0.0 0.0 0.0 0.0 0.0 
0.0 0.0 0.0 5.7 -2.5 -2.2 0.0 0.0 0.0 0.0 0.0 0.0 0.0 0.0 0.0 0.0 
0.0 0.0 0.0 6.7 -3.0 -2.7 0.0 0.0 0.0 0.0 0.0 0.0 0.0 0.0 0.0 0.0 
0.0 0.0 0.0 0.1 -0.1 -0.1 0.6 0.4 0.0 0.0 0.0 0.0 0.0 0.0 0.0 0.0 
0.0 0.0 0.0 2.7 -1.0 -1.7 0.0 1.0 0.0 0.0 0.0 0.0 0.0 0.0 0.0 0.0 
0.0 0.0 0.0 -3.0 1.1 1.9 0.9 0.1 0.0 0.0 0.0 0.0 0.0 0.0 0.0 0.0 
0.0 0.0 0.0 4.2 -1.6 -2.6 0.0 0.0 0.8 0.2 0.0 0.0 0.0 0.0 0.0 0.0 
0.0 0.0 0.0 -1.7 0.6 1.1 0.0 0.0 0.4 0.6 0.0 0.0 0.0 0.0 0.0 0.0 
0.0 0.0 0.0 -73.3 27.5 45.8 0.0 0.0 0.0 0.0 10.0 -9.0 0.0 0.0 0.0 0.0 
0.0 0.0 0.0 -151.3 56.8 94.6 0.0 0.0 0.0 0.0 20.5 -19.5 0.0 0.0 0.0 0.0 
0.0 0.0 0.0 4.9 -1.8 -3.1 0.0 0.0 0.0 0.0 0.0 0.0 0.6 0.4 0.0 0.0 
0.0 0.0 0.0 -2.1 0.8 1.3 0.0 0.0 0.0 0.0 0.0 0.0 0.5 0.5 0.0 0.0 
0.0 0.0 0.0 17.3 -6.5 -10.8 0.0 0.0 0.0 0.0 0.0 0.0 0.0 0.0 3.0 -2.0 
0.0 0.0 0.0 -50.7 19.0 31.7 0.0 0.0 0.0 0.0 0.0 0.0 0.0 0.0 -10.5 11.5 
0.0 -0.5 0.5 1960.7 -734.1 -1226.2 7.9 -9.5 -13.8 16.7 -355.3 353.5 21.6 -23.2 -105.3 108.0 
0.0 -0.5 0.5 1993.9 -746.5 -1246.9 8.0 -9.7 -14.0 17.0 -362.5 360.7 22.2 -23.8 -109.8 112.5 

0.0 4.0 -3.0 0.0 0.0 0.0 0.0 0.0 0.0 0.0 0.0 0.0 0.0 0.0 0.0 0.0 
0.0 0.0 0.0 6.3 -3.0 -2.3 0.0 0.0 0.0 0.0 0.0 0.0 0.0 0.0 0.0 0.0 
0.0 0.0 0.0 7.3 -3.5 -2.8 0.0 0.0 0.0 0.0 0.0 0.0 0.0 0.0 0.0 0.0 
0.0 0.0 0.0 -1.6 0.6 1.0 0.9 0.1 0.0 0.0 0.0 0.0 0.0 0.0 0.0 0.0 
0.0 0.0 0.0 0.9 -0.3 -0.6 0.3 0.7 0.0 0.0 0.0 0.0 0.0 0.0 0.0 0.0 
0.0 0.0 0.0 -4.7 1.8 3.0 1.2 -0.2 0.0 0.0 0.0 0.0 0.0 0.0 0.0 0.0 
0.0 0.0 0.0 4.0 -1.5 -2.5 0.0 0.0 1.0 0.0 0.0 0.0 0.0 0.0 0.0 0.0 
0.0 0.0 0.0 -1.9 0.7 1.2 0.0 0.0 0.6 0.4 0.0 0.0 0.0 0.0 0.0 0.0 
0.0 0.0 0.0 -55.3 20.8 34.6 0.0 0.0 0.0 0.0 7.5 -6.5 0.0 0.0 0.0 0.0 
0.0 0.0 0.0 -133.3 50.0 83.3 0.0 0.0 0.0 0.0 18.0 -17.0 0.0 0.0 0.0 0.0 
0.0 0.0 0.0 5.3 -2.0 -3.3 0.0 0.0 0.0 0.0 0.0 0.0 0.3 0.7 0.0 0.0 
0.0 0.0 0.0 -1.6 0.6 1.0 0.0 0.0 0.0 0.0 0.0 0.0 0.3 0.7 0.0 0.0 
0.0 0.0 0.0 0.0 0.0 0.0 0.0 0.0 0.0 0.0 0.0 0.0 0.0 0.0 -0.5 1.5 
0.0 0.0 0.0 -68.0 25.5 42.5 0.0 0.0 0.0 0.0 0.0 0.0 0.0 0.0 -14.0 15.0 
0.0 -0.6 0.5 2073.6 -776.4 -1296.8 8.3 -10.1 -14.6 17.8 -384.3 382.2 24.1 -25.5 -123.4 126.0 
0.0 -0.6 0.5 2106.8 -788.8 -1317.6 8.4 -10.2 -14.8 18.1 -391.6 389.4 24.7 -26.1 -127.9 130.5 

0.0 3.0 -2.0 0.0 0.0 0.0 0.0 0.0 0.0 0.0 0.0 0.0 0.0 0.0 0.0 0.0 
0.0 0.0 0.0 7.0 -3.5 -2.5 0.0 0.0 0.0 0.0 0.0 0.0 0.0 0.0 0.0 0.0 
0.0 0.0 0.0 8.0 -4.0 -3.0 0.0 0.0 0.0 0.0 0.0 0.0 0.0 0.0 0.0 0.0 
0.0 0.0 0.0 -3.4 1.3 2.1 1.2 -0.2 0.0 0.0 0.0 0.0 0.0 0.0 0.0 0.0 
0.0 0.0 0.0 -0.9 0.3 0.6 0.7 0.3 0.0 0.0 0.0 0.0 0.0 0.0 0.0 0.0 
0.0 0.0 0.0 -6.5 2.4 4.1 1.6 -0.6 0.0 0.0 0.0 0.0 0.0 0.0 0.0 0.0 
0.0 0.0 0.0 3.8 -1.4 -2.4 0.0 0.0 1.2 -0.2 0.0 0.0 0.0 0.0 0.0 0.0 
0.0 0.0 0.0 -2.1 0.8 1.3 0.0 0.0 0.8 0.2 0.0 0.0 0.0 0.0 0.0 0.0 
0.0 0.0 0.0 -37.3 14.0 23.3 0.0 0.0 0.0 0.0 5.0 -4.0 0.0 0.0 0.0 0.0 
0.0 0.0 0.0 -115.3 43.3 72.1 0.0 0.0 0.0 0.0 15.5 -14.5 0.0 0.0 0.0 0.0 
0.0 0.0 0.0 5.8 -2.2 -3.6 0.0 0.0 0.0 0.0 0.0 0.0 0.1 0.9 0.0 0.0 
0.0 0.0 0.0 -1.2 0.4 0.7 0.0 0.0 0.0 0.0 0.0 0.0 0.0 1.0 0.0 0.0 
0.0 0.0 0.0 -17.3 6.5 10.8 0.0 0.0 0.0 0.0 0.0 0.0 0.0 0.0 -4.0 5.0 
0.0 0.0 0.0 -85.3 32.0 53.3 0.0 0.0 0.0 0.0 0.0 0.0 0.0 0.0 -17.5 18.5 
0.0 -0.6 0.5 2186.6 -818.7 -1367.4 8.8 -10.6 -15.4 18.9 -413.4 410.9 26.6 -27.8 -141.4 144.0 
0.0 -0.6 0.5 2219.8 -831.1 -1388.2 8.9 -10.8 -15.7 19.2 -420.6 418.1 27.3 -28.4 -146.0 148.5 

0.0 2.0 -1.0 0.0 0.0 0.0 0.0 0.0 0.0 0.0 0.0 0.0 0.0 0.0 0.0 0.0 
0.0 0.0 0.0 7.7 -4.0 -2.7 0.0 0.0 0.0 0.0 0.0 0.0 0.0 0.0 0.0 0.0 
0.0 0.0 0.0 8.7 -4.5 -3.2 0.0 0.0 0.0 0.0 0.0 0.0 0.0 0.0 0.0 0.0 
0.0 0.0 0.0 -5.2 1.9 3.2 1.6 -0.6 0.0 0.0 0.0 0.0 0.0 0.0 0.0 0.0 
0.0 0.0 0.0 -2.7 1.0 1.7 1.0 0.0 0.0 0.0 0.0 0.0 0.0 0.0 0.0 0.0 
0.0 0.0 0.0 -8.3 3.1 5.2 1.9 -0.9 0.0 0.0 0.0 0.0 0.0 0.0 0.0 0.0 
0.0 0.0 0.0 3.6 -1.4 -2.3 0.0 0.0 1.4 -0.4 0.0 0.0 0.0 0.0 0.0 0.0 
0.0 0.0 0.0 -2.3 0.9 1.4 0.0 0.0 1.0 0.0 0.0 0.0 0.0 0.0 0.0 0.0 
0.0 0.0 0.0 -19.3 7.3 12.1 0.0 0.0 0.0 0.0 2.5 -1.5 0.0 0.0 0.0 0.0 
0.0 0.0 0.0 -97.3 36.5 60.8 0.0 0.0 0.0 0.0 13.0 -12.0 0.0 0.0 0.0 0.0 
0.0 0.0 0.0 6.2 -2.3 -3.9 0.0 0.0 0.0 0.0 0.0 0.0 -0.1 1.1 0.0 0.0 
0.0 0.0 0.0 -0.7 0.3 0.5 0.0 0.0 0.0 0.0 0.0 0.0 -0.2 1.2 0.0 0.0 
0.0 0.0 0.0 -34.7 13.0 21.7 0.0 0.0 0.0 0.0 0.0 0.0 0.0 0.0 -7.5 8.5 
0.0 0.0 0.0 -102.7 38.5 64.2 0.0 0.0 0.0 0.0 0.0 0.0 0.0 0.0 -21.0 22.0 
0.0 -0.6 0.6 2299.5 -861.0 -1438.1 9.2 -11.2 -16.3 20.1 -442.4 439.6 29.1 -30.1 -159.5 162.0 
0.0 -0.6 0.6 2332.7 -873.4 -1458.8 9.3 -11.3 -16.5 20.3 -449.7 446.8 29.8 -30.6 -164.0 166.5 

0.0 1.0 0.0 0.0 0.0 0.0 0.0 0.0 0.0 0.0 0.0 0.0 0.0 0.0 0.0 0.0 
0.0 0.0 0.0 8.3 -4.5 -2.8 0.0 0.0 0.0 0.0 0.0 0.0 0.0 0.0 0.0 0.0 
0.0 0.0 0.0 9.3 -5.0 -3.3 0.0 0.0 0.0 0.0 0.0 0.0 0.0 0.0 0.0 0.0 
0.0 0.0 0.0 -7.0 2.6 4.4 1.9 -0.9 0.0 0.0 0.0 0.0 0.0 0.0 0.0 0.0 
0.0 0.0 0.0 -4.4 1.7 2.8 1.3 -0.3 0.0 0.0 0.0 0.0 0.0 0.0 0.0 0.0 
0.0 0.0 0.0 -10.1 3.8 6.3 2.2 -1.2 0.0 0.0 0.0 0.0 0.0 0.0 0.0 0.0 
0.0 0.0 0.0 3.4 -1.3 -2.1 0.0 0.0 1.6 -0.6 0.0 0.0 0.0 0.0 0.0 0.0 
0.0 0.0 0.0 -2.5 0.9 1.5 0.0 0.0 1.1 -0.1 0.0 0.0 0.0 0.0 0.0 0.0 
0.0 0.0 0.0 -1.3 0.5 0.8 0.0 0.0 0.0 0.0 0.0 1.0 0.0 0.0 0.0 0.0 
0.0 0.0 0.0 -79.3 29.8 49.6 0.0 0.0 0.0 0.0 10.5 -9.5 0.0 0.0 0.0 0.0 
0.0 0.0 0.0 6.7 -2.5 -4.2 0.0 0.0 0.0 0.0 0.0 0.0 -0.3 1.3 0.0 0.0 
0.0 0.0 0.0 -0.3 0.1 0.2 0.0 0.0 0.0 0.0 0.0 0.0 -0.4 1.4 0.0 0.0 
0.0 0.0 0.0 -52.0 19.5 32.5 0.0 0.0 0.0 0.0 0.0 0.0 0.0 0.0 -11.0 12.0 
0.0 0.0 0.0 -120.0 45.0 75.0 0.0 0.0 0.0 0.0 0.0 0.0 0.0 0.0 -24.5 25.5 
0.0 -0.6 0.6 2412.5 -903.3 -1508.7 9.7 -11.8 -17.1 21.2 -471.4 468.3 31.7 -32.4 -177.6 180.0 
0.0 -0.6 0.6 2445.7 -915.7 -1529.5 9.8 -11.9 -17.3 21.4 -478.7 475.5 32.3 -32.9 -182.1 184.5 

0.0 0.0 1.0 0.0 0.0 0.0 0.0 0.0 0.0 0.0 0.0 0.0 0.0 0.0 0.0 0.0 
0.0 0.0 0.0 9.0 -5.0 -3.0 0.0 0.0 0.0 0.0 0.0 0.0 0.0 0.0 0.0 0.0 
0.0 0.0 0.0 10.0 -5.5 -3.5 0.0 0.0 0.0 0.0 0.0 0.0 0.0 0.0 0.0 0.0 
0.0 0.0 0.0 -8.7 3.3 5.5 2.2 -1.2 0.0 0.0 0.0 0.0 0.0 0.0 0.0 0.0 
0.0 0.0 0.0 -6.2 2.3 3.9 1.7 -0.7 0.0 0.0 0.0 0.0 0.0 0.0 0.0 0.0 
0.0 0.0 0.0 -11.9 4.4 7.4 2.6 -1.6 0.0 0.0 0.0 0.0 0.0 0.0 0.0 0.0 
0.0 0.0 0.0 3.2 -1.2 -2.0 0.0 0.0 1.8 -0.8 0.0 0.0 0.0 0.0 0.0 0.0 
0.0 0.0 0.0 -2.7 1.0 1.7 0.0 0.0 1.3 -0.3 0.0 0.0 0.0 0.0 0.0 0.0 
0.0 0.0 0.0 16.7 -6.3 -10.4 0.0 0.0 0.0 0.0 -2.5 3.5 0.0 0.0 0.0 0.0 
0.0 0.0 0.0 -61.3 23.0 38.3 0.0 0.0 0.0 0.0 8.0 -7.0 0.0 0.0 0.0 0.0 
0.0 0.0 0.0 7.1 -2.7 -4.4 0.0 0.0 0.0 0.0 0.0 0.0 -0.6 1.6 0.0 0.0 
0.0 0.0 0.0 0.1 -0.1 -0.1 0.0 0.0 0.0 0.0 0.0 0.0 -0.6 1.6 0.0 0.0 
0.0 0.0 0.0 -69.3 26.0 43.3 0.0 0.0 0.0 0.0 0.0 0.0 0.0 0.0 -14.5 15.5 
0.0 0.0 0.0 -137.3 51.5 85.8 0.0 0.0 0.0 0.0 0.0 0.0 0.0 0.0 -28.0 29.0 
0.0 -0.7 0.6 2525.4 -945.5 -1579.3 10.1 -12.3 -17.9 22.3 -500.5 497.0 34.2 -34.6 -195.6 198.0 
0.0 -0.7 0.6 2558.7 -958.0 -1600.1 10.2 -12.5 -18.2 22.5 -507.8 504.2 34.8 -35.2 -200.1 202.5 

1.0
0.0
0.0
2.0
2.5
0.5
5.3
1.3
4.5
3.8
13.2
7.8
13.0
11.5
9.7
13.4
