0.0 0.5 0.5 0.0 0.0 0.0 0.0 
0.0 -14.5 15.5 0.0 0.0 0.0 0.0 
0.0 -24.5 25.5 0.0 0.0 0.0 0.0 
0.0 2.0 -2.0 1.0 0.0 0.0 0.0 
0.0 -189.5 190.5 0.0 0.0 0.0 0.0 
0.0 -39.5 40.5 0.0 0.0 0.0 0.0 
0.0 0.6 0.4 0.0 0.0 0.0 0.0 

0.0 -1.0 2.0 0.0 0.0 0.0 0.0 
0.0 -16.0 17.0 0.0 0.0 0.0 0.0 
0.0 -26.0 27.0 0.0 0.0 0.0 0.0 
0.0 3.5 -3.5 1.0 0.0 0.0 0.0 
0.0 -191.0 192.0 0.0 0.0 0.0 0.0 
0.0 -41.0 42.0 0.0 0.0 0.0 0.0 
0.0 -0.9 1.9 0.0 0.0 0.0 0.0 

0.0 2.5 -1.5 0.0 0.0 0.0 0.0 
0.0 -12.5 13.5 0.0 0.0 0.0 0.0 
0.0 -22.5 23.5 0.0 0.0 0.0 0.0 
0.0 0.0 0.0 1.0 0.0 0.0 0.0 
0.0 -187.5 188.5 0.0 0.0 0.0 0.0 
0.0 -37.5 38.5 0.0 0.0 0.0 0.0 
0.0 2.6 -1.6 0.0 0.0 0.0 0.0 

0.0 1.5 -0.5 0.0 0.0 0.0 0.0 
0.0 -13.5 14.5 0.0 0.0 0.0 0.0 
0.0 -23.5 24.5 0.0 0.0 0.0 0.0 
0.0 1.0 -1.0 1.0 0.0 0.0 0.0 
0.0 -188.5 189.5 0.0 0.0 0.0 0.0 
0.0 -38.5 39.5 0.0 0.0 0.0 0.0 
0.0 1.6 -0.6 0.0 0.0 0.0 0.0 

0.0 -0.5 1.5 0.0 0.0 0.0 0.0 
0.0 -15.5 16.5 0.0 0.0 0.0 0.0 
0.0 -25.5 26.5 0.0 0.0 0.0 0.0 
0.0 3.0 -3.0 1.0 0.0 0.0 0.0 
0.0 -190.5 191.5 0.0 0.0 0.0 0.0 
0.0 -40.5 41.5 0.0 0.0 0.0 0.0 
0.0 -0.4 1.4 0.0 0.0 0.0 0.0 

0.0 -2.0 3.0 0.0 0.0 0.0 0.0 
0.0 -17.0 18.0 0.0 0.0 0.0 0.0 
0.0 -27.0 28.0 0.0 0.0 0.0 0.0 
0.0 4.5 -4.5 1.0 0.0 0.0 0.0 
0.0 -192.0 193.0 0.0 0.0 0.0 0.0 
0.0 -42.0 43.0 0.0 0.0 0.0 0.0 
0.0 -1.9 2.9 0.0 0.0 0.0 0.0 

0.0 1.0 0.0 0.0 0.0 0.0 0.0 
0.0 -14.0 15.0 0.0 0.0 0.0 0.0 
0.0 -24.0 25.0 0.0 0.0 0.0 0.0 
0.0 1.5 -1.5 1.0 0.0 0.0 0.0 
0.0 -189.0 190.0 0.0 0.0 0.0 0.0 
0.0 -39.0 40.0 0.0 0.0 0.0 0.0 
0.0 1.1 -0.1 0.0 0.0 0.0 0.0 

1.0 0.0 0.0 0.0 0.0 0.0 0.0 
0.0 -2.4 1.4 0.0 0.0 0.0 0.0 
0.0 -2.3 1.4 0.1 0.0 0.0 0.0 
0.0 5.0 -3.0 1.0 0.0 0.0 0.0 
0.0 -1.3 0.8 0.5 0.0 0.0 0.0 
0.0 -2.3 1.4 0.1 0.0 0.0 0.0 
0.0 -2.4 1.4 0.0 0.0 0.0 0.0 

0.0 0.0 1.0 0.0 0.0 0.0 0.0 
0.0 -15.0 16.0 0.0 0.0 0.0 0.0 
0.0 -25.0 26.0 0.0 0.0 0.0 0.0 
0.0 2.5 -2.5 1.0 0.0 0.0 0.0 
0.0 -190.0 191.0 0.0 0.0 0.0 0.0 
0.0 -40.0 41.0 0.0 0.0 0.0 0.0 
0.0 0.1 0.9 0.0 0.0 0.0 0.0 

1.0 0.0 0.0 0.0 0.0 0.0 0.0 
0.0 0.0 0.0 0.0 0.0 0.0 1.0 
0.0 -1.7 1.0 0.0 0.0 0.0 1.7 
0.0 0.0 0.0 1.0 0.0 0.0 0.0 
0.0 0.0 0.0 0.0 0.0 0.0 1.0 
1.0 0.0 0.0 0.0 0.0 0.0 0.0 
0.0 0.0 0.0 0.0 0.0 0.0 1.0 

0.0 0.0 0.0 0.0 0.0 1.0 0.0 
0.0 0.0 0.0 0.0 1.0 0.0 0.0 
0.0 -1.5 1.0 0.0 1.5 0.0 0.0 
0.0 0.2 0.0 1.0 -0.2 0.0 0.0 
0.0 0.0 0.0 0.0 1.0 0.0 0.0 
0.0 0.0 0.0 0.0 0.0 1.0 0.0 
0.0 0.0 0.0 0.0 1.0 0.0 0.0 

0.0 0.2 0.0 0.0 -0.2 1.0 0.0 
0.0 0.2 0.0 0.0 0.8 0.0 0.0 
0.0 -1.3 1.0 0.0 1.3 0.0 0.0 
0.0 0.0 0.0 1.0 -0.0 0.0 0.0 
0.0 0.2 0.0 0.0 0.8 0.0 0.0 
0.0 0.2 0.0 0.0 -0.2 1.0 0.0 
0.0 0.2 0.0 0.0 0.8 0.0 0.0 

1.0
3.0
5.0
82.0
38.0
8.0
3.0
