0.0 -3.0 0.0 4.0 0.0 0.0 0.0 0.0 0.0 0.0 0.0 0.0 0.0 0.0 0.0 
0.0 0.0 0.6 0.0 0.8 0.0 -0.4 0.0 0.0 0.0 0.0 0.0 0.0 0.0 0.0 
0.0 0.0 5.5 0.0 -5.5 2.9 0.0 -1.9 0.0 0.0 0.0 0.0 0.0 0.0 0.0 
0.0 0.0 -0.6 0.0 2.2 0.0 -0.6 0.0 0.0 0.0 0.0 0.0 0.0 0.0 0.0 
0.0 0.0 4.5 0.0 -4.5 2.9 0.0 -1.9 0.0 0.0 0.0 0.0 0.0 0.0 0.0 
0.0 0.0 -2.8 0.0 2.8 0.0 0.0 0.0 2.4 -1.4 0.0 0.0 0.0 0.0 0.0 
0.0 0.0 3.0 0.0 -3.0 2.0 0.0 -1.0 0.0 0.0 0.0 0.0 0.0 0.0 0.0 
0.0 0.0 0.5 0.0 -0.5 0.0 0.0 0.0 1.5 -0.5 0.0 0.0 0.0 0.0 0.0 
0.0 0.0 3.7 0.0 -3.7 0.0 0.0 0.0 0.0 0.0 1.1 -0.1 0.0 0.0 0.0 
0.0 0.0 4.0 0.0 -4.0 0.0 0.0 0.0 0.0 0.0 0.8 0.2 0.0 0.0 0.0 
0.0 0.0 5.6 0.0 -5.6 0.0 0.0 0.0 0.0 0.0 0.0 0.0 2.0 -1.0 0.0 
0.0 0.0 -3.2 0.0 3.2 0.0 0.0 0.0 0.0 0.0 0.0 0.0 0.1 0.9 0.0 
0.0 0.0 4.6 -0.0 -4.5 -1.0 -0.1 0.8 3.1 -2.6 -1.7 1.0 2.2 -1.8 0.9 
-0.0 -0.0 -0.1 0.0 0.0 0.7 0.1 -0.5 -2.2 1.8 1.2 -0.7 -1.6 1.3 1.1 
0.0 0.1 6.9 -0.1 -6.5 -3.2 -0.3 2.9 8.0 -8.2 -1.3 3.7 -0.8 -3.7 3.4 

0.0 -2.5 0.0 3.5 0.0 0.0 0.0 0.0 0.0 0.0 0.0 0.0 0.0 0.0 0.0 
0.0 0.0 0.8 0.0 0.4 0.0 -0.2 0.0 0.0 0.0 0.0 0.0 0.0 0.0 0.0 
0.0 0.0 4.8 0.0 -4.8 2.6 0.0 -1.6 0.0 0.0 0.0 0.0 0.0 0.0 0.0 
0.0 0.0 -0.4 0.0 1.8 0.0 -0.4 0.0 0.0 0.0 0.0 0.0 0.0 0.0 0.0 
0.0 0.0 3.8 0.0 -3.8 2.6 0.0 -1.6 0.0 0.0 0.0 0.0 0.0 0.0 0.0 
0.0 0.0 -2.8 0.0 2.8 0.0 0.0 0.0 2.1 -1.1 0.0 0.0 0.0 0.0 0.0 
0.0 0.0 2.4 0.0 -2.4 1.7 0.0 -0.7 0.0 0.0 0.0 0.0 0.0 0.0 0.0 
0.0 0.0 0.5 0.0 -0.5 0.0 0.0 0.0 1.2 -0.2 0.0 0.0 0.0 0.0 0.0 
0.0 0.0 3.6 0.0 -3.6 0.0 0.0 0.0 0.0 0.0 1.0 0.0 0.0 0.0 0.0 
0.0 0.0 3.9 0.0 -3.9 0.0 0.0 0.0 0.0 0.0 0.7 0.3 0.0 0.0 0.0 
0.0 0.0 4.1 0.0 -4.1 0.0 0.0 0.0 0.0 0.0 0.0 0.0 1.7 -0.7 0.0 
0.0 0.0 -4.7 0.0 4.7 0.0 0.0 0.0 0.0 0.0 0.0 0.0 -0.2 1.2 0.0 
0.0 0.0 1.3 -0.0 -1.2 -0.5 -0.0 0.4 1.5 -1.3 -0.8 0.5 1.1 -0.9 0.9 
-0.0 -0.0 -3.4 0.0 3.3 1.2 0.1 -0.9 -3.7 3.1 2.0 -1.2 -2.7 2.2 1.1 
0.0 0.0 2.3 -0.1 -2.0 -1.5 -0.2 1.6 2.9 -4.1 1.4 2.3 -3.6 -1.7 3.7 

0.0 -2.0 0.0 3.0 0.0 0.0 0.0 0.0 0.0 0.0 0.0 0.0 0.0 0.0 0.0 
0.0 0.0 1.0 0.0 0.0 0.0 0.0 0.0 0.0 0.0 0.0 0.0 0.0 0.0 0.0 
0.0 0.0 4.2 0.0 -4.2 2.4 0.0 -1.4 0.0 0.0 0.0 0.0 0.0 0.0 0.0 
0.0 0.0 -0.2 0.0 1.4 0.0 -0.2 0.0 0.0 0.0 0.0 0.0 0.0 0.0 0.0 
0.0 0.0 3.2 0.0 -3.2 2.4 0.0 -1.4 0.0 0.0 0.0 0.0 0.0 0.0 0.0 
0.0 0.0 -2.8 0.0 2.8 0.0 0.0 0.0 1.8 -0.8 0.0 0.0 0.0 0.0 0.0 
0.0 0.0 1.7 0.0 -1.7 1.5 0.0 -0.5 0.0 0.0 0.0 0.0 0.0 0.0 0.0 
0.0 0.0 0.5 0.0 -0.5 0.0 0.0 0.0 0.8 0.2 0.0 0.0 0.0 0.0 0.0 
0.0 0.0 3.4 0.0 -3.4 0.0 0.0 0.0 0.0 0.0 0.8 0.2 0.0 0.0 0.0 
0.0 0.0 3.8 0.0 -3.8 0.0 0.0 0.0 0.0 0.0 0.6 0.4 0.0 0.0 0.0 
0.0 0.0 2.6 0.0 -2.6 0.0 0.0 0.0 0.0 0.0 0.0 0.0 1.5 -0.5 0.0 
0.0 0.0 -6.2 0.0 6.2 0.0 0.0 0.0 0.0 0.0 0.0 0.0 -0.4 1.4 0.0 
0.0 0.0 -2.0 0.0 2.0 0.0 0.0 0.0 0.0 0.0 0.0 0.0 0.0 0.0 1.0 
-0.0 -0.0 -6.7 0.0 6.5 1.6 0.1 -1.3 -5.3 4.4 2.9 -1.7 -3.9 3.1 1.2 
0.0 0.0 -2.3 -0.0 2.4 0.1 -0.1 0.3 -2.2 0.1 4.0 0.9 -6.4 0.2 3.9 

0.0 -1.5 0.0 2.5 0.0 0.0 0.0 0.0 0.0 0.0 0.0 0.0 0.0 0.0 0.0 
0.0 0.0 1.2 0.0 -0.4 0.0 0.2 0.0 0.0 0.0 0.0 0.0 0.0 0.0 0.0 
0.0 0.0 3.5 0.0 -3.5 2.1 0.0 -1.1 0.0 0.0 0.0 0.0 0.0 0.0 0.0 
0.0 0.0 0.0 0.0 1.0 0.0 0.0 0.0 0.0 0.0 0.0 0.0 0.0 0.0 0.0 
0.0 0.0 2.5 0.0 -2.5 2.1 0.0 -1.1 0.0 0.0 0.0 0.0 0.0 0.0 0.0 
0.0 0.0 -2.8 0.0 2.8 0.0 0.0 0.0 1.4 -0.4 0.0 0.0 0.0 0.0 0.0 
0.0 0.0 1.1 0.0 -1.1 1.2 0.0 -0.2 0.0 0.0 0.0 0.0 0.0 0.0 0.0 
0.0 0.0 0.5 0.0 -0.5 0.0 0.0 0.0 0.5 0.5 0.0 0.0 0.0 0.0 0.0 
0.0 0.0 3.3 0.0 -3.3 0.0 0.0 0.0 0.0 0.0 0.7 0.3 0.0 0.0 0.0 
0.0 0.0 3.7 0.0 -3.7 0.0 0.0 0.0 0.0 0.0 0.5 0.5 0.0 0.0 0.0 
0.0 0.0 1.1 0.0 -1.1 0.0 0.0 0.0 0.0 0.0 0.0 0.0 1.2 -0.2 0.0 
0.0 0.0 -7.7 0.0 7.7 0.0 0.0 0.0 0.0 0.0 0.0 0.0 -0.7 1.7 0.0 
-0.0 -0.0 -5.3 0.0 5.2 0.5 0.0 -0.4 -1.5 1.3 0.8 -0.5 -1.1 0.9 1.1 
-0.0 -0.0 -10.0 0.0 9.7 2.1 0.2 -1.7 -6.8 5.7 3.7 -2.2 -5.0 4.0 1.3 
-0.0 -0.0 -7.0 0.0 6.8 1.8 0.0 -1.0 -7.3 4.2 6.6 -0.5 -9.2 2.2 4.1 

0.0 -1.0 0.0 2.0 0.0 0.0 0.0 0.0 0.0 0.0 0.0 0.0 0.0 0.0 0.0 
0.0 0.0 1.4 0.0 -0.8 0.0 0.4 0.0 0.0 0.0 0.0 0.0 0.0 0.0 0.0 
0.0 0.0 2.9 0.0 -2.9 1.8 0.0 -0.8 0.0 0.0 0.0 0.0 0.0 0.0 0.0 
0.0 0.0 0.2 0.0 0.6 0.0 0.2 0.0 0.0 0.0 0.0 0.0 0.0 0.0 0.0 
0.0 0.0 1.9 0.0 -1.9 1.8 0.0 -0.8 0.0 0.0 0.0 0.0 0.0 0.0 0.0 
0.0 0.0 -2.8 0.0 2.8 0.0 0.0 0.0 1.1 -0.1 0.0 0.0 0.0 0.0 0.0 
0.0 0.0 0.5 0.0 -0.5 0.9 0.0 0.1 0.0 0.0 0.0 0.0 0.0 0.0 0.0 
0.0 0.0 0.5 0.0 -0.5 0.0 0.0 0.0 0.2 0.8 0.0 0.0 0.0 0.0 0.0 
0.0 0.0 3.2 0.0 -3.2 0.0 0.0 0.0 0.0 0.0 0.6 0.4 0.0 0.0 0.0 
0.0 0.0 3.6 0.0 -3.6 0.0 0.0 0.0 0.0 0.0 0.4 0.6 0.0 0.0 0.0 
0.0 0.0 -0.4 0.0 0.4 0.0 0.0 0.0 0.0 0.0 0.0 0.0 1.0 0.0 0.0 
0.0 0.0 -9.2 0.0 9.2 0.0 0.0 0.0 0.0 0.0 0.0 0.0 -0.9 1.9 0.0 
-0.0 -0.0 -8.6 0.0 8.5 1.0 0.1 -0.8 -3.1 2.6 1.7 -1.0 -2.2 1.8 1.1 
-0.0 -0.0 -13.3 0.1 13.0 2.6 0.2 -2.1 -8.3 7.0 4.5 -2.8 -6.1 4.9 1.3 
-0.0 -0.0 -11.6 0.0 11.3 3.5 0.1 -2.3 -12.4 8.4 9.3 -1.9 -12.0 4.1 4.4 

0.0 -0.5 0.0 1.5 0.0 0.0 0.0 0.0 0.0 0.0 0.0 0.0 0.0 0.0 0.0 
0.0 0.0 1.6 0.0 -1.2 0.0 0.6 0.0 0.0 0.0 0.0 0.0 0.0 0.0 0.0 
0.0 0.0 2.3 0.0 -2.3 1.5 0.0 -0.5 0.0 0.0 0.0 0.0 0.0 0.0 0.0 
0.0 0.0 0.4 0.0 0.2 0.0 0.4 0.0 0.0 0.0 0.0 0.0 0.0 0.0 0.0 
0.0 0.0 1.3 0.0 -1.3 1.5 0.0 -0.5 0.0 0.0 0.0 0.0 0.0 0.0 0.0 
0.0 0.0 -2.8 0.0 2.8 0.0 0.0 0.0 0.8 0.3 0.0 0.0 0.0 0.0 0.0 
0.0 0.0 -0.2 0.0 0.2 0.6 0.0 0.4 0.0 0.0 0.0 0.0 0.0 0.0 0.0 
0.0 0.0 0.5 0.0 -0.5 0.0 0.0 0.0 -0.2 1.2 0.0 0.0 0.0 0.0 0.0 
0.0 0.0 3.1 0.0 -3.1 0.0 0.0 0.0 0.0 0.0 0.5 0.5 0.0 0.0 0.0 
0.0 0.0 3.4 0.0 -3.4 0.0 0.0 0.0 0.0 0.0 0.2 0.8 0.0 0.0 0.0 
0.0 0.0 -1.9 0.0 1.9 0.0 0.0 0.0 0.0 0.0 0.0 0.0 0.7 0.3 0.0 
0.0 0.0 -10.7 0.0 10.7 0.0 0.0 0.0 0.0 0.0 0.0 0.0 -1.2 2.2 0.0 
-0.0 -0.0 -11.9 0.0 11.7 1.4 0.1 -1.1 -4.6 3.9 2.5 -1.5 -3.4 2.7 1.2 
-0.0 -0.1 -16.6 0.1 16.2 3.1 0.2 -2.4 -9.9 8.3 5.4 -3.3 -7.2 5.8 1.4 
-0.0 -0.1 -16.3 0.1 15.7 5.1 0.3 -3.5 -17.4 12.5 11.9 -3.3 -14.8 6.1 4.6 

0.0 0.0 0.0 1.0 0.0 0.0 0.0 0.0 0.0 0.0 0.0 0.0 0.0 0.0 0.0 
0.0 0.0 1.8 0.0 -1.6 0.0 0.8 0.0 0.0 0.0 0.0 0.0 0.0 0.0 0.0 
0.0 0.0 1.6 0.0 -1.6 1.3 0.0 -0.3 0.0 0.0 0.0 0.0 0.0 0.0 0.0 
0.0 0.0 0.6 0.0 -0.2 0.0 0.6 0.0 0.0 0.0 0.0 0.0 0.0 0.0 0.0 
0.0 0.0 0.6 0.0 -0.6 1.3 0.0 -0.3 0.0 0.0 0.0 0.0 0.0 0.0 0.0 
0.0 0.0 -2.8 0.0 2.8 0.0 0.0 0.0 0.4 0.6 0.0 0.0 0.0 0.0 0.0 
0.0 0.0 -0.8 0.0 0.8 0.4 0.0 0.6 0.0 0.0 0.0 0.0 0.0 0.0 0.0 
0.0 0.0 0.5 0.0 -0.5 0.0 0.0 0.0 -0.5 1.5 0.0 0.0 0.0 0.0 0.0 
0.0 0.0 3.0 0.0 -3.0 0.0 0.0 0.0 0.0 0.0 0.4 0.6 0.0 0.0 0.0 
0.0 0.0 3.3 0.0 -3.3 0.0 0.0 0.0 0.0 0.0 0.1 0.9 0.0 0.0 0.0 
0.0 0.0 -3.4 0.0 3.4 0.0 0.0 0.0 0.0 0.0 0.0 0.0 0.5 0.5 0.0 
0.0 0.0 -12.2 0.0 12.2 0.0 0.0 0.0 0.0 0.0 0.0 0.0 -1.4 2.4 0.0 
-0.0 -0.0 -15.2 0.0 14.9 1.9 0.1 -1.5 -6.1 5.1 3.4 -2.0 -4.5 3.6 1.2 
-0.0 -0.1 -19.9 0.1 19.4 3.6 0.3 -2.8 -11.4 9.5 6.2 -3.8 -8.4 6.7 1.5 
-0.0 -0.1 -20.9 0.1 20.2 6.8 0.4 -4.8 -22.5 16.7 14.6 -4.7 -17.6 8.0 4.8 

0.0 0.5 0.0 0.5 0.0 0.0 0.0 0.0 0.0 0.0 0.0 0.0 0.0 0.0 0.0 
0.0 0.0 2.0 0.0 -2.0 0.0 1.0 0.0 0.0 0.0 0.0 0.0 0.0 0.0 0.0 
0.0 0.0 1.0 0.0 -1.0 1.0 0.0 0.0 0.0 0.0 0.0 0.0 0.0 0.0 0.0 
0.0 0.0 0.8 0.0 -0.6 0.0 0.8 0.0 0.0 0.0 0.0 0.0 0.0 0.0 0.0 
0.0 0.0 0.0 0.0 0.0 1.0 0.0 0.0 0.0 0.0 0.0 0.0 0.0 0.0 0.0 
0.0 0.0 -2.8 0.0 2.8 0.0 0.0 0.0 0.1 0.9 0.0 0.0 0.0 0.0 0.0 
0.0 0.0 -1.5 0.0 1.5 0.1 0.0 0.9 0.0 0.0 0.0 0.0 0.0 0.0 0.0 
0.0 0.0 0.5 0.0 -0.5 0.0 0.0 0.0 -0.8 1.8 0.0 0.0 0.0 0.0 0.0 
0.0 0.0 2.9 0.0 -2.9 0.0 0.0 0.0 0.0 0.0 0.3 0.7 0.0 0.0 0.0 
0.0 0.0 3.2 0.0 -3.2 0.0 0.0 0.0 0.0 0.0 0.0 1.0 0.0 0.0 0.0 
0.0 0.0 -4.9 0.0 4.9 0.0 0.0 0.0 0.0 0.0 0.0 0.0 0.2 0.8 0.0 
0.0 0.0 -13.7 0.0 13.7 0.0 0.0 0.0 0.0 0.0 0.0 0.0 -1.7 2.7 0.0 
-0.0 -0.0 -18.4 0.1 18.2 2.4 0.2 -1.9 -7.7 6.4 4.2 -2.5 -5.6 4.5 1.3 
-0.0 -0.1 -23.2 0.1 22.7 4.0 0.3 -3.2 -12.9 10.8 7.1 -4.3 -9.5 7.6 1.5 
-0.0 -0.1 -25.5 0.2 24.6 8.4 0.5 -6.1 -27.6 20.8 17.2 -6.1 -20.3 10.0 5.1 

0.0 1.0 0.0 0.0 0.0 0.0 0.0 0.0 0.0 0.0 0.0 0.0 0.0 0.0 0.0 
0.0 0.0 2.2 0.0 -2.4 0.0 1.2 0.0 0.0 0.0 0.0 0.0 0.0 0.0 0.0 
0.0 0.0 0.4 0.0 -0.4 0.7 0.0 0.3 0.0 0.0 0.0 0.0 0.0 0.0 0.0 
0.0 0.0 1.0 0.0 -1.0 0.0 1.0 0.0 0.0 0.0 0.0 0.0 0.0 0.0 0.0 
0.0 0.0 -0.6 0.0 0.6 0.7 0.0 0.3 0.0 0.0 0.0 0.0 0.0 0.0 0.0 
0.0 0.0 -2.8 0.0 2.8 0.0 0.0 0.0 -0.3 1.3 0.0 0.0 0.0 0.0 0.0 
0.0 0.0 -2.1 0.0 2.1 -0.2 0.0 1.2 0.0 0.0 0.0 0.0 0.0 0.0 0.0 
0.0 0.0 0.5 0.0 -0.5 0.0 0.0 0.0 -1.2 2.2 0.0 0.0 0.0 0.0 0.0 
0.0 0.0 2.8 0.0 -2.8 0.0 0.0 0.0 0.0 0.0 0.2 0.8 0.0 0.0 0.0 
0.0 0.0 3.1 0.0 -3.1 0.0 0.0 0.0 0.0 0.0 -0.1 1.1 0.0 0.0 0.0 
0.0 0.0 -6.4 0.0 6.4 0.0 0.0 0.0 0.0 0.0 0.0 0.0 -0.0 1.0 0.0 
0.0 0.0 -15.2 0.0 15.2 0.0 0.0 0.0 0.0 0.0 0.0 0.0 -1.9 2.9 0.0 
-0.0 -0.0 -21.7 0.1 21.4 2.9 0.2 -2.3 -9.2 7.7 5.0 -3.0 -6.7 5.4 1.4 
-0.0 -0.1 -26.4 0.1 25.9 4.5 0.3 -3.6 -14.5 12.1 7.9 -4.8 -10.6 8.5 1.6 
-0.0 -0.2 -30.2 0.2 29.0 10.1 0.6 -7.4 -32.7 25.0 19.9 -7.5 -23.1 12.0 5.3 

0.0 1.5 0.0 -0.5 0.0 0.0 0.0 0.0 0.0 0.0 0.0 0.0 0.0 0.0 0.0 
0.0 0.0 2.4 0.0 -2.8 0.0 1.4 0.0 0.0 0.0 0.0 0.0 0.0 0.0 0.0 
0.0 0.0 -0.3 0.0 0.3 0.5 0.0 0.5 0.0 0.0 0.0 0.0 0.0 0.0 0.0 
0.0 0.0 1.2 0.0 -1.4 0.0 1.2 0.0 0.0 0.0 0.0 0.0 0.0 0.0 0.0 
0.0 0.0 -1.3 0.0 1.3 0.5 0.0 0.5 0.0 0.0 0.0 0.0 0.0 0.0 0.0 
0.0 0.0 -2.8 0.0 2.8 0.0 0.0 0.0 -0.6 1.6 0.0 0.0 0.0 0.0 0.0 
0.0 0.0 -2.7 0.0 2.7 -0.5 0.0 1.5 0.0 0.0 0.0 0.0 0.0 0.0 0.0 
0.0 0.0 0.5 0.0 -0.5 0.0 0.0 0.0 -1.5 2.5 0.0 0.0 0.0 0.0 0.0 
0.0 0.0 2.7 0.0 -2.7 0.0 0.0 0.0 0.0 0.0 0.1 0.9 0.0 0.0 0.0 
0.0 0.0 3.0 0.0 -3.0 0.0 0.0 0.0 0.0 0.0 -0.2 1.2 0.0 0.0 0.0 
0.0 0.0 -7.9 0.0 7.9 0.0 0.0 0.0 0.0 0.0 0.0 0.0 -0.3 1.3 0.0 
0.0 0.0 -16.7 0.0 16.7 0.0 0.0 0.0 0.0 0.0 0.0 0.0 -2.2 3.2 0.0 
-0.0 -0.1 -25.0 0.1 24.6 3.4 0.2 -2.6 -10.7 9.0 5.9 -3.5 -7.9 6.3 1.4 
-0.0 -0.1 -29.7 0.1 29.1 5.0 0.4 -3.9 -16.0 13.4 8.7 -5.3 -11.7 9.4 1.6 
-0.0 -0.2 -34.8 0.2 33.5 11.8 0.8 -8.7 -37.8 29.2 22.5 -8.9 -25.9 13.9 5.5 

1.0
0.0
4.0
0.0
3.0
5.0
2.0
7.3
10.5
10.5
9.4
10.4
11.3
17.3
15.1
