0.0 -1.7 0.0 2.7 0.0 0.0 0.0 0.0 0.0 
0.0 25.0 0.0 -24.0 0.0 0.0 0.0 0.0 0.0 
0.0 28.3 0.0 -27.3 0.0 0.0 0.0 0.0 0.0 
0.0 15.0 0.0 -14.0 0.0 0.0 0.0 0.0 0.0 
0.0 61.7 0.0 -60.7 0.0 0.0 0.0 0.0 0.0 
0.0 -1185.3 0.0 1186.3 0.0 0.0 -0.1 0.0 0.1 
0.0 -128550.0 0.0 128550.0 0.0 0.0 1.0 0.0 0.0 
0.0 14146.9 0.0 -14146.9 0.0 0.0 1.0 0.0 0.0 
0.0 -21.0 0.0 21.0 0.0 0.0 0.0 0.0 1.0 

0.0 -1.3 0.0 2.3 0.0 0.0 0.0 0.0 0.0 
0.0 25.3 0.0 -24.3 0.0 0.0 0.0 0.0 0.0 
0.0 28.7 0.0 -27.7 0.0 0.0 0.0 0.0 0.0 
0.0 15.3 0.0 -14.3 0.0 0.0 0.0 0.0 0.0 
0.0 62.0 0.0 -61.0 0.0 0.0 0.0 0.0 0.0 
0.0 -1185.0 0.0 1186.0 0.0 0.0 -0.1 0.0 0.1 
0.0 -128550.3 0.0 128550.3 0.0 0.0 1.0 0.0 0.0 
0.0 14146.6 0.0 -14146.6 0.0 0.0 1.0 0.0 0.0 
0.0 -21.3 0.0 21.3 0.0 0.0 0.0 0.0 1.0 

0.0 -1.0 0.0 2.0 0.0 0.0 0.0 0.0 0.0 
0.0 25.7 0.0 -24.7 0.0 0.0 0.0 0.0 0.0 
0.0 29.0 0.0 -28.0 0.0 0.0 0.0 0.0 0.0 
0.0 15.7 0.0 -14.7 0.0 0.0 0.0 0.0 0.0 
0.0 62.3 0.0 -61.3 0.0 0.0 0.0 0.0 0.0 
0.0 -1184.6 0.0 1185.6 0.0 0.0 -0.1 0.0 0.1 
0.0 -128550.7 0.0 128550.7 0.0 0.0 1.0 0.0 0.0 
0.0 14146.2 0.0 -14146.2 0.0 0.0 1.0 0.0 0.0 
0.0 -21.7 0.0 21.7 0.0 0.0 0.0 0.0 1.0 

0.0 -0.7 0.0 1.7 0.0 0.0 0.0 0.0 0.0 
0.0 26.0 0.0 -25.0 0.0 0.0 0.0 0.0 0.0 
0.0 29.3 0.0 -28.3 0.0 0.0 0.0 0.0 0.0 
0.0 16.0 0.0 -15.0 0.0 0.0 0.0 0.0 0.0 
0.0 62.7 0.0 -61.7 0.0 0.0 0.0 0.0 0.0 
0.0 -1184.3 0.0 1185.3 0.0 0.0 -0.1 0.0 0.1 
0.0 -128551.0 0.0 128551.0 0.0 0.0 1.0 0.0 0.0 
0.0 14145.9 0.0 -14145.9 0.0 0.0 1.0 0.0 0.0 
0.0 -22.0 0.0 22.0 0.0 0.0 0.0 0.0 1.0 

0.0 -0.3 0.0 1.3 0.0 0.0 0.0 0.0 0.0 
0.0 26.3 0.0 -25.3 0.0 0.0 0.0 0.0 0.0 
0.0 29.7 0.0 -28.7 0.0 0.0 0.0 0.0 0.0 
0.0 16.3 0.0 -15.3 0.0 0.0 0.0 0.0 0.0 
0.0 63.0 0.0 -62.0 0.0 0.0 0.0 0.0 0.0 
0.0 -1184.0 0.0 1185.0 0.0 0.0 -0.1 0.0 0.1 
0.0 -128551.3 0.0 128551.3 0.0 0.0 1.0 0.0 0.0 
0.0 14145.6 0.0 -14145.6 0.0 0.0 1.0 0.0 0.0 
0.0 -22.3 0.0 22.3 0.0 0.0 0.0 0.0 1.0 

0.0 0.0 0.0 1.0 0.0 0.0 0.0 0.0 0.0 
0.0 26.7 0.0 -25.7 0.0 0.0 0.0 0.0 0.0 
0.0 30.0 0.0 -29.0 0.0 0.0 0.0 0.0 0.0 
0.0 16.7 0.0 -15.7 0.0 0.0 0.0 0.0 0.0 
0.0 63.3 0.0 -62.3 0.0 0.0 0.0 0.0 0.0 
0.0 -1183.6 0.0 1184.6 0.0 0.0 -0.1 0.0 0.1 
0.0 -128551.7 0.0 128551.7 0.0 0.0 1.0 0.0 0.0 
0.0 14145.2 0.0 -14145.2 0.0 0.0 1.0 0.0 0.0 
0.0 -22.7 0.0 22.7 0.0 0.0 0.0 0.0 1.0 

0.0 0.3 0.0 0.7 0.0 0.0 0.0 0.0 0.0 
0.0 27.0 0.0 -26.0 0.0 0.0 0.0 0.0 0.0 
0.0 30.3 0.0 -29.3 0.0 0.0 0.0 0.0 0.0 
0.0 17.0 0.0 -16.0 0.0 0.0 0.0 0.0 0.0 
0.0 63.7 0.0 -62.7 0.0 0.0 0.0 0.0 0.0 
0.0 -1183.3 0.0 1184.3 0.0 0.0 -0.1 0.0 0.1 
0.0 -128552.0 0.0 128552.0 0.0 0.0 1.0 0.0 0.0 
0.0 14144.9 0.0 -14144.9 0.0 0.0 1.0 0.0 0.0 
0.0 -23.0 0.0 23.0 0.0 0.0 0.0 0.0 1.0 

0.0 0.7 0.0 0.3 0.0 0.0 0.0 0.0 0.0 
0.0 27.3 0.0 -26.3 0.0 0.0 0.0 0.0 0.0 
0.0 30.7 0.0 -29.7 0.0 0.0 0.0 0.0 0.0 
0.0 17.3 0.0 -16.3 0.0 0.0 0.0 0.0 0.0 
0.0 64.0 0.0 -63.0 0.0 0.0 0.0 0.0 0.0 
0.0 -1183.0 0.0 1184.0 0.0 0.0 -0.1 0.0 0.1 
0.0 -128552.3 0.0 128552.3 0.0 0.0 1.0 0.0 0.0 
0.0 14144.6 0.0 -14144.6 0.0 0.0 1.0 0.0 0.0 
0.0 -23.3 0.0 23.3 0.0 0.0 0.0 0.0 1.0 

0.0 1.0 0.0 0.0 0.0 0.0 0.0 0.0 0.0 
0.0 27.7 0.0 -26.7 0.0 0.0 0.0 0.0 0.0 
0.0 31.0 0.0 -30.0 0.0 0.0 0.0 0.0 0.0 
0.0 17.7 0.0 -16.7 0.0 0.0 0.0 0.0 0.0 
0.0 64.3 0.0 -63.3 0.0 0.0 0.0 0.0 0.0 
0.0 -1182.6 0.0 1183.6 0.0 0.0 -0.1 0.0 0.1 
0.0 -128552.7 0.0 128552.7 0.0 0.0 1.0 0.0 0.0 
0.0 14144.2 0.0 -14144.2 0.0 0.0 1.0 0.0 0.0 
0.0 -23.7 0.0 23.7 0.0 0.0 0.0 0.0 1.0 

0.0 0.0 1.0 0.0 0.0 0.0 0.0 0.0 0.0 
0.0 7.0 0.0 -10.5 4.5 0.0 0.0 0.0 0.0 
0.0 0.0 1.0 0.0 0.0 0.0 0.0 0.0 0.0 
0.0 4.0 0.0 -6.0 3.0 0.0 0.0 0.0 0.0 
0.0 0.0 0.0 0.0 1.0 0.0 0.0 0.0 0.0 
0.0 621845.0 0.0 -932767.5 310923.5 0.0 0.0 0.0 0.0 
0.0 -28567.3 0.0 49992.8 -21425.5 0.0 1.0 0.0 0.0 
0.0 94683.0 0.0 -142024.5 47342.5 0.0 0.0 0.0 0.0 
0.0 -5.3 0.0 9.3 -4.0 0.0 0.0 0.0 1.0 

1.0 0.0 0.0 0.0 0.0 0.0 0.0 0.0 0.0 
0.0 -1.7 0.0 2.7 0.0 0.0 0.0 0.0 0.0 
1.0 0.0 0.0 0.0 0.0 0.0 0.0 0.0 0.0 
0.0 -1.7 0.0 2.7 0.0 0.0 0.0 0.0 0.0 
0.0 -1.7 0.0 2.7 0.0 0.0 0.0 0.0 0.0 
0.0 0.0 0.0 0.0 0.0 1.0 0.0 0.0 0.0 
0.0 14281.8 0.0 -14280.9 0.0 0.1 1.0 -1.0 0.0 
0.0 -1.4 0.0 2.3 0.0 0.2 0.0 0.0 0.0 
0.0 0.9 0.0 -0.1 0.0 0.2 0.0 -1.0 1.0 

1.0 0.0 0.0 0.0 0.0 0.0 0.0 0.0 0.0 
0.0 -0.3 0.0 0.4 0.0 -0.2 0.0 1.0 0.0 
1.0 0.0 0.0 0.0 0.0 0.0 0.0 0.0 0.0 
0.0 -0.3 0.0 0.4 0.0 -0.2 0.0 1.0 0.0 
0.0 -0.3 0.0 0.4 0.0 -0.2 0.0 1.0 0.0 
0.0 1.4 0.0 -2.3 0.0 0.8 0.0 1.0 0.0 
0.0 14283.2 0.0 -14283.1 0.0 -0.1 1.0 0.0 0.0 
0.0 0.0 0.0 0.0 0.0 0.0 0.0 1.0 0.0 
0.0 2.3 0.0 -2.3 0.0 -0.0 0.0 0.0 1.0 

1.0
8.0
9.0
5.0
19.0
621846.0
-19838.0
94684.0
7525911.0
