0.0 1.0 -0.0 0.0 0.0 0.0 0.0 0.0 0.0 0.0 
0.0 0.0 1.0 0.0 0.0 0.0 0.0 0.0 0.0 0.0 
0.0 -10.0 11.0 0.0 0.0 0.0 0.0 0.0 0.0 0.0 
0.0 -109.4 110.4 0.0 0.0 0.0 0.0 0.0 0.0 0.0 
0.0 -3167.3 3167.8 0.0 0.0 0.0 1.0 0.0 -0.5 0.0 
0.0 -254722.5 23585.5 0.0 0.0 0.0 0.0 0.0 231138.0 0.0 
0.0 28511.2 -28511.2 0.0 0.0 0.0 1.0 0.0 0.0 0.0 
0.0 -0.6 1.6 0.0 0.0 0.0 0.0 0.0 0.0 0.0 
0.0 -0.1 0.1 0.0 0.0 0.0 0.0 0.0 1.0 0.0 
0.0 -167238.1 15485.1 0.0 0.0 0.0 0.0 0.0 151754.0 0.0 

0.0 1.0 0.0 0.0 0.0 0.0 0.0 0.0 0.0 0.0 
0.0 -0.1 1.1 0.0 0.0 0.0 0.0 0.0 0.0 0.0 
0.0 -10.1 11.1 0.0 0.0 0.0 0.0 0.0 0.0 0.0 
0.0 -109.4 110.4 0.0 0.0 0.0 0.0 0.0 0.0 0.0 
0.0 -3167.2 3167.7 0.0 0.0 0.0 1.0 0.0 -0.5 0.0 
0.0 -254722.6 23585.6 0.0 0.0 0.0 0.0 0.0 231138.0 0.0 
0.0 28511.2 -28511.2 0.0 0.0 0.0 1.0 0.0 0.0 0.0 
0.0 -0.7 1.7 0.0 0.0 0.0 0.0 0.0 0.0 0.0 
0.0 -0.1 0.1 0.0 0.0 0.0 0.0 0.0 1.0 0.0 
0.0 -167238.1 15485.1 0.0 0.0 0.0 0.0 0.0 151754.0 0.0 

0.0 1.1 -0.1 0.0 0.0 0.0 0.0 0.0 0.0 0.0 
0.0 0.1 0.9 0.0 0.0 0.0 0.0 0.0 0.0 0.0 
0.0 -9.9 10.9 0.0 0.0 0.0 0.0 0.0 0.0 0.0 
0.0 -109.3 110.3 0.0 0.0 0.0 0.0 0.0 0.0 0.0 
0.0 -3167.3 3167.8 0.0 0.0 0.0 1.0 0.0 -0.5 0.0 
0.0 -254722.4 23585.4 0.0 0.0 0.0 0.0 0.0 231138.0 0.0 
0.0 28511.1 -28511.1 0.0 0.0 0.0 1.0 0.0 0.0 0.0 
0.0 -0.5 1.5 0.0 0.0 0.0 0.0 0.0 0.0 0.0 
0.0 0.0 0.0 0.0 0.0 0.0 0.0 0.0 1.0 0.0 
0.0 -167238.0 15485.0 0.0 0.0 0.0 0.0 0.0 151754.0 0.0 

0.0 1.1 -0.1 0.0 0.0 0.0 0.0 0.0 0.0 0.0 
0.0 0.0 1.0 0.0 0.0 0.0 0.0 0.0 0.0 0.0 
0.0 -10.0 11.0 0.0 0.0 0.0 0.0 0.0 0.0 0.0 
0.0 -109.3 110.3 0.0 0.0 0.0 0.0 0.0 0.0 0.0 
0.0 -3167.3 3167.8 0.0 0.0 0.0 1.0 0.0 -0.5 0.0 
0.0 -254722.4 23585.4 0.0 0.0 0.0 0.0 0.0 231138.0 0.0 
0.0 28511.1 -28511.1 0.0 0.0 0.0 1.0 0.0 0.0 0.0 
0.0 -0.6 1.6 0.0 0.0 0.0 0.0 0.0 0.0 0.0 
0.0 -0.0 0.0 0.0 0.0 0.0 0.0 0.0 1.0 0.0 
0.0 -167238.0 15485.0 0.0 0.0 0.0 0.0 0.0 151754.0 0.0 

0.0 1.0 0.0 0.0 0.0 0.0 0.0 0.0 0.0 0.0 
0.0 -0.0 1.0 0.0 0.0 0.0 0.0 0.0 0.0 0.0 
0.0 -10.0 11.0 0.0 0.0 0.0 0.0 0.0 0.0 0.0 
0.0 -109.4 110.4 0.0 0.0 0.0 0.0 0.0 0.0 0.0 
0.0 -3167.2 3167.7 0.0 0.0 0.0 1.0 0.0 -0.5 0.0 
0.0 -254722.5 23585.5 0.0 0.0 0.0 0.0 0.0 231138.0 0.0 
0.0 28511.2 -28511.2 0.0 0.0 0.0 1.0 0.0 0.0 0.0 
0.0 -0.7 1.7 0.0 0.0 0.0 0.0 0.0 0.0 0.0 
0.0 -0.1 0.1 0.0 0.0 0.0 0.0 0.0 1.0 0.0 
0.0 -167238.1 15485.1 0.0 0.0 0.0 0.0 0.0 151754.0 0.0 

0.0 0.9 0.1 0.0 0.0 0.0 0.0 0.0 0.0 0.0 
0.0 -0.1 1.1 0.0 0.0 0.0 0.0 0.0 0.0 0.0 
0.0 -10.1 11.1 0.0 0.0 0.0 0.0 0.0 0.0 0.0 
0.0 -109.5 110.5 0.0 0.0 0.0 0.0 0.0 0.0 0.0 
0.0 -3167.2 3167.7 0.0 0.0 0.0 1.0 0.0 -0.5 0.0 
0.0 -254722.6 23585.6 0.0 0.0 0.0 0.0 0.0 231138.0 0.0 
0.0 28511.3 -28511.3 0.0 0.0 0.0 1.0 0.0 0.0 0.0 
0.0 -0.7 1.7 0.0 0.0 0.0 0.0 0.0 0.0 0.0 
0.0 -0.2 0.2 0.0 0.0 0.0 0.0 0.0 1.0 0.0 
0.0 -167238.2 15485.2 0.0 0.0 0.0 0.0 0.0 151754.0 0.0 

0.0 1.0 -0.0 0.0 0.0 0.0 0.0 0.0 0.0 0.0 
0.0 0.0 1.0 0.0 0.0 0.0 0.0 0.0 0.0 0.0 
0.0 -10.0 11.0 0.0 0.0 0.0 0.0 0.0 0.0 0.0 
0.0 -109.4 110.4 0.0 0.0 0.0 0.0 0.0 0.0 0.0 
0.0 -3167.3 3167.8 0.0 0.0 0.0 1.0 0.0 -0.5 0.0 
0.0 -254722.5 23585.5 0.0 0.0 0.0 0.0 0.0 231138.0 0.0 
0.0 28511.1 -28511.1 0.0 0.0 0.0 1.0 0.0 0.0 0.0 
0.0 -0.6 1.6 0.0 0.0 0.0 0.0 0.0 0.0 0.0 
0.0 -0.1 0.1 0.0 0.0 0.0 0.0 0.0 1.0 0.0 
0.0 -167238.1 15485.1 0.0 0.0 0.0 0.0 0.0 151754.0 0.0 

1.0 0.0 0.0 0.0 0.0 0.0 0.0 0.0 0.0 0.0 
0.0 0.6 -0.1 0.0 1.0 0.0 0.0 0.0 -0.5 0.0 
0.0 -12.9 1.2 0.0 1.0 0.0 0.0 0.0 11.8 0.0 
0.0 -147.1 13.6 0.0 1.0 0.0 0.0 0.0 133.5 0.0 
0.0 -0.8 0.1 0.0 0.0 0.0 0.0 0.0 1.8 0.0 
0.0 -254721.6 23585.3 0.0 1.0 0.0 0.0 0.0 231136.3 0.0 
0.0 42766.1 -3959.8 0.0 1.0 0.0 0.0 0.0 -38806.3 0.0 
0.0 -0.3 0.0 0.0 1.0 0.0 0.0 0.0 0.3 0.0 
0.0 0.8 -0.1 0.0 1.0 0.0 0.0 0.0 -0.8 0.0 
0.0 -167237.2 15484.9 0.0 1.0 0.0 0.0 0.0 151752.3 0.0 

0.0 1.0 0.0 0.0 0.0 0.0 0.0 0.0 0.0 0.0 
0.0 -0.0 1.0 0.0 0.0 0.0 0.0 0.0 0.0 0.0 
0.0 -10.0 11.0 0.0 0.0 0.0 0.0 0.0 0.0 0.0 
0.0 -109.4 110.4 0.0 0.0 0.0 0.0 0.0 0.0 0.0 
0.0 -3167.2 3167.7 0.0 0.0 0.0 1.0 0.0 -0.5 0.0 
0.0 -254722.5 23585.5 0.0 0.0 0.0 0.0 0.0 231138.0 0.0 
0.0 28511.2 -28511.2 0.0 0.0 0.0 1.0 0.0 0.0 0.0 
0.0 -0.6 1.6 0.0 0.0 0.0 0.0 0.0 0.0 0.0 
0.0 -0.1 0.1 0.0 0.0 0.0 0.0 0.0 1.0 0.0 
0.0 -167238.1 15485.1 0.0 0.0 0.0 0.0 0.0 151754.0 0.0 

1.0 0.0 0.0 0.0 0.0 0.0 0.0 0.0 0.0 0.0 
0.0 1.1 -0.1 0.0 0.0 0.0 0.0 0.0 0.0 0.0 
0.0 1.1 -0.1 0.0 0.0 0.0 0.0 0.0 0.0 0.0 
0.0 1.1 -0.1 0.0 0.0 0.0 0.0 0.0 0.0 0.0 
0.0 0.0 0.0 0.0 1.0 0.0 0.0 0.0 0.0 0.0 
0.0 0.0 0.0 0.0 0.0 1.0 0.0 0.0 0.0 0.0 
0.0 167236.8 -15484.9 0.0 0.0 -0.2 0.0 0.0 -151751.8 1.0 
1.0 0.0 0.0 0.0 0.0 0.0 0.0 0.0 0.0 0.0 
0.0 0.0 0.0 0.0 0.0 0.0 0.0 0.0 1.0 0.0 
0.0 0.0 0.0 0.0 0.0 0.0 0.0 0.0 0.0 1.0 

0.0 0.0 0.0 0.0 0.0 0.0 0.0 1.0 0.0 0.0 
0.0 1.0 -0.1 0.1 0.0 0.0 0.0 0.0 0.0 0.0 
0.0 0.0 -0.0 1.0 0.0 0.0 0.0 0.0 0.0 0.0 
0.0 0.0 -0.0 1.0 0.0 0.0 0.0 0.0 0.0 0.0 
0.0 189785.7 -14698.2 -0.3 0.0 0.0 1.0 18.0 -175106.3 1.2 
0.0 -18867.3 1782.1 17086.2 0.0 0.0 0.0 0.0 0.0 0.0 
0.0 0.0 2868.7 -2868.7 0.0 0.0 1.0 0.0 0.0 0.0 
0.0 0.0 0.0 0.0 0.0 0.0 0.0 1.0 0.0 0.0 
0.0 0.0 -0.0 0.0 0.0 0.0 0.0 0.0 1.0 0.0 
0.0 -170404.5 18652.8 -0.0 0.0 0.0 1.0 0.0 151751.8 0.0 

0.0 0.0 0.0 -0.0 0.0 0.0 0.0 1.0 0.0 0.0 
0.0 1.0 -0.1 0.1 0.0 0.0 0.0 0.0 0.0 0.0 
0.0 0.0 0.0 1.0 0.0 0.0 0.0 0.0 0.0 0.0 
0.0 0.0 0.0 1.0 0.0 0.0 0.0 0.0 0.0 0.0 
0.0 189785.7 -14698.2 -0.3 0.0 0.0 1.0 18.0 -175106.3 1.2 
0.0 -18867.3 1782.1 17086.2 0.0 0.0 0.0 0.0 0.0 0.0 
0.0 0.0 2868.7 -2868.7 0.0 0.0 1.0 0.0 0.0 0.0 
0.0 0.0 0.0 -0.0 0.0 0.0 0.0 1.0 0.0 0.0 
0.0 0.0 -0.0 0.0 0.0 0.0 0.0 0.0 1.0 0.0 
0.0 -170404.5 18652.8 -0.0 0.0 0.0 1.0 0.0 151751.8 0.0 

1.0
5.0
54.0
541.0
7.0
924552.0
-155218.0
8.0
4.0
607016.0
