0.0 0.6 0.4 0.0 0.0 0.0 0.0 0.0 
0.0 -3.4 4.4 0.0 0.0 0.0 0.0 0.0 
0.0 -13.4 14.4 0.0 0.0 0.0 0.0 0.0 
0.0 -1.4 2.4 0.0 0.0 0.0 0.0 0.0 
0.0 0.6 0.4 0.0 0.0 3.5 0.0 -3.5 
0.0 -6.4 6.4 0.0 0.0 1.0 1.0 -1.0 
0.0 65.6 -65.6 0.0 0.0 0.0 1.0 0.0 
0.0 -6.4 6.4 0.0 0.0 0.0 1.0 0.0 

0.0 0.0 1.0 0.0 0.0 0.0 0.0 0.0 
0.0 -4.0 5.0 0.0 0.0 0.0 0.0 0.0 
0.0 -14.0 15.0 0.0 0.0 0.0 0.0 0.0 
0.0 -2.0 3.0 0.0 0.0 0.0 0.0 0.0 
0.0 0.0 1.0 0.0 0.0 3.5 0.0 -3.5 
0.0 -5.8 5.8 0.0 0.0 1.0 1.0 -1.0 
0.0 66.2 -66.2 0.0 0.0 0.0 1.0 0.0 
0.0 -5.8 5.8 0.0 0.0 0.0 1.0 0.0 

0.0 1.4 -0.4 0.0 0.0 0.0 0.0 0.0 
0.0 -2.6 3.6 0.0 0.0 0.0 0.0 0.0 
0.0 -12.6 13.6 0.0 0.0 0.0 0.0 0.0 
0.0 -0.6 1.6 0.0 0.0 0.0 0.0 0.0 
0.0 1.4 -0.4 0.0 0.0 3.5 0.0 -3.5 
0.0 -7.2 7.2 0.0 0.0 1.0 1.0 -1.0 
0.0 64.8 -64.8 0.0 0.0 0.0 1.0 0.0 
0.0 -7.2 7.2 0.0 0.0 0.0 1.0 0.0 

0.0 1.0 0.0 0.0 0.0 0.0 0.0 0.0 
0.0 -3.0 4.0 0.0 0.0 0.0 0.0 0.0 
0.0 -13.0 14.0 0.0 0.0 0.0 0.0 0.0 
0.0 -1.0 2.0 0.0 0.0 0.0 0.0 0.0 
0.0 1.0 0.0 0.0 0.0 3.5 0.0 -3.5 
0.0 -6.8 6.8 0.0 0.0 1.0 1.0 -1.0 
0.0 65.2 -65.2 0.0 0.0 0.0 1.0 0.0 
0.0 -6.8 6.8 0.0 0.0 0.0 1.0 0.0 

0.0 0.2 0.8 0.0 0.0 0.0 0.0 0.0 
0.0 -3.8 4.8 0.0 0.0 0.0 0.0 0.0 
0.0 -13.8 14.8 0.0 0.0 0.0 0.0 0.0 
0.0 -1.8 2.8 0.0 0.0 0.0 0.0 0.0 
0.0 0.2 0.8 0.0 0.0 3.5 0.0 -3.5 
0.0 -6.0 6.0 0.0 0.0 1.0 1.0 -1.0 
0.0 66.0 -66.0 0.0 0.0 0.0 1.0 0.0 
0.0 -6.0 6.0 0.0 0.0 0.0 1.0 0.0 

0.0 -0.4 1.4 0.0 0.0 0.0 0.0 0.0 
0.0 -4.4 5.4 0.0 0.0 0.0 0.0 0.0 
0.0 -14.4 15.4 0.0 0.0 0.0 0.0 0.0 
0.0 -2.4 3.4 0.0 0.0 0.0 0.0 0.0 
0.0 -0.4 1.4 0.0 0.0 3.5 0.0 -3.5 
0.0 -5.4 5.4 0.0 0.0 1.0 1.0 -1.0 
0.0 66.6 -66.6 0.0 0.0 0.0 1.0 0.0 
0.0 -5.4 5.4 0.0 0.0 0.0 1.0 0.0 

0.0 0.8 0.2 0.0 0.0 0.0 0.0 0.0 
0.0 -3.2 4.2 0.0 0.0 0.0 0.0 0.0 
0.0 -13.2 14.2 0.0 0.0 0.0 0.0 0.0 
0.0 -1.2 2.2 0.0 0.0 0.0 0.0 0.0 
0.0 0.8 0.2 0.0 0.0 3.5 0.0 -3.5 
0.0 -6.6 6.6 0.0 0.0 1.0 1.0 -1.0 
0.0 65.4 -65.4 0.0 0.0 0.0 1.0 0.0 
0.0 -6.6 6.6 0.0 0.0 0.0 1.0 0.0 

1.0 0.0 0.0 0.0 0.0 0.0 0.0 0.0 
0.0 0.0 0.0 0.0 0.0 -0.5 0.0 1.5 
0.0 0.0 0.0 0.0 0.0 2.0 0.0 -1.0 
0.0 0.0 0.0 0.0 0.0 -1.0 0.0 2.0 
0.0 0.0 0.0 0.0 0.0 2.0 0.0 -1.0 
0.0 1.4 -0.4 0.0 0.0 2.5 0.0 -2.5 
0.0 0.0 0.0 0.0 0.0 -18.0 0.0 19.0 
0.0 1.4 -0.4 0.0 0.0 1.5 0.0 -1.5 

0.0 0.4 0.6 0.0 0.0 0.0 0.0 0.0 
0.0 -3.6 4.6 0.0 0.0 0.0 0.0 0.0 
0.0 -13.6 14.6 0.0 0.0 0.0 0.0 0.0 
0.0 -1.6 2.6 0.0 0.0 0.0 0.0 0.0 
0.0 0.4 0.6 0.0 0.0 3.5 0.0 -3.5 
0.0 -6.2 6.2 0.0 0.0 1.0 1.0 -1.0 
0.0 65.8 -65.8 0.0 0.0 0.0 1.0 0.0 
0.0 -6.2 6.2 0.0 0.0 0.0 1.0 0.0 

1.0 0.0 0.0 0.0 0.0 0.0 0.0 0.0 
0.0 1.0 -0.3 0.0 0.3 0.0 0.0 0.0 
0.0 0.0 0.0 0.0 1.0 0.0 0.0 0.0 
1.0 0.0 0.0 0.0 0.0 0.0 0.0 0.0 
0.0 0.0 0.0 0.0 1.0 0.0 0.0 0.0 
0.0 0.0 0.0 0.0 0.0 1.0 0.0 0.0 
0.0 38.9 -9.1 -14.4 -7.5 -0.9 0.0 7.9 
0.0 0.0 0.0 0.0 0.0 0.0 0.0 1.0 

0.0 -9.8 2.8 8.0 0.0 0.0 0.0 0.0 
0.0 -35.4 10.4 26.0 0.0 0.0 0.0 0.0 
0.0 -99.4 29.4 71.0 0.0 0.0 0.0 0.0 
0.0 -9.8 2.8 8.0 0.0 0.0 0.0 0.0 
0.0 -99.4 29.4 71.0 0.0 0.0 0.0 0.0 
0.0 4.0 4.0 -8.0 0.0 1.0 1.0 -1.0 
0.0 464.8 -132.8 -332.0 0.0 0.0 1.0 0.0 
0.0 4.0 4.0 -8.0 0.0 0.0 1.0 0.0 

0.0 0.0 0.0 1.0 0.0 0.0 0.0 0.0 
0.0 -25.6 7.6 19.0 0.0 0.0 0.0 0.0 
0.0 -89.6 26.6 64.0 0.0 0.0 0.0 0.0 
0.0 0.0 0.0 1.0 0.0 0.0 0.0 0.0 
0.0 -89.6 26.6 64.0 0.0 0.0 0.0 0.0 
0.0 -5.8 6.8 -1.0 0.0 1.0 1.0 -1.0 
0.0 455.0 -130.0 -325.0 0.0 0.0 1.0 0.0 
0.0 -5.8 6.8 -1.0 0.0 0.0 1.0 0.0 

1.0
2.0
7.0
1.0
7.0
5.0
-33.0
3.0
