0.0 1.1 0.0 0.0 -0.1 0.0 0.0 0.0 0.0 
0.0 0.0 0.0 0.0 1.0 0.0 0.0 0.0 0.0 
0.0 0.9 0.0 0.0 0.1 0.0 0.0 0.0 0.0 
0.0 -5.7 0.0 0.0 0.7 1.0 0.0 5.0 0.0 
0.0 -10.0 0.0 0.0 11.0 0.0 0.0 0.0 0.0 
0.0 2.1 0.0 0.0 -2.1 1.0 0.0 0.0 0.0 
0.1 -7488116165014.9 -0.2 -0.1 7488116165018.8 0.1 -3.3 0.6 -0.0 
0.0 -0.0 0.0 0.0 0.0 0.0 0.0 1.0 0.0 
0.0 -4.5 0.0 0.0 0.5 0.0 0.0 5.0 0.0 

0.0 1.0 0.0 0.0 -0.0 0.0 0.0 0.0 0.0 
0.0 -0.0 0.0 0.0 1.0 0.0 0.0 0.0 0.0 
0.0 0.9 0.0 0.0 0.1 0.0 0.0 0.0 0.0 
0.0 -5.7 0.0 0.0 0.7 1.0 0.0 5.0 0.0 
0.0 -10.0 0.0 0.0 11.0 0.0 0.0 0.0 0.0 
0.0 2.1 0.0 0.0 -2.1 1.0 0.0 0.0 0.0 
-0.3 -17222667179518.6 0.6 0.3 17222667179541.6 -0.3 -20.7 -1.8 0.1 
0.0 -0.1 0.0 0.0 0.1 0.0 0.0 1.0 0.0 
0.0 -4.5 0.0 0.0 0.5 0.0 0.0 5.0 0.0 

0.0 1.1 0.0 0.0 -0.1 0.0 0.0 0.0 0.0 
0.0 0.0 0.0 0.0 1.0 0.0 0.0 0.0 0.0 
0.0 1.0 0.0 0.0 0.0 0.0 0.0 0.0 0.0 
0.0 -5.8 0.0 0.0 0.8 1.0 0.0 5.0 0.0 
0.0 -10.0 0.0 0.0 11.0 0.0 0.0 0.0 0.0 
0.0 2.0 0.0 0.0 -2.0 1.0 0.0 0.0 0.0 
0.1 -1497623233011.3 -0.2 -0.1 1497623233004.6 0.1 7.3 0.6 -0.0 
0.0 0.0 0.0 0.0 0.0 0.0 0.0 1.0 0.0 
0.0 -4.4 0.0 0.0 0.4 0.0 0.0 5.0 0.0 

0.0 1.1 0.0 0.0 -0.1 0.0 0.0 0.0 0.0 
0.0 0.0 0.0 0.0 1.0 0.0 0.0 0.0 0.0 
0.0 1.0 0.0 0.0 0.0 0.0 0.0 0.0 0.0 
0.0 -5.7 0.0 0.0 0.7 1.0 0.0 5.0 0.0 
0.0 -10.0 0.0 0.0 11.0 0.0 0.0 0.0 0.0 
0.0 2.0 0.0 0.0 -2.0 1.0 0.0 0.0 0.0 
0.1 1497623232990.4 -0.2 -0.1 -1497623233002.5 0.1 12.7 0.6 -0.0 
0.0 -0.0 0.0 0.0 0.0 0.0 0.0 1.0 0.0 
0.0 -4.4 0.0 0.0 0.4 0.0 0.0 5.0 0.0 

0.0 1.0 0.0 0.0 -0.0 0.0 0.0 0.0 0.0 
0.0 -0.0 0.0 0.0 1.0 0.0 0.0 0.0 0.0 
0.0 0.9 0.0 0.0 0.1 0.0 0.0 0.0 0.0 
0.0 -5.7 0.0 0.0 0.7 1.0 0.0 5.0 0.0 
0.0 -10.0 0.0 0.0 11.0 0.0 0.0 0.0 0.0 
0.0 2.1 0.0 0.0 -2.1 1.0 0.0 0.0 0.0 
0.1 -4492869699013.2 -0.2 -0.1 4492869699011.7 0.1 2.0 0.6 -0.0 
0.0 -0.1 0.0 0.0 0.1 0.0 0.0 1.0 0.0 
0.0 -4.5 0.0 0.0 0.5 0.0 0.0 5.0 0.0 

0.0 1.0 0.0 0.0 0.0 0.0 0.0 0.0 0.0 
0.0 -0.1 0.0 0.0 1.1 0.0 0.0 0.0 0.0 
0.0 0.9 0.0 0.0 0.1 0.0 0.0 0.0 0.0 
0.0 -5.6 0.0 0.0 0.6 1.0 0.0 5.0 0.0 
0.0 -10.1 0.0 0.0 11.1 0.0 0.0 0.0 0.0 
0.0 2.1 0.0 0.0 -2.1 1.0 0.0 0.0 0.0 
-0.3 -14227420713516.9 0.6 0.3 14227420713534.5 -0.3 -15.3 -1.8 0.1 
0.0 -0.1 0.0 0.0 0.1 0.0 0.0 1.0 0.0 
0.0 -4.5 0.0 0.0 0.5 0.0 0.0 5.0 0.0 

0.0 1.1 0.0 0.0 -0.1 0.0 0.0 0.0 0.0 
0.0 0.0 0.0 0.0 1.0 0.0 0.0 0.0 0.0 
0.0 1.0 0.0 0.0 0.0 0.0 0.0 0.0 0.0 
0.0 -5.7 0.0 0.0 0.7 1.0 0.0 5.0 0.0 
0.0 -10.0 0.0 0.0 11.0 0.0 0.0 0.0 0.0 
0.0 2.0 0.0 0.0 -2.0 1.0 0.0 0.0 0.0 
-0.3 -11232174247515.0 0.6 0.3 11232174247527.4 -0.3 -10.0 -1.8 0.1 
0.0 -0.0 0.0 0.0 0.0 0.0 0.0 1.0 0.0 
0.0 -4.5 0.0 0.0 0.5 0.0 0.0 5.0 0.0 

1.0 0.0 0.0 0.0 0.0 0.0 0.0 0.0 0.0 
0.0 -1.1 0.0 1.0 0.1 0.0 0.0 1.0 0.0 
0.0 7.7 0.0 1.0 -0.7 0.0 0.0 -7.0 0.0 
0.0 -7.7 0.0 0.0 0.7 0.0 0.0 8.0 0.0 
0.0 -95.1 0.0 1.0 9.1 0.0 0.0 86.0 0.0 
0.0 26.5 0.0 1.0 -2.5 0.0 0.0 -24.0 0.0 
0.0 -52791218963376.1 0.0 1.0 5054478411387.1 0.0 0.0 47736740551989.0 0.0 
0.0 7.7 0.0 1.0 -0.7 0.0 0.0 -7.0 0.0 
0.0 3.3 0.0 1.0 -0.3 0.0 0.0 -3.0 0.0 

0.0 1.0 0.0 0.0 -0.0 0.0 0.0 0.0 0.0 
0.0 -0.0 0.0 0.0 1.0 0.0 0.0 0.0 0.0 
0.0 0.9 0.0 0.0 0.1 0.0 0.0 0.0 0.0 
0.0 -5.7 0.0 0.0 0.7 1.0 0.0 5.0 0.0 
0.0 -10.0 0.0 0.0 11.0 0.0 0.0 0.0 0.0 
0.0 2.1 0.0 0.0 -2.1 1.0 0.0 0.0 0.0 
-0.3 -8236927781513.3 0.6 0.3 8236927781520.3 -0.3 -4.7 -1.8 0.1 
0.0 -0.1 0.0 0.0 0.1 0.0 0.0 1.0 0.0 
0.0 -4.5 0.0 0.0 0.5 0.0 0.0 5.0 0.0 

1.0 0.0 0.0 0.0 0.0 0.0 0.0 0.0 0.0 
0.0 -0.9 0.0 0.0 0.1 0.0 0.0 0.0 1.8 
1.0 0.0 0.0 0.0 0.0 0.0 0.0 0.0 0.0 
0.0 0.0 0.0 1.0 0.0 0.0 0.0 0.0 0.0 
0.0 -19.7 0.0 0.0 1.9 0.0 0.0 0.0 18.8 
0.0 0.4 -0.2 0.0 -0.0 0.0 0.0 5.0 -4.2 
0.0 -10558243792675.9 0.0 0.0 1010895682277.5 0.0 0.0 0.0 9547348110399.4 
0.0 0.0 0.0 0.0 0.0 0.0 0.0 1.0 0.0 
0.0 0.0 0.0 0.0 0.0 0.0 0.0 0.0 1.0 

0.0 -7.7 8.0 0.0 0.7 0.0 0.0 0.0 0.0 
0.0 -97.4 89.0 0.0 9.4 0.0 0.0 0.0 0.0 
0.0 -7.7 8.0 0.0 0.7 0.0 0.0 0.0 0.0 
0.0 3.1 -8.0 0.0 -0.1 1.0 0.0 5.0 0.0 
0.0 -944.4 854.0 0.0 91.4 0.0 0.0 0.0 0.0 
0.0 198.0 -179.0 0.0 -19.0 1.0 0.0 0.0 0.0 
0.1 -471564115492096.6 429630664967980.9 -0.1 41933450524108.8 0.1 7.3 0.5 -0.0 
0.0 -8.8 8.0 0.0 0.8 0.0 0.0 1.0 0.0 
0.0 -57.6 53.0 0.0 5.6 0.0 0.0 0.0 0.0 

0.0 0.0 1.0 0.0 0.0 0.0 0.0 0.0 0.0 
0.0 -89.7 82.0 0.0 8.7 0.0 0.0 0.0 0.0 
0.0 0.0 1.0 0.0 0.0 0.0 0.0 0.0 0.0 
0.0 -4.6 -1.0 0.0 0.6 1.0 0.0 5.0 0.0 
0.0 -936.7 847.0 0.0 90.7 0.0 0.0 0.0 0.0 
0.0 190.2 -172.0 0.0 -18.2 1.0 0.0 0.0 0.0 
-0.3 -484293912972594.2 429630664967974.3 0.3 54663248004637.9 -0.3 -15.3 -1.4 0.1 
0.0 -1.1 1.0 0.0 0.1 0.0 0.0 1.0 0.0 
0.0 -49.8 46.0 0.0 4.8 0.0 0.0 0.0 0.0 

1.0
9.0
1.0
8.0
94.0
-16.0
47736740551997.0
1.0
5.0
