0.0 -8.2 8.2 1.2 -0.2 0.0 0.0 
0.0 8.2 -8.2 0.8 0.2 0.0 0.0 
0.0 123.1 -123.1 -1.3 2.3 0.0 0.0 
0.0 139.5 -139.5 -1.6 2.6 0.0 0.0 
0.0 6899.1 -6899.1 -126.4 127.4 0.0 0.0 
0.0 -9.2 9.2 1.2 -0.2 0.0 0.1 
0.0 -6.6 6.6 0.1 -0.1 0.0 1.0 

0.0 -3.3 3.3 1.1 -0.1 0.0 0.0 
0.0 13.1 -13.1 0.8 0.2 0.0 0.0 
0.0 128.0 -128.0 -1.4 2.4 0.0 0.0 
0.0 144.4 -144.4 -1.7 2.7 0.0 0.0 
0.0 6904.0 -6904.0 -126.5 127.5 0.0 0.0 
0.0 -4.3 4.3 1.1 -0.1 0.0 0.1 
0.0 -11.5 11.5 0.2 -0.2 0.0 1.0 

0.0 -14.8 14.8 1.3 -0.3 0.0 0.0 
0.0 1.6 -1.6 1.0 0.0 0.0 0.0 
0.0 116.5 -116.5 -1.2 2.2 0.0 0.0 
0.0 132.9 -132.9 -1.5 2.5 0.0 0.0 
0.0 6892.5 -6892.5 -126.3 127.3 0.0 0.0 
0.0 -15.8 15.8 1.4 -0.3 0.0 0.1 
0.0 0.0 0.0 0.0 0.0 0.0 1.0 

0.0 -11.5 11.5 1.2 -0.2 0.0 0.0 
0.0 4.9 -4.9 0.9 0.1 0.0 0.0 
0.0 119.8 -119.8 -1.2 2.2 0.0 0.0 
0.0 136.2 -136.2 -1.5 2.5 0.0 0.0 
0.0 6895.8 -6895.8 -126.4 127.4 0.0 0.0 
0.0 -12.5 12.5 1.3 -0.2 0.0 0.1 
0.0 -3.3 3.3 0.1 -0.1 0.0 1.0 

0.0 -4.9 4.9 1.1 -0.1 0.0 0.0 
0.0 11.5 -11.5 0.8 0.2 0.0 0.0 
0.0 126.3 -126.3 -1.3 2.3 0.0 0.0 
0.0 142.7 -142.7 -1.6 2.6 0.0 0.0 
0.0 6902.4 -6902.4 -126.5 127.5 0.0 0.0 
0.0 -6.0 6.0 1.2 -0.1 0.0 0.1 
0.0 -9.8 9.8 0.2 -0.2 0.0 1.0 

0.0 0.0 0.0 1.0 0.0 0.0 0.0 
0.0 16.4 -16.4 0.7 0.3 0.0 0.0 
0.0 131.3 -131.3 -1.4 2.4 0.0 0.0 
0.0 147.7 -147.7 -1.7 2.7 0.0 0.0 
0.0 6907.3 -6907.3 -126.6 127.6 0.0 0.0 
0.0 -1.0 1.0 1.1 -0.0 0.0 0.1 
0.0 -14.8 14.8 0.3 -0.3 0.0 1.0 

0.0 -9.8 9.8 1.2 -0.2 0.0 0.0 
0.0 6.6 -6.6 0.9 0.1 0.0 0.0 
0.0 121.4 -121.4 -1.2 2.2 0.0 0.0 
0.0 137.8 -137.8 -1.5 2.5 0.0 0.0 
0.0 6897.5 -6897.5 -126.4 127.4 0.0 0.0 
0.0 -10.9 10.9 1.3 -0.2 0.0 0.1 
0.0 -4.9 4.9 0.1 -0.1 0.0 1.0 

1.0 0.0 0.0 0.0 0.0 0.0 0.0 
0.0 14.4 -14.4 -1.2 0.3 0.0 0.0 
0.0 12.0 -12.0 -1.0 0.2 0.0 0.2 
0.0 11.7 -11.7 -1.0 0.2 0.0 0.2 
0.0 -129.8 129.8 11.2 -2.4 0.0 9.8 
0.0 13.7 -13.7 -1.2 0.3 0.0 0.1 
0.0 -29.5 29.5 2.5 -0.5 0.0 1.0 

0.0 -6.6 6.6 1.1 -0.1 0.0 0.0 
0.0 9.8 -9.8 0.8 0.2 0.0 0.0 
0.0 124.7 -124.7 -1.3 2.3 0.0 0.0 
0.0 141.1 -141.1 -1.6 2.6 0.0 0.0 
0.0 6900.8 -6900.8 -126.5 127.5 0.0 0.0 
0.0 -7.6 7.6 1.2 -0.1 0.0 0.1 
0.0 -8.2 8.2 0.2 -0.2 0.0 1.0 

1.0 0.0 0.0 0.0 0.0 0.0 0.0 
1.0 0.0 0.0 0.0 0.0 0.0 0.0 
1.0 0.0 0.0 0.0 0.0 0.0 0.0 
0.0 29.5 -29.5 -2.5 0.5 3.0 0.0 
0.0 192.0 -192.0 -16.5 3.5 14.0 0.0 
0.0 0.0 0.0 0.0 0.0 1.0 0.0 
0.0 0.0 0.0 0.0 0.0 0.0 1.0 

0.0 0.0 1.0 0.0 0.0 0.0 0.0 
0.0 0.0 1.0 0.0 0.0 0.0 0.0 
0.0 0.0 1.0 0.0 0.0 0.0 0.0 
0.0 -12.7 12.7 1.0 0.0 0.0 0.0 
0.0 -1.0 1.0 0.0 1.0 0.0 0.0 
0.0 -14.8 14.8 1.2 -0.2 0.0 0.0 
0.0 1.1 -1.1 0.0 0.0 0.0 1.0 

0.0 1.0 0.0 0.0 0.0 0.0 0.0 
0.0 1.0 0.0 0.0 0.0 0.0 0.0 
0.0 1.0 0.0 0.0 0.0 0.0 0.0 
0.0 -11.7 11.7 1.0 0.0 0.0 0.0 
0.0 0.0 0.0 0.0 1.0 0.0 0.0 
0.0 -13.8 13.8 1.2 -0.2 0.0 0.0 
0.0 0.1 -0.1 0.0 0.0 0.0 1.0 

1.0
1.0
8.0
9.0
421.0
3.0
43.0
