11
11
21
31
41
51
61
71
81
91
101
11
11
91
811
821
831
841
851
861
871
881
891
901
19
11
101
911
921
931
941
951
961
971
981
991
101
11
11
61
511
521
531
541
551
561
571
581
591
601
16
8
201
1911
1921
1931
1941
1951
1961
1971
1981
1991
201
12
4
621857
621857
621867
621877
621887
621897
621907
621917
621927
621937
62184701
621857
621849
-405485
-4261985
-4261995
-4262005
-4262015
-4262025
-4262035
-4262045
-4262055
-4262065
-4262075
-19827
-19835
94687
94687
94677
94667
94657
94647
94637
94627
94617
94607
9468501
94695
94687
7525911
7525841
7525839
7525911
7525840
7525151
7525121
7525918
7525851
7525848
7525211
7525209
7525848
7525210
7518851
7518821
7525855
7525221
7525847
7525201
7525199
7525847
7525200
7518751
7518721
7525854
7525211
7525846
7525191
7525189
7525846
7525190
7518651
7518621
7525853
7525201
7525845
7525181
7525179
7525845
7525180
7518551
7518521
7525852
7525191
7525844
7525171
7525169
7525844
7525170
7518451
7518421
7525851
7525181
7525843
7525161
7525159
7525843
7525160
7518351
7518321
7525850
7525171
7525842
7525151
7525149
7525842
7525150
7518251
7518221
7525849
7525161
7525841
7525141
7525139
7525841
7525140
7518151
7518121
7525848
7525151
7525840
7525131
7525129
7525840
7525130
7518051
7518021
7525847
7525141
7525839
7525121
7525839
7525911
7525120
7517951
7525121
7525918
7525131
7525911
7525918
7525839
7525911
7525919
7525978
7525121
7525918
7525922
7525911
7525904
7525839
7525911
7525903
7525844
7525121
7525918
7525914
