0.0 1.0 0.0 0.0 0.0 0.0 
0.0 11.0 -10.0 0.0 0.0 0.0 
0.0 1.0 0.0 0.0 0.0 0.0 
0.0 -22.3 10.0 0.0 0.0 13.3 
0.0 1946.0 -1945.0 0.0 0.0 0.0 
0.0 16.8 -16.8 0.0 0.0 1.0 

0.0 1.8 -0.8 0.0 0.0 0.0 
0.0 11.8 -10.8 0.0 0.0 0.0 
0.0 1.8 -0.8 0.0 0.0 0.0 
0.0 -21.6 9.3 0.0 0.0 13.3 
0.0 1946.8 -1945.8 0.0 0.0 0.0 
0.0 17.5 -17.5 0.0 0.0 1.0 

0.0 0.0 1.0 0.0 0.0 0.0 
0.0 10.0 -9.0 0.0 0.0 0.0 
0.0 0.0 1.0 0.0 0.0 0.0 
0.0 -23.3 11.0 0.0 0.0 13.3 
0.0 1945.0 -1944.0 0.0 0.0 0.0 
0.0 15.8 -15.8 0.0 0.0 1.0 

0.0 0.5 0.5 0.0 0.0 0.0 
0.0 10.5 -9.5 0.0 0.0 0.0 
0.0 0.5 0.5 0.0 0.0 0.0 
0.0 -22.8 10.5 0.0 0.0 13.3 
0.0 1945.5 -1944.5 0.0 0.0 0.0 
0.0 16.3 -16.3 0.0 0.0 1.0 

0.0 1.5 -0.5 0.0 0.0 0.0 
0.0 11.5 -10.5 0.0 0.0 0.0 
0.0 1.5 -0.5 0.0 0.0 0.0 
0.0 -21.8 9.5 0.0 0.0 13.3 
0.0 1946.5 -1945.5 0.0 0.0 0.0 
0.0 17.3 -17.3 0.0 0.0 1.0 

0.0 2.3 -1.3 0.0 0.0 0.0 
0.0 12.3 -11.3 0.0 0.0 0.0 
0.0 2.3 -1.3 0.0 0.0 0.0 
0.0 -21.1 8.8 0.0 0.0 13.3 
0.0 1947.3 -1946.3 0.0 0.0 0.0 
0.0 18.0 -18.0 0.0 0.0 1.0 

0.0 0.8 0.3 0.0 0.0 0.0 
0.0 10.8 -9.8 0.0 0.0 0.0 
0.0 0.8 0.3 0.0 0.0 0.0 
0.0 -22.6 10.3 0.0 0.0 13.3 
0.0 1945.8 -1944.8 0.0 0.0 0.0 
0.0 16.5 -16.5 0.0 0.0 1.0 

1.0 0.0 0.0 0.0 0.0 0.0 
0.0 -2.3 0.0 0.0 0.0 1.3 
0.0 0.0 -1.0 0.0 0.0 0.0 
0.0 -23.3 9.0 0.0 0.0 13.3 
0.0 -453.8 193.5 0.0 0.0 259.3 
0.0 -5.8 1.5 0.0 0.0 3.3 

0.0 1.3 -0.3 0.0 0.0 0.0 
0.0 11.3 -10.3 0.0 0.0 0.0 
0.0 1.3 -0.3 0.0 0.0 0.0 
0.0 -22.1 9.8 0.0 0.0 13.3 
0.0 1946.3 -1945.3 0.0 0.0 0.0 
0.0 17.0 -17.0 0.0 0.0 1.0 

1.0 0.0 0.0 0.0 0.0 0.0 
0.0 0.0 0.9 0.1 0.0 0.0 
0.0 0.0 1.0 0.0 0.0 0.0 
0.0 0.0 0.0 1.0 0.0 0.0 
0.0 0.0 -0.9 1.9 0.0 0.0 
0.0 -1.8 1.6 0.2 0.0 1.0 

0.0 -0.2 1.2 0.0 0.0 0.0 
0.0 -0.2 1.1 0.0 0.1 0.0 
0.0 -0.2 1.2 0.0 0.0 0.0 
0.0 -0.1 0.6 0.0 0.5 0.0 
0.0 0.0 0.0 0.0 1.0 0.0 
0.0 -1.9 1.8 0.0 0.1 1.0 

0.0 -0.0 1.0 0.0 0.0 0.0 
0.0 -0.0 1.0 0.0 0.1 0.0 
0.0 -0.0 1.0 0.0 0.0 0.0 
0.0 0.1 0.4 0.0 0.5 0.0 
0.0 0.2 -0.2 0.0 1.0 0.0 
0.0 -1.8 1.7 0.0 0.1 1.0 

1.0
4.0
0.0
40.0
778.0
10.0
