0.0 0.0 0.0 1.0 0.0 0.0 0.0 
0.0 0.0 0.0 1.0 0.0 0.0 0.0 
0.0 0.0 0.0 0.0 1.0 0.0 0.0 
0.0 0.0 0.0 0.7 0.3 0.0 0.0 
0.0 0.0 0.0 -9.3 10.3 0.0 0.0 
0.0 0.0 0.0 -10268.2 10269.2 0.0 0.0 
0.0 0.0 0.0 0.0 -0.0 0.0 1.0 

0.0 0.0 0.0 0.9 0.1 0.0 0.0 
0.0 0.0 0.0 1.0 0.1 0.0 0.0 
0.0 0.0 0.0 -0.0 1.0 0.0 0.0 
0.0 0.0 0.0 0.7 0.3 0.0 0.0 
0.0 0.0 0.0 -9.3 10.3 0.0 0.0 
0.0 0.0 0.0 -10268.2 10269.2 0.0 0.0 
0.0 0.0 0.0 0.1 -0.1 0.0 1.0 

0.0 0.0 0.0 1.0 -0.0 0.0 0.0 
0.0 0.0 0.0 1.0 -0.0 0.0 0.0 
0.0 0.0 0.0 0.1 0.9 0.0 0.0 
0.0 0.0 0.0 0.8 0.2 0.0 0.0 
0.0 0.0 0.0 -9.2 10.2 0.0 0.0 
0.0 0.0 0.0 -10268.1 10269.1 0.0 0.0 
0.0 0.0 0.0 0.0 0.0 0.0 1.0 

0.0 0.0 0.0 1.0 0.0 0.0 0.0 
0.0 0.0 0.0 1.0 -0.0 0.0 0.0 
0.0 0.0 0.0 0.0 1.0 0.0 0.0 
0.0 0.0 0.0 0.8 0.2 0.0 0.0 
0.0 0.0 0.0 -9.2 10.2 0.0 0.0 
0.0 0.0 0.0 -10268.2 10269.2 0.0 0.0 
0.0 0.0 0.0 0.0 -0.0 0.0 1.0 

0.0 0.0 0.0 1.0 0.0 0.0 0.0 
0.0 0.0 0.0 1.0 0.0 0.0 0.0 
0.0 0.0 0.0 0.0 1.0 0.0 0.0 
0.0 0.0 0.0 0.7 0.3 0.0 0.0 
0.0 0.0 0.0 -9.3 10.3 0.0 0.0 
0.0 0.0 0.0 -10268.2 10269.2 0.0 0.0 
0.0 0.0 0.0 0.1 -0.1 0.0 1.0 

0.0 0.0 0.0 0.9 0.1 0.0 0.0 
0.0 0.0 0.0 0.9 0.1 0.0 0.0 
0.0 0.0 0.0 -0.0 1.0 0.0 0.0 
0.0 0.0 0.0 0.7 0.3 0.0 0.0 
0.0 0.0 0.0 -9.3 10.3 0.0 0.0 
0.0 0.0 0.0 -10268.3 10269.3 0.0 0.0 
0.0 0.0 0.0 0.1 -0.1 0.0 1.0 

0.0 0.0 0.0 1.0 0.0 0.0 0.0 
0.0 0.0 0.0 1.0 0.0 0.0 0.0 
0.0 0.0 0.0 0.0 1.0 0.0 0.0 
0.0 0.0 0.0 0.8 0.3 0.0 0.0 
0.0 0.0 0.0 -9.3 10.3 0.0 0.0 
0.0 0.0 0.0 -10268.2 10269.2 0.0 0.0 
0.0 0.0 0.0 0.0 -0.0 0.0 1.0 

1.0 0.0 0.0 0.0 0.0 0.0 0.0 
0.0 0.0 0.0 -1.0 0.0 0.0 0.0 
0.0 0.0 0.0 -1.0 0.0 0.0 0.0 
0.0 0.0 0.0 -1.0 0.0 0.0 0.0 
0.0 0.0 0.0 -0.7 0.0 0.0 0.3 
0.0 0.0 0.0 285.7 -6.6 0.0 280.1 
0.0 0.0 0.0 2.0 -0.0 0.0 1.0 

0.0 0.0 0.0 1.0 0.0 0.0 0.0 
0.0 0.0 0.0 1.0 0.0 0.0 0.0 
0.0 0.0 0.0 0.0 1.0 0.0 0.0 
0.0 0.0 0.0 0.7 0.3 0.0 0.0 
0.0 0.0 0.0 -9.3 10.3 0.0 0.0 
0.0 0.0 0.0 -10268.2 10269.2 0.0 0.0 
0.0 0.0 0.0 0.1 -0.1 0.0 1.0 

1.0 0.0 0.0 0.0 0.0 0.0 0.0 
0.0 1.0 0.0 0.0 0.0 0.0 0.0 
1.0 0.0 0.0 0.0 0.0 0.0 0.0 
0.0 0.3 0.0 0.7 -0.0 0.0 0.0 
0.0 12.3 0.0 -11.6 0.3 0.0 0.0 
0.0 1232.3 0.0 -1260.6 29.3 0.0 0.0 
0.0 0.0 0.0 0.0 0.0 0.0 1.0 

0.0 0.0 1.0 0.0 0.0 0.0 0.0 
0.0 0.0 0.0 1.0 -0.0 0.0 0.0 
0.0 0.0 1.0 0.0 0.0 0.0 0.0 
0.0 0.0 0.0 1.0 -0.0 0.0 0.0 
0.0 0.0 0.0 1.0 -0.0 0.0 0.0 
0.0 0.0 0.0 0.0 -0.0 1.0 0.0 
0.0 0.0 0.0 -0.0 0.0 -0.0 1.0 

0.0 0.0 1.0 -0.0 0.0 -0.0 0.0 
0.0 0.0 0.0 1.0 -0.0 0.0 0.0 
0.0 0.0 1.0 -0.0 0.0 -0.0 0.0 
0.0 0.0 0.0 1.0 -0.0 0.0 0.0 
0.0 0.0 0.0 1.0 -0.0 0.0 0.0 
0.0 0.0 0.0 0.0 0.0 1.0 0.0 
0.0 0.0 0.0 -0.0 0.0 -0.0 1.0 

1.0
7.0
8.0
2.0
86.0
86261.0
308.0
