0.0 0.4 0.6 0.0 0.0 0.0 
0.0 0.4 0.6 0.0 0.0 0.0 
0.0 -9.6 10.6 0.0 0.0 0.0 
0.0 42.9 0.6 0.0 0.0 42.5 
0.0 -915.3 916.3 0.0 0.0 0.0 
0.0 0.6 -0.6 0.0 0.0 1.0 

0.0 0.0 1.0 0.0 0.0 0.0 
0.0 0.0 1.0 0.0 0.0 0.0 
0.0 -10.0 11.0 0.0 0.0 0.0 
0.0 42.5 1.0 0.0 0.0 42.5 
0.0 -915.7 916.7 0.0 0.0 0.0 
0.0 1.0 -1.0 0.0 0.0 1.0 

0.0 1.0 0.0 0.0 0.0 0.0 
0.0 1.0 0.0 0.0 0.0 0.0 
0.0 -9.0 10.0 0.0 0.0 0.0 
0.0 43.5 0.0 0.0 0.0 42.5 
0.0 -914.7 915.7 0.0 0.0 0.0 
0.0 0.0 0.0 0.0 0.0 1.0 

0.0 0.7 0.3 0.0 0.0 0.0 
0.0 0.7 0.3 0.0 0.0 0.0 
0.0 -9.3 10.3 0.0 0.0 0.0 
0.0 43.2 0.3 0.0 0.0 42.5 
0.0 -915.0 916.0 0.0 0.0 0.0 
0.0 0.3 -0.3 0.0 0.0 1.0 

0.0 0.1 0.9 0.0 0.0 0.0 
0.0 0.1 0.9 0.0 0.0 0.0 
0.0 -9.9 10.9 0.0 0.0 0.0 
0.0 42.6 0.9 0.0 0.0 42.5 
0.0 -915.6 916.6 0.0 0.0 0.0 
0.0 0.9 -0.9 0.0 0.0 1.0 

0.0 -0.3 1.3 0.0 0.0 0.0 
0.0 -0.3 1.3 0.0 0.0 0.0 
0.0 -10.3 11.3 0.0 0.0 0.0 
0.0 42.2 1.3 0.0 0.0 42.5 
0.0 -916.0 917.0 0.0 0.0 0.0 
0.0 1.3 -1.3 0.0 0.0 1.0 

0.0 0.6 0.4 0.0 0.0 0.0 
0.0 0.6 0.4 0.0 0.0 0.0 
0.0 -9.4 10.4 0.0 0.0 0.0 
0.0 43.1 0.4 0.0 0.0 42.5 
0.0 -915.1 916.1 0.0 0.0 0.0 
0.0 0.4 -0.4 0.0 0.0 1.0 

1.0 0.0 0.0 0.0 0.0 0.0 
0.0 -1.0 0.0 0.0 0.0 0.0 
0.0 2.5 0.0 0.0 0.0 3.5 
0.0 41.5 0.0 0.0 0.0 42.5 
0.0 319.5 0.0 0.0 0.0 320.5 
0.0 2.0 0.0 0.0 0.0 1.0 

0.0 0.3 0.7 0.0 0.0 0.0 
0.0 0.3 0.7 0.0 0.0 0.0 
0.0 -9.7 10.7 0.0 0.0 0.0 
0.0 42.8 0.7 0.0 0.0 42.5 
0.0 -915.4 916.4 0.0 0.0 0.0 
0.0 0.7 -0.7 0.0 0.0 1.0 

1.0 0.0 0.0 0.0 0.0 0.0 
0.0 1.0 0.0 0.0 0.0 0.0 
0.0 0.9 0.0 0.1 0.0 0.0 
0.0 0.0 0.0 1.0 0.0 0.0 
0.0 0.2 0.0 0.8 0.0 0.0 
0.0 0.0 0.0 0.0 0.0 1.0 

0.0 1.1 -0.1 0.0 0.0 0.0 
0.0 1.1 -0.1 0.0 0.0 0.0 
0.0 1.0 -0.1 0.0 0.1 0.0 
0.0 -0.2 -0.1 0.0 1.3 0.0 
0.0 0.1 -0.1 0.0 1.0 0.0 
0.0 -0.1 0.1 0.0 -0.0 1.0 

0.0 1.0 -0.0 0.0 0.0 0.0 
0.0 1.0 -0.0 0.0 0.0 0.0 
0.0 0.9 -0.0 0.0 0.1 0.0 
0.0 -0.3 0.0 0.0 1.3 0.0 
0.0 0.0 0.0 0.0 1.0 0.0 
0.0 -0.0 0.0 0.0 -0.0 1.0 

1.0
0.0
7.0
85.0
641.0
2.0
