0.0 1.5 -0.5 0.0 0.0 0.0 0.0 0.0 0.0 0.0 0.0 0.0 0.0 0.0 0.0 0.0 0.0 0.0 0.0 
0.0 0.0 0.0 5.8 -2.5 -2.3 0.0 0.0 0.0 0.0 0.0 0.0 0.0 0.0 0.0 0.0 0.0 0.0 0.0 
0.0 0.0 0.0 2.8 -0.5 -1.3 0.0 0.0 0.0 0.0 0.0 0.0 0.0 0.0 0.0 0.0 0.0 0.0 0.0 
0.0 0.0 0.0 -0.8 1.5 -0.8 2.0 -1.0 0.0 0.0 0.0 0.0 0.0 0.0 0.0 0.0 0.0 0.0 0.0 
0.0 0.0 0.0 -1.1 2.3 -1.1 1.8 -0.8 0.0 0.0 0.0 0.0 0.0 0.0 0.0 0.0 0.0 0.0 0.0 
0.0 0.0 0.0 -0.5 1.0 -0.5 1.5 -0.5 0.0 0.0 0.0 0.0 0.0 0.0 0.0 0.0 0.0 0.0 0.0 
0.0 0.0 0.0 -0.9 1.7 -0.9 0.0 0.0 -0.3 1.3 0.0 0.0 0.0 0.0 0.0 0.0 0.0 0.0 0.0 
0.0 0.0 0.0 -0.9 1.9 -0.9 0.0 0.0 -0.3 1.3 0.0 0.0 0.0 0.0 0.0 0.0 0.0 0.0 0.0 
0.0 0.0 0.0 -0.8 1.5 -0.8 0.0 0.0 0.0 0.0 0.4 0.6 0.0 0.0 0.0 0.0 0.0 0.0 0.0 
0.0 0.0 0.0 1.0 -1.9 1.0 0.0 0.0 0.0 0.0 -0.5 1.5 0.0 0.0 0.0 0.0 0.0 0.0 0.0 
0.0 0.0 0.0 -1.1 2.2 -1.1 0.0 0.0 0.0 0.0 0.0 0.0 0.8 0.2 0.0 0.0 0.0 0.0 0.0 
0.0 0.0 0.0 -0.1 0.3 -0.1 0.0 0.0 0.0 0.0 0.0 0.0 2.2 -1.2 0.0 0.0 0.0 0.0 0.0 
0.0 0.0 0.0 0.4 -0.7 0.4 0.0 0.0 0.0 0.0 0.0 0.0 0.0 0.0 -0.4 1.4 0.0 0.0 0.0 
0.0 0.0 0.0 1.7 -3.4 1.7 0.0 0.0 0.0 0.0 0.0 0.0 0.0 0.0 -2.5 3.5 0.0 0.0 0.0 
0.0 0.0 0.0 4.8 -9.6 4.8 0.0 0.0 0.0 0.0 0.0 0.0 0.0 0.0 0.0 0.0 -2.6 3.6 0.0 
0.0 0.0 0.0 2.9 -5.8 2.9 0.0 0.0 0.0 0.0 0.0 0.0 0.0 0.0 0.0 0.0 -1.8 2.8 0.0 
-0.0 0.0 -0.0 -14.9 29.6 -14.7 0.5 -0.4 0.3 -0.7 -1.3 2.2 -6.2 4.8 9.0 -7.7 5.0 -5.7 1.1 
-0.0 0.0 -0.0 -3.6 7.2 -3.6 0.0 -0.0 0.0 -0.1 -0.1 0.2 -0.5 0.4 0.8 -0.7 0.4 -0.5 1.0 
0.0 -0.0 0.0 9.2 -17.6 8.5 -2.3 2.1 -1.4 1.8 4.4 -4.0 5.8 -9.2 -23.4 30.9 -0.9 -7.2 4.5 

0.0 1.3 -0.3 0.0 0.0 0.0 0.0 0.0 0.0 0.0 0.0 0.0 0.0 0.0 0.0 0.0 0.0 0.0 0.0 
0.0 0.0 0.0 4.5 -2.0 -1.5 0.0 0.0 0.0 0.0 0.0 0.0 0.0 0.0 0.0 0.0 0.0 0.0 0.0 
0.0 0.0 0.0 1.5 0.0 -0.5 0.0 0.0 0.0 0.0 0.0 0.0 0.0 0.0 0.0 0.0 0.0 0.0 0.0 
0.0 0.0 0.0 -0.6 1.3 -0.6 1.3 -0.3 0.0 0.0 0.0 0.0 0.0 0.0 0.0 0.0 0.0 0.0 0.0 
0.0 0.0 0.0 -1.0 2.0 -1.0 1.0 0.0 0.0 0.0 0.0 0.0 0.0 0.0 0.0 0.0 0.0 0.0 0.0 
0.0 0.0 0.0 -0.4 0.8 -0.4 0.8 0.3 0.0 0.0 0.0 0.0 0.0 0.0 0.0 0.0 0.0 0.0 0.0 
0.0 0.0 0.0 -0.7 1.4 -0.7 0.0 0.0 -0.3 1.3 0.0 0.0 0.0 0.0 0.0 0.0 0.0 0.0 0.0 
0.0 0.0 0.0 -0.8 1.5 -0.8 0.0 0.0 -0.2 1.2 0.0 0.0 0.0 0.0 0.0 0.0 0.0 0.0 0.0 
0.0 0.0 0.0 -0.7 1.3 -0.7 0.0 0.0 0.0 0.0 0.5 0.5 0.0 0.0 0.0 0.0 0.0 0.0 0.0 
0.0 0.0 0.0 1.1 -2.1 1.1 0.0 0.0 0.0 0.0 -0.4 1.4 0.0 0.0 0.0 0.0 0.0 0.0 0.0 
0.0 0.0 0.0 -1.1 2.1 -1.1 0.0 0.0 0.0 0.0 0.0 0.0 0.6 0.4 0.0 0.0 0.0 0.0 0.0 
0.0 0.0 0.0 -0.1 0.2 -0.1 0.0 0.0 0.0 0.0 0.0 0.0 2.1 -1.1 0.0 0.0 0.0 0.0 0.0 
0.0 0.0 0.0 0.7 -1.5 0.7 0.0 0.0 0.0 0.0 0.0 0.0 0.0 0.0 -0.8 1.8 0.0 0.0 0.0 
0.0 0.0 0.0 2.1 -4.1 2.1 0.0 0.0 0.0 0.0 0.0 0.0 0.0 0.0 -2.9 3.9 0.0 0.0 0.0 
0.0 0.0 0.0 4.3 -8.7 4.3 0.0 0.0 0.0 0.0 0.0 0.0 0.0 0.0 0.0 0.0 -2.2 3.2 0.0 
0.0 0.0 0.0 2.4 -4.9 2.4 0.0 0.0 0.0 0.0 0.0 0.0 0.0 0.0 0.0 0.0 -1.4 2.4 0.0 
-0.0 0.0 -0.0 -20.2 40.2 -20.0 0.7 -0.6 0.5 -1.0 -1.8 3.0 -8.6 6.7 12.5 -10.7 7.0 -7.9 1.2 
-0.0 0.0 -0.0 -8.9 17.8 -8.8 0.3 -0.2 0.2 -0.3 -0.6 1.0 -3.0 2.3 4.3 -3.7 2.4 -2.7 1.1 
0.0 -0.0 0.0 -8.1 16.6 -8.5 -1.4 1.4 -0.9 0.6 2.3 -0.2 -4.5 -1.5 -11.1 21.0 4.8 -14.1 4.7 

0.0 1.0 0.0 0.0 0.0 0.0 0.0 0.0 0.0 0.0 0.0 0.0 0.0 0.0 0.0 0.0 0.0 0.0 0.0 
0.0 0.0 0.0 3.3 -1.5 -0.8 0.0 0.0 0.0 0.0 0.0 0.0 0.0 0.0 0.0 0.0 0.0 0.0 0.0 
0.0 0.0 0.0 0.3 0.5 0.3 0.0 0.0 0.0 0.0 0.0 0.0 0.0 0.0 0.0 0.0 0.0 0.0 0.0 
0.0 0.0 0.0 -0.5 1.0 -0.5 0.5 0.5 0.0 0.0 0.0 0.0 0.0 0.0 0.0 0.0 0.0 0.0 0.0 
0.0 0.0 0.0 -0.9 1.8 -0.9 0.3 0.8 0.0 0.0 0.0 0.0 0.0 0.0 0.0 0.0 0.0 0.0 0.0 
0.0 0.0 0.0 -0.3 0.5 -0.3 0.0 1.0 0.0 0.0 0.0 0.0 0.0 0.0 0.0 0.0 0.0 0.0 0.0 
0.0 0.0 0.0 -0.5 1.0 -0.5 0.0 0.0 -0.2 1.2 0.0 0.0 0.0 0.0 0.0 0.0 0.0 0.0 0.0 
0.0 0.0 0.0 -0.6 1.1 -0.6 0.0 0.0 -0.1 1.1 0.0 0.0 0.0 0.0 0.0 0.0 0.0 0.0 0.0 
0.0 0.0 0.0 -0.6 1.2 -0.6 0.0 0.0 0.0 0.0 0.5 0.5 0.0 0.0 0.0 0.0 0.0 0.0 0.0 
0.0 0.0 0.0 1.2 -2.3 1.2 0.0 0.0 0.0 0.0 -0.3 1.3 0.0 0.0 0.0 0.0 0.0 0.0 0.0 
0.0 0.0 0.0 -1.0 2.0 -1.0 0.0 0.0 0.0 0.0 0.0 0.0 0.4 0.6 0.0 0.0 0.0 0.0 0.0 
0.0 0.0 0.0 -0.1 0.1 -0.1 0.0 0.0 0.0 0.0 0.0 0.0 1.9 -0.9 0.0 0.0 0.0 0.0 0.0 
0.0 0.0 0.0 1.1 -2.2 1.1 0.0 0.0 0.0 0.0 0.0 0.0 0.0 0.0 -1.2 2.2 0.0 0.0 0.0 
0.0 0.0 0.0 2.4 -4.9 2.4 0.0 0.0 0.0 0.0 0.0 0.0 0.0 0.0 -3.3 4.3 0.0 0.0 0.0 
0.0 0.0 0.0 3.9 -7.8 3.9 0.0 0.0 0.0 0.0 0.0 0.0 0.0 0.0 0.0 0.0 -1.8 2.8 0.0 
0.0 0.0 0.0 2.0 -4.0 2.0 0.0 0.0 0.0 0.0 0.0 0.0 0.0 0.0 0.0 0.0 -1.0 2.0 0.0 
-0.0 0.0 -0.0 -25.5 50.7 -25.2 0.9 -0.8 0.6 -1.2 -2.3 3.9 -11.1 8.6 16.0 -13.7 8.9 -10.1 1.2 
-0.0 0.0 -0.0 -14.2 28.3 -14.1 0.5 -0.4 0.3 -0.6 -1.1 1.9 -5.4 4.2 7.8 -6.7 4.4 -4.9 1.1 
0.0 -0.0 0.0 -25.3 50.8 -25.5 -0.5 0.6 -0.3 -0.6 0.2 3.5 -14.8 6.2 1.3 11.0 10.5 -21.0 5.0 

0.0 0.8 0.3 0.0 0.0 0.0 0.0 0.0 0.0 0.0 0.0 0.0 0.0 0.0 0.0 0.0 0.0 0.0 0.0 
0.0 0.0 0.0 2.0 -1.0 0.0 0.0 0.0 0.0 0.0 0.0 0.0 0.0 0.0 0.0 0.0 0.0 0.0 0.0 
0.0 0.0 0.0 -1.0 1.0 1.0 0.0 0.0 0.0 0.0 0.0 0.0 0.0 0.0 0.0 0.0 0.0 0.0 0.0 
0.0 0.0 0.0 -0.4 0.8 -0.4 -0.3 1.3 0.0 0.0 0.0 0.0 0.0 0.0 0.0 0.0 0.0 0.0 0.0 
0.0 0.0 0.0 -0.8 1.5 -0.8 -0.5 1.5 0.0 0.0 0.0 0.0 0.0 0.0 0.0 0.0 0.0 0.0 0.0 
0.0 0.0 0.0 -0.1 0.3 -0.1 -0.8 1.8 0.0 0.0 0.0 0.0 0.0 0.0 0.0 0.0 0.0 0.0 0.0 
0.0 0.0 0.0 -0.3 0.6 -0.3 0.0 0.0 -0.1 1.1 0.0 0.0 0.0 0.0 0.0 0.0 0.0 0.0 0.0 
0.0 0.0 0.0 -0.4 0.8 -0.4 0.0 0.0 0.0 1.0 0.0 0.0 0.0 0.0 0.0 0.0 0.0 0.0 0.0 
0.0 0.0 0.0 -0.5 1.0 -0.5 0.0 0.0 0.0 0.0 0.6 0.4 0.0 0.0 0.0 0.0 0.0 0.0 0.0 
0.0 0.0 0.0 1.2 -2.5 1.2 0.0 0.0 0.0 0.0 -0.2 1.2 0.0 0.0 0.0 0.0 0.0 0.0 0.0 
0.0 0.0 0.0 -0.9 1.9 -0.9 0.0 0.0 0.0 0.0 0.0 0.0 0.3 0.7 0.0 0.0 0.0 0.0 0.0 
0.0 0.0 0.0 0.0 0.0 0.0 0.0 0.0 0.0 0.0 0.0 0.0 1.7 -0.7 0.0 0.0 0.0 0.0 0.0 
0.0 0.0 0.0 1.5 -2.9 1.5 0.0 0.0 0.0 0.0 0.0 0.0 0.0 0.0 -1.6 2.6 0.0 0.0 0.0 
0.0 0.0 0.0 2.8 -5.6 2.8 0.0 0.0 0.0 0.0 0.0 0.0 0.0 0.0 -3.7 4.7 0.0 0.0 0.0 
0.0 0.0 0.0 3.5 -6.9 3.5 0.0 0.0 0.0 0.0 0.0 0.0 0.0 0.0 0.0 0.0 -1.4 2.4 0.0 
0.0 0.0 0.0 1.6 -3.1 1.6 0.0 0.0 0.0 0.0 0.0 0.0 0.0 0.0 0.0 0.0 -0.6 1.6 0.0 
-0.0 0.0 -0.0 -30.8 61.2 -30.5 1.1 -1.0 0.7 -1.5 -2.8 4.7 -13.5 10.4 19.6 -16.7 10.9 -12.3 1.3 
-0.0 0.0 -0.0 -19.5 38.8 -19.3 0.7 -0.6 0.4 -0.9 -1.6 2.7 -7.8 6.1 11.3 -9.7 6.3 -7.2 1.2 
-0.0 0.0 -0.0 -42.6 85.0 -42.4 0.4 -0.1 0.2 -1.8 -1.9 7.3 -25.2 13.9 13.6 1.1 16.2 -27.9 5.2 

0.0 0.5 0.5 0.0 0.0 0.0 0.0 0.0 0.0 0.0 0.0 0.0 0.0 0.0 0.0 0.0 0.0 0.0 0.0 
0.0 0.0 0.0 0.8 -0.5 0.8 0.0 0.0 0.0 0.0 0.0 0.0 0.0 0.0 0.0 0.0 0.0 0.0 0.0 
0.0 0.0 0.0 -2.3 1.5 1.8 0.0 0.0 0.0 0.0 0.0 0.0 0.0 0.0 0.0 0.0 0.0 0.0 0.0 
0.0 0.0 0.0 -0.3 0.5 -0.3 -1.0 2.0 0.0 0.0 0.0 0.0 0.0 0.0 0.0 0.0 0.0 0.0 0.0 
0.0 0.0 0.0 -0.6 1.3 -0.6 -1.3 2.3 0.0 0.0 0.0 0.0 0.0 0.0 0.0 0.0 0.0 0.0 0.0 
0.0 0.0 0.0 0.0 0.0 0.0 -1.5 2.5 0.0 0.0 0.0 0.0 0.0 0.0 0.0 0.0 0.0 0.0 0.0 
0.0 0.0 0.0 -0.1 0.3 -0.1 0.0 0.0 0.0 1.0 0.0 0.0 0.0 0.0 0.0 0.0 0.0 0.0 0.0 
0.0 0.0 0.0 -0.2 0.4 -0.2 0.0 0.0 0.1 0.9 0.0 0.0 0.0 0.0 0.0 0.0 0.0 0.0 0.0 
0.0 0.0 0.0 -0.4 0.8 -0.4 0.0 0.0 0.0 0.0 0.7 0.3 0.0 0.0 0.0 0.0 0.0 0.0 0.0 
0.0 0.0 0.0 1.3 -2.7 1.3 0.0 0.0 0.0 0.0 -0.1 1.1 0.0 0.0 0.0 0.0 0.0 0.0 0.0 
0.0 0.0 0.0 -0.9 1.8 -0.9 0.0 0.0 0.0 0.0 0.0 0.0 0.1 0.9 0.0 0.0 0.0 0.0 0.0 
0.0 0.0 0.0 0.1 -0.1 0.1 0.0 0.0 0.0 0.0 0.0 0.0 1.5 -0.5 0.0 0.0 0.0 0.0 0.0 
0.0 0.0 0.0 1.8 -3.7 1.8 0.0 0.0 0.0 0.0 0.0 0.0 0.0 0.0 -2.1 3.1 0.0 0.0 0.0 
0.0 0.0 0.0 3.2 -6.4 3.2 0.0 0.0 0.0 0.0 0.0 0.0 0.0 0.0 -4.1 5.1 0.0 0.0 0.0 
0.0 0.0 0.0 3.0 -6.0 3.0 0.0 0.0 0.0 0.0 0.0 0.0 0.0 0.0 0.0 0.0 -1.0 2.0 0.0 
0.0 0.0 0.0 1.1 -2.2 1.1 0.0 0.0 0.0 0.0 0.0 0.0 0.0 0.0 0.0 0.0 -0.2 1.2 0.0 
-0.0 0.0 -0.0 -36.1 71.8 -35.7 1.4 -1.1 0.8 -1.8 -3.3 5.6 -15.9 12.3 23.1 -19.8 12.9 -14.5 1.4 
-0.0 0.0 -0.0 -24.8 49.4 -24.6 0.9 -0.7 0.5 -1.1 -2.1 3.6 -10.3 7.9 14.9 -12.7 8.3 -9.4 1.2 
-0.0 0.0 -0.0 -59.8 119.2 -59.4 1.3 -0.8 0.8 -3.0 -3.9 11.0 -35.5 21.6 25.9 -8.8 21.9 -34.9 5.5 

0.0 0.3 0.8 0.0 0.0 0.0 0.0 0.0 0.0 0.0 0.0 0.0 0.0 0.0 0.0 0.0 0.0 0.0 0.0 
0.0 0.0 0.0 -0.5 0.0 1.5 0.0 0.0 0.0 0.0 0.0 0.0 0.0 0.0 0.0 0.0 0.0 0.0 0.0 
0.0 0.0 0.0 -3.5 2.0 2.5 0.0 0.0 0.0 0.0 0.0 0.0 0.0 0.0 0.0 0.0 0.0 0.0 0.0 
0.0 0.0 0.0 -0.1 0.3 -0.1 -1.8 2.8 0.0 0.0 0.0 0.0 0.0 0.0 0.0 0.0 0.0 0.0 0.0 
0.0 0.0 0.0 -0.5 1.0 -0.5 -2.0 3.0 0.0 0.0 0.0 0.0 0.0 0.0 0.0 0.0 0.0 0.0 0.0 
0.0 0.0 0.0 0.1 -0.3 0.1 -2.3 3.3 0.0 0.0 0.0 0.0 0.0 0.0 0.0 0.0 0.0 0.0 0.0 
0.0 0.0 0.0 0.0 -0.1 0.0 0.0 0.0 0.1 0.9 0.0 0.0 0.0 0.0 0.0 0.0 0.0 0.0 0.0 
0.0 0.0 0.0 -0.0 0.1 -0.0 0.0 0.0 0.2 0.8 0.0 0.0 0.0 0.0 0.0 0.0 0.0 0.0 0.0 
0.0 0.0 0.0 -0.3 0.6 -0.3 0.0 0.0 0.0 0.0 0.8 0.2 0.0 0.0 0.0 0.0 0.0 0.0 0.0 
0.0 0.0 0.0 1.4 -2.9 1.4 0.0 0.0 0.0 0.0 -0.0 1.0 0.0 0.0 0.0 0.0 0.0 0.0 0.0 
0.0 0.0 0.0 -0.8 1.7 -0.8 0.0 0.0 0.0 0.0 0.0 0.0 -0.1 1.1 0.0 0.0 0.0 0.0 0.0 
0.0 0.0 0.0 0.1 -0.2 0.1 0.0 0.0 0.0 0.0 0.0 0.0 1.4 -0.4 0.0 0.0 0.0 0.0 0.0 
0.0 0.0 0.0 2.2 -4.4 2.2 0.0 0.0 0.0 0.0 0.0 0.0 0.0 0.0 -2.5 3.5 0.0 0.0 0.0 
0.0 0.0 0.0 3.5 -7.1 3.5 0.0 0.0 0.0 0.0 0.0 0.0 0.0 0.0 -4.5 5.5 0.0 0.0 0.0 
0.0 0.0 0.0 2.6 -5.2 2.6 0.0 0.0 0.0 0.0 0.0 0.0 0.0 0.0 0.0 0.0 -0.7 1.7 0.0 
0.0 0.0 0.0 0.7 -1.4 0.7 0.0 0.0 0.0 0.0 0.0 0.0 0.0 0.0 0.0 0.0 0.1 0.9 0.0 
-0.0 0.0 -0.0 -41.4 82.3 -40.9 1.6 -1.3 1.0 -2.0 -3.8 6.4 -18.3 14.2 26.6 -22.8 14.8 -16.8 1.4 
-0.0 0.0 -0.0 -30.1 59.9 -29.8 1.1 -0.9 0.7 -1.4 -2.6 4.5 -12.7 9.8 18.4 -15.7 10.3 -11.6 1.3 
-0.0 0.0 -0.0 -77.1 153.4 -76.4 2.2 -1.6 1.3 -4.2 -6.0 14.8 -45.8 29.3 38.3 -18.7 27.6 -41.8 5.8 

0.0 0.0 1.0 0.0 0.0 0.0 0.0 0.0 0.0 0.0 0.0 0.0 0.0 0.0 0.0 0.0 0.0 0.0 0.0 
0.0 0.0 0.0 -1.8 0.5 2.3 0.0 0.0 0.0 0.0 0.0 0.0 0.0 0.0 0.0 0.0 0.0 0.0 0.0 
0.0 0.0 0.0 -4.8 2.5 3.3 0.0 0.0 0.0 0.0 0.0 0.0 0.0 0.0 0.0 0.0 0.0 0.0 0.0 
0.0 0.0 0.0 0.0 0.0 0.0 -2.5 3.5 0.0 0.0 0.0 0.0 0.0 0.0 0.0 0.0 0.0 0.0 0.0 
0.0 0.0 0.0 -0.4 0.8 -0.4 -2.8 3.8 0.0 0.0 0.0 0.0 0.0 0.0 0.0 0.0 0.0 0.0 0.0 
0.0 0.0 0.0 0.3 -0.5 0.3 -3.0 4.0 0.0 0.0 0.0 0.0 0.0 0.0 0.0 0.0 0.0 0.0 0.0 
0.0 0.0 0.0 0.2 -0.4 0.2 0.0 0.0 0.2 0.8 0.0 0.0 0.0 0.0 0.0 0.0 0.0 0.0 0.0 
0.0 0.0 0.0 0.2 -0.3 0.2 0.0 0.0 0.3 0.7 0.0 0.0 0.0 0.0 0.0 0.0 0.0 0.0 0.0 
0.0 0.0 0.0 -0.2 0.4 -0.2 0.0 0.0 0.0 0.0 0.9 0.1 0.0 0.0 0.0 0.0 0.0 0.0 0.0 
0.0 0.0 0.0 1.5 -3.0 1.5 0.0 0.0 0.0 0.0 0.1 0.9 0.0 0.0 0.0 0.0 0.0 0.0 0.0 
0.0 0.0 0.0 -0.8 1.6 -0.8 0.0 0.0 0.0 0.0 0.0 0.0 -0.3 1.3 0.0 0.0 0.0 0.0 0.0 
0.0 0.0 0.0 0.1 -0.3 0.1 0.0 0.0 0.0 0.0 0.0 0.0 1.2 -0.2 0.0 0.0 0.0 0.0 0.0 
0.0 0.0 0.0 2.6 -5.1 2.6 0.0 0.0 0.0 0.0 0.0 0.0 0.0 0.0 -2.9 3.9 0.0 0.0 0.0 
0.0 0.0 0.0 3.9 -7.8 3.9 0.0 0.0 0.0 0.0 0.0 0.0 0.0 0.0 -4.9 5.9 0.0 0.0 0.0 
0.0 0.0 0.0 2.1 -4.3 2.1 0.0 0.0 0.0 0.0 0.0 0.0 0.0 0.0 0.0 0.0 -0.3 1.3 0.0 
0.0 0.0 0.0 0.2 -0.5 0.2 0.0 0.0 0.0 0.0 0.0 0.0 0.0 0.0 0.0 0.0 0.5 0.5 0.0 
-0.0 0.0 -0.0 -46.7 92.8 -46.2 1.8 -1.5 1.1 -2.3 -4.3 7.3 -20.8 16.1 30.1 -25.8 16.8 -19.0 1.5 
-0.0 0.0 -0.0 -35.4 70.4 -35.0 1.3 -1.1 0.8 -1.7 -3.1 5.3 -15.1 11.7 21.9 -18.8 12.2 -13.8 1.3 
-0.0 0.0 -0.0 -94.3 187.6 -93.4 3.1 -2.3 1.8 -5.4 -8.1 18.5 -56.1 37.0 50.6 -28.7 33.2 -48.7 6.0 

0.0 -0.3 1.3 0.0 0.0 0.0 0.0 0.0 0.0 0.0 0.0 0.0 0.0 0.0 0.0 0.0 0.0 0.0 0.0 
0.0 0.0 0.0 -3.0 1.0 3.0 0.0 0.0 0.0 0.0 0.0 0.0 0.0 0.0 0.0 0.0 0.0 0.0 0.0 
0.0 0.0 0.0 -6.0 3.0 4.0 0.0 0.0 0.0 0.0 0.0 0.0 0.0 0.0 0.0 0.0 0.0 0.0 0.0 
0.0 0.0 0.0 0.1 -0.3 0.1 -3.3 4.3 0.0 0.0 0.0 0.0 0.0 0.0 0.0 0.0 0.0 0.0 0.0 
0.0 0.0 0.0 -0.3 0.5 -0.3 -3.5 4.5 0.0 0.0 0.0 0.0 0.0 0.0 0.0 0.0 0.0 0.0 0.0 
0.0 0.0 0.0 0.4 -0.8 0.4 -3.8 4.8 0.0 0.0 0.0 0.0 0.0 0.0 0.0 0.0 0.0 0.0 0.0 
0.0 0.0 0.0 0.4 -0.8 0.4 0.0 0.0 0.3 0.7 0.0 0.0 0.0 0.0 0.0 0.0 0.0 0.0 0.0 
0.0 0.0 0.0 0.3 -0.7 0.3 0.0 0.0 0.4 0.6 0.0 0.0 0.0 0.0 0.0 0.0 0.0 0.0 0.0 
0.0 0.0 0.0 -0.1 0.2 -0.1 0.0 0.0 0.0 0.0 1.0 -0.0 0.0 0.0 0.0 0.0 0.0 0.0 0.0 
0.0 0.0 0.0 1.6 -3.2 1.6 0.0 0.0 0.0 0.0 0.2 0.8 0.0 0.0 0.0 0.0 0.0 0.0 0.0 
0.0 0.0 0.0 -0.8 1.5 -0.8 0.0 0.0 0.0 0.0 0.0 0.0 -0.4 1.4 0.0 0.0 0.0 0.0 0.0 
0.0 0.0 0.0 0.2 -0.4 0.2 0.0 0.0 0.0 0.0 0.0 0.0 1.0 -0.0 0.0 0.0 0.0 0.0 0.0 
0.0 0.0 0.0 2.9 -5.9 2.9 0.0 0.0 0.0 0.0 0.0 0.0 0.0 0.0 -3.3 4.3 0.0 0.0 0.0 
0.0 0.0 0.0 4.3 -8.6 4.3 0.0 0.0 0.0 0.0 0.0 0.0 0.0 0.0 -5.4 6.4 0.0 0.0 0.0 
0.0 0.0 0.0 1.7 -3.4 1.7 0.0 0.0 0.0 0.0 0.0 0.0 0.0 0.0 0.0 0.0 0.1 0.9 0.0 
0.0 0.0 0.0 -0.2 0.4 -0.2 0.0 0.0 0.0 0.0 0.0 0.0 0.0 0.0 0.0 0.0 0.9 0.1 0.0 
-0.0 0.0 -0.0 -52.0 103.4 -51.4 2.0 -1.7 1.2 -2.6 -4.8 8.2 -23.2 17.9 33.6 -28.8 18.8 -21.2 1.5 
-0.0 0.0 -0.0 -40.7 81.0 -40.3 1.5 -1.3 0.9 -1.9 -3.6 6.2 -17.5 13.6 25.4 -21.8 14.2 -16.0 1.4 
-0.0 0.0 -0.0 -111.6 221.8 -110.3 4.0 -3.1 2.4 -6.6 -10.2 22.3 -66.4 44.7 63.0 -38.6 38.9 -55.6 6.3 

0.0 -0.5 1.5 0.0 0.0 0.0 0.0 0.0 0.0 0.0 0.0 0.0 0.0 0.0 0.0 0.0 0.0 0.0 0.0 
0.0 0.0 0.0 -4.3 1.5 3.8 0.0 0.0 0.0 0.0 0.0 0.0 0.0 0.0 0.0 0.0 0.0 0.0 0.0 
0.0 0.0 0.0 -7.3 3.5 4.8 0.0 0.0 0.0 0.0 0.0 0.0 0.0 0.0 0.0 0.0 0.0 0.0 0.0 
0.0 0.0 0.0 0.3 -0.5 0.3 -4.0 5.0 0.0 0.0 0.0 0.0 0.0 0.0 0.0 0.0 0.0 0.0 0.0 
0.0 0.0 0.0 -0.1 0.3 -0.1 -4.3 5.3 0.0 0.0 0.0 0.0 0.0 0.0 0.0 0.0 0.0 0.0 0.0 
0.0 0.0 0.0 0.5 -1.0 0.5 -4.5 5.5 0.0 0.0 0.0 0.0 0.0 0.0 0.0 0.0 0.0 0.0 0.0 
0.0 0.0 0.0 0.6 -1.2 0.6 0.0 0.0 0.4 0.6 0.0 0.0 0.0 0.0 0.0 0.0 0.0 0.0 0.0 
0.0 0.0 0.0 0.5 -1.0 0.5 0.0 0.0 0.5 0.5 0.0 0.0 0.0 0.0 0.0 0.0 0.0 0.0 0.0 
0.0 0.0 0.0 -0.0 0.0 -0.0 0.0 0.0 0.0 0.0 1.1 -0.1 0.0 0.0 0.0 0.0 0.0 0.0 0.0 
0.0 0.0 0.0 1.7 -3.4 1.7 0.0 0.0 0.0 0.0 0.3 0.7 0.0 0.0 0.0 0.0 0.0 0.0 0.0 
0.0 0.0 0.0 -0.7 1.4 -0.7 0.0 0.0 0.0 0.0 0.0 0.0 -0.6 1.6 0.0 0.0 0.0 0.0 0.0 
0.0 0.0 0.0 0.3 -0.5 0.3 0.0 0.0 0.0 0.0 0.0 0.0 0.9 0.1 0.0 0.0 0.0 0.0 0.0 
0.0 0.0 0.0 3.3 -6.6 3.3 0.0 0.0 0.0 0.0 0.0 0.0 0.0 0.0 -3.7 4.7 0.0 0.0 0.0 
0.0 0.0 0.0 4.6 -9.3 4.6 0.0 0.0 0.0 0.0 0.0 0.0 0.0 0.0 -5.8 6.8 0.0 0.0 0.0 
0.0 0.0 0.0 1.3 -2.5 1.3 0.0 0.0 0.0 0.0 0.0 0.0 0.0 0.0 0.0 0.0 0.5 0.5 0.0 
0.0 0.0 0.0 -0.6 1.3 -0.6 0.0 0.0 0.0 0.0 0.0 0.0 0.0 0.0 0.0 0.0 1.3 -0.3 0.0 
-0.0 0.0 -0.0 -57.3 113.9 -56.6 2.2 -1.8 1.4 -2.8 -5.3 9.0 -25.6 19.8 37.2 -31.8 20.7 -23.4 1.6 
-0.0 0.0 -0.0 -46.0 91.5 -45.5 1.7 -1.4 1.1 -2.2 -4.1 7.0 -20.0 15.4 29.0 -24.8 16.1 -18.2 1.5 
-0.0 0.0 -0.0 -128.9 256.1 -127.3 4.9 -3.8 2.9 -7.8 -12.2 26.0 -76.7 52.4 75.3 -48.5 44.6 -62.5 6.6 

0.0 -0.8 1.8 0.0 0.0 0.0 0.0 0.0 0.0 0.0 0.0 0.0 0.0 0.0 0.0 0.0 0.0 0.0 0.0 
0.0 0.0 0.0 -5.5 2.0 4.5 0.0 0.0 0.0 0.0 0.0 0.0 0.0 0.0 0.0 0.0 0.0 0.0 0.0 
0.0 0.0 0.0 -8.5 4.0 5.5 0.0 0.0 0.0 0.0 0.0 0.0 0.0 0.0 0.0 0.0 0.0 0.0 0.0 
0.0 0.0 0.0 0.4 -0.8 0.4 -4.8 5.8 0.0 0.0 0.0 0.0 0.0 0.0 0.0 0.0 0.0 0.0 0.0 
0.0 0.0 0.0 0.0 0.0 0.0 -5.0 6.0 0.0 0.0 0.0 0.0 0.0 0.0 0.0 0.0 0.0 0.0 0.0 
0.0 0.0 0.0 0.6 -1.3 0.6 -5.3 6.3 0.0 0.0 0.0 0.0 0.0 0.0 0.0 0.0 0.0 0.0 0.0 
0.0 0.0 0.0 0.8 -1.5 0.8 0.0 0.0 0.5 0.5 0.0 0.0 0.0 0.0 0.0 0.0 0.0 0.0 0.0 
0.0 0.0 0.0 0.7 -1.4 0.7 0.0 0.0 0.6 0.4 0.0 0.0 0.0 0.0 0.0 0.0 0.0 0.0 0.0 
0.0 0.0 0.0 0.1 -0.1 0.1 0.0 0.0 0.0 0.0 1.2 -0.2 0.0 0.0 0.0 0.0 0.0 0.0 0.0 
0.0 0.0 0.0 1.8 -3.6 1.8 0.0 0.0 0.0 0.0 0.4 0.6 0.0 0.0 0.0 0.0 0.0 0.0 0.0 
0.0 0.0 0.0 -0.7 1.3 -0.7 0.0 0.0 0.0 0.0 0.0 0.0 -0.8 1.8 0.0 0.0 0.0 0.0 0.0 
0.0 0.0 0.0 0.3 -0.6 0.3 0.0 0.0 0.0 0.0 0.0 0.0 0.7 0.3 0.0 0.0 0.0 0.0 0.0 
0.0 0.0 0.0 3.7 -7.4 3.7 0.0 0.0 0.0 0.0 0.0 0.0 0.0 0.0 -4.1 5.1 0.0 0.0 0.0 
0.0 0.0 0.0 5.0 -10.0 5.0 0.0 0.0 0.0 0.0 0.0 0.0 0.0 0.0 -6.2 7.2 0.0 0.0 0.0 
0.0 0.0 0.0 0.8 -1.6 0.8 0.0 0.0 0.0 0.0 0.0 0.0 0.0 0.0 0.0 0.0 0.9 0.1 0.0 
0.0 0.0 0.0 -1.1 2.2 -1.1 0.0 0.0 0.0 0.0 0.0 0.0 0.0 0.0 0.0 0.0 1.7 -0.7 0.0 
-0.0 0.0 -0.0 -62.6 124.4 -61.9 2.4 -2.0 1.5 -3.1 -5.8 9.9 -28.1 21.7 40.7 -34.8 22.7 -25.6 1.6 
-0.0 0.0 -0.0 -51.3 102.0 -50.7 1.9 -1.6 1.2 -2.5 -4.6 7.9 -22.4 17.3 32.5 -27.8 18.1 -20.5 1.5 
-0.0 0.0 -0.0 -146.1 290.3 -144.3 5.8 -4.6 3.5 -9.0 -14.3 29.8 -87.0 60.1 87.7 -58.5 50.3 -69.4 6.8 

1.0
0.0
0.0
2.5
4.0
1.5
1.7
2.3
10.0
2.0
13.0
9.2
11.8
13.0
10.6
14.1
14.5
19.1
11.1
