0.0 -1.0 2.0 0.0 0.0 0.0 0.0 0.0 0.0 0.0 0.0 0.0 0.0 0.0 
0.0 0.0 0.0 -0.7 0.3 1.3 0.0 0.0 0.0 0.0 0.0 0.0 0.0 0.0 
0.0 0.0 0.0 0.2 -0.3 1.2 0.0 0.0 0.0 0.0 0.0 0.0 0.0 0.0 
0.0 0.0 0.0 0.2 -0.1 -0.1 0.1 0.9 0.0 0.0 0.0 0.0 0.0 0.0 
0.0 0.0 0.0 -1.0 0.4 0.6 0.4 0.6 0.0 0.0 0.0 0.0 0.0 0.0 
0.0 0.0 0.0 -0.7 0.2 0.4 -0.2 1.2 0.0 0.0 0.0 0.0 0.0 0.0 
0.0 0.0 0.0 -3.1 1.1 2.0 0.0 0.0 2.1 -1.1 0.0 0.0 0.0 0.0 
0.0 0.0 0.0 -5.5 2.0 3.5 0.0 0.0 4.5 -3.5 0.0 0.0 0.0 0.0 
0.0 0.0 0.0 -0.5 0.2 0.3 0.0 0.0 0.0 0.0 -0.3 1.3 0.0 0.0 
0.0 0.0 0.0 -2.0 0.7 1.3 0.0 0.0 0.0 0.0 0.1 0.9 0.0 0.0 
0.0 0.0 0.0 -1.6 0.6 1.0 0.0 0.0 0.0 0.0 0.0 0.0 1.0 0.0 
0.0 0.0 0.0 -0.7 0.3 0.4 0.0 0.0 0.0 0.0 0.0 0.0 1.4 -0.4 
-0.0 -0.1 0.1 12.7 -4.1 -8.9 -1.9 2.3 -10.9 11.6 -5.1 2.5 2.5 0.3 
-0.0 -0.2 0.2 32.9 -11.0 -22.5 -3.6 5.0 -30.5 29.4 -16.3 15.0 -1.5 3.9 

0.0 -0.8 1.8 0.0 0.0 0.0 0.0 0.0 0.0 0.0 0.0 0.0 0.0 0.0 
0.0 0.0 0.0 -0.6 0.5 1.1 0.0 0.0 0.0 0.0 0.0 0.0 0.0 0.0 
0.0 0.0 0.0 0.2 -0.2 1.0 0.0 0.0 0.0 0.0 0.0 0.0 0.0 0.0 
0.0 0.0 0.0 0.4 -0.1 -0.3 0.2 0.8 0.0 0.0 0.0 0.0 0.0 0.0 
0.0 0.0 0.0 -0.8 0.3 0.5 0.6 0.4 0.0 0.0 0.0 0.0 0.0 0.0 
0.0 0.0 0.0 -0.5 0.2 0.3 0.0 1.0 0.0 0.0 0.0 0.0 0.0 0.0 
0.0 0.0 0.0 -2.2 0.8 1.4 0.0 0.0 1.6 -0.6 0.0 0.0 0.0 0.0 
0.0 0.0 0.0 -4.6 1.7 2.9 0.0 0.0 4.0 -3.0 0.0 0.0 0.0 0.0 
0.0 0.0 0.0 -0.2 0.1 0.1 0.0 0.0 0.0 0.0 -0.1 1.1 0.0 0.0 
0.0 0.0 0.0 -1.7 0.6 1.1 0.0 0.0 0.0 0.0 0.4 0.6 0.0 0.0 
0.0 0.0 0.0 -1.5 0.5 0.9 0.0 0.0 0.0 0.0 0.0 0.0 0.8 0.2 
0.0 0.0 0.0 -0.5 0.2 0.3 0.0 0.0 0.0 0.0 0.0 0.0 1.2 -0.2 
-0.0 -0.1 0.2 16.4 -5.4 -11.4 -2.2 2.8 -14.3 14.6 -7.0 4.6 1.9 0.9 
-0.0 -0.2 0.3 36.6 -12.3 -25.0 -3.8 5.5 -33.9 32.5 -18.2 17.1 -2.2 4.5 

0.0 -0.5 1.5 0.0 0.0 0.0 0.0 0.0 0.0 0.0 0.0 0.0 0.0 0.0 
0.0 0.0 0.0 -0.6 0.7 0.9 0.0 0.0 0.0 0.0 0.0 0.0 0.0 0.0 
0.0 0.0 0.0 0.3 0.0 0.8 0.0 0.0 0.0 0.0 0.0 0.0 0.0 0.0 
0.0 0.0 0.0 0.6 -0.2 -0.4 0.4 0.6 0.0 0.0 0.0 0.0 0.0 0.0 
0.0 0.0 0.0 -0.6 0.2 0.4 0.7 0.3 0.0 0.0 0.0 0.0 0.0 0.0 
0.0 0.0 0.0 -0.3 0.1 0.2 0.2 0.8 0.0 0.0 0.0 0.0 0.0 0.0 
0.0 0.0 0.0 -1.3 0.5 0.8 0.0 0.0 1.1 -0.1 0.0 0.0 0.0 0.0 
0.0 0.0 0.0 -3.7 1.3 2.3 0.0 0.0 3.5 -2.5 0.0 0.0 0.0 0.0 
0.0 0.0 0.0 0.2 -0.1 -0.1 0.0 0.0 0.0 0.0 0.2 0.8 0.0 0.0 
0.0 0.0 0.0 -1.4 0.5 0.9 0.0 0.0 0.0 0.0 0.7 0.3 0.0 0.0 
0.0 0.0 0.0 -1.3 0.5 0.9 0.0 0.0 0.0 0.0 0.0 0.0 0.7 0.3 
0.0 0.0 0.0 -0.4 0.1 0.3 0.0 0.0 0.0 0.0 0.0 0.0 1.1 -0.1 
-0.0 -0.1 0.2 20.1 -6.6 -13.9 -2.5 3.3 -17.6 17.7 -8.9 6.7 1.2 1.5 
-0.0 -0.2 0.3 40.4 -13.6 -27.5 -4.1 6.0 -37.2 35.5 -20.1 19.3 -2.9 5.1 

0.0 -0.3 1.3 0.0 0.0 0.0 0.0 0.0 0.0 0.0 0.0 0.0 0.0 0.0 
0.0 0.0 0.0 -0.5 0.8 0.7 0.0 0.0 0.0 0.0 0.0 0.0 0.0 0.0 
0.0 0.0 0.0 0.3 0.2 0.5 0.0 0.0 0.0 0.0 0.0 0.0 0.0 0.0 
0.0 0.0 0.0 0.8 -0.3 -0.5 0.5 0.5 0.0 0.0 0.0 0.0 0.0 0.0 
0.0 0.0 0.0 -0.4 0.2 0.3 0.9 0.1 0.0 0.0 0.0 0.0 0.0 0.0 
0.0 0.0 0.0 -0.1 0.0 0.0 0.3 0.7 0.0 0.0 0.0 0.0 0.0 0.0 
0.0 0.0 0.0 -0.3 0.1 0.2 0.0 0.0 0.6 0.4 0.0 0.0 0.0 0.0 
0.0 0.0 0.0 -2.8 1.0 1.8 0.0 0.0 3.0 -2.0 0.0 0.0 0.0 0.0 
0.0 0.0 0.0 0.5 -0.2 -0.3 0.0 0.0 0.0 0.0 0.5 0.5 0.0 0.0 
0.0 0.0 0.0 -1.1 0.4 0.7 0.0 0.0 0.0 0.0 0.9 0.1 0.0 0.0 
0.0 0.0 0.0 -1.2 0.4 0.8 0.0 0.0 0.0 0.0 0.0 0.0 0.5 0.5 
0.0 0.0 0.0 -0.3 0.1 0.2 0.0 0.0 0.0 0.0 0.0 0.0 1.0 0.0 
-0.0 -0.1 0.2 23.8 -7.9 -16.3 -2.7 3.7 -21.0 20.7 -10.8 8.9 0.5 2.1 
-0.0 -0.2 0.3 44.1 -14.8 -30.0 -4.4 6.4 -40.5 38.6 -22.0 21.4 -3.5 5.7 

0.0 0.0 1.0 0.0 0.0 0.0 0.0 0.0 0.0 0.0 0.0 0.0 0.0 0.0 
0.0 0.0 0.0 -0.5 1.0 0.5 0.0 0.0 0.0 0.0 0.0 0.0 0.0 0.0 
0.0 0.0 0.0 0.3 0.3 0.3 0.0 0.0 0.0 0.0 0.0 0.0 0.0 0.0 
0.0 0.0 0.0 1.0 -0.4 -0.6 0.7 0.3 0.0 0.0 0.0 0.0 0.0 0.0 
0.0 0.0 0.0 -0.2 0.1 0.2 1.1 -0.1 0.0 0.0 0.0 0.0 0.0 0.0 
0.0 0.0 0.0 0.1 -0.0 -0.1 0.5 0.5 0.0 0.0 0.0 0.0 0.0 0.0 
0.0 0.0 0.0 0.6 -0.2 -0.4 0.0 0.0 0.1 0.9 0.0 0.0 0.0 0.0 
0.0 0.0 0.0 -1.8 0.7 1.2 0.0 0.0 2.5 -1.5 0.0 0.0 0.0 0.0 
0.0 0.0 0.0 0.8 -0.3 -0.5 0.0 0.0 0.0 0.0 0.8 0.2 0.0 0.0 
0.0 0.0 0.0 -0.8 0.3 0.5 0.0 0.0 0.0 0.0 1.2 -0.2 0.0 0.0 
0.0 0.0 0.0 -1.1 0.4 0.7 0.0 0.0 0.0 0.0 0.0 0.0 0.4 0.6 
0.0 0.0 0.0 -0.1 0.0 0.1 0.0 0.0 0.0 0.0 0.0 0.0 0.8 0.2 
-0.0 -0.1 0.2 27.5 -9.2 -18.8 -3.0 4.2 -24.3 23.8 -12.7 11.0 -0.2 2.7 
-0.0 -0.2 0.3 47.8 -16.1 -32.4 -4.7 6.9 -43.9 41.6 -23.9 23.6 -4.2 6.3 

0.0 0.3 0.8 0.0 0.0 0.0 0.0 0.0 0.0 0.0 0.0 0.0 0.0 0.0 
0.0 0.0 0.0 -0.5 1.2 0.3 0.0 0.0 0.0 0.0 0.0 0.0 0.0 0.0 
0.0 0.0 0.0 0.4 0.5 0.1 0.0 0.0 0.0 0.0 0.0 0.0 0.0 0.0 
0.0 0.0 0.0 1.2 -0.4 -0.8 0.8 0.2 0.0 0.0 0.0 0.0 0.0 0.0 
0.0 0.0 0.0 -0.0 0.0 0.0 1.2 -0.2 0.0 0.0 0.0 0.0 0.0 0.0 
0.0 0.0 0.0 0.3 -0.1 -0.2 0.6 0.4 0.0 0.0 0.0 0.0 0.0 0.0 
0.0 0.0 0.0 1.5 -0.5 -0.9 0.0 0.0 -0.4 1.4 0.0 0.0 0.0 0.0 
0.0 0.0 0.0 -0.9 0.3 0.6 0.0 0.0 2.0 -1.0 0.0 0.0 0.0 0.0 
0.0 0.0 0.0 1.1 -0.4 -0.7 0.0 0.0 0.0 0.0 1.1 -0.1 0.0 0.0 
0.0 0.0 0.0 -0.5 0.2 0.3 0.0 0.0 0.0 0.0 1.5 -0.5 0.0 0.0 
0.0 0.0 0.0 -0.9 0.3 0.6 0.0 0.0 0.0 0.0 0.0 0.0 0.2 0.8 
0.0 0.0 0.0 0.0 -0.0 -0.0 0.0 0.0 0.0 0.0 0.0 0.0 0.7 0.3 
-0.0 -0.1 0.2 31.2 -10.5 -21.3 -3.3 4.6 -27.7 26.8 -14.6 13.2 -0.9 3.4 
-0.0 -0.2 0.3 51.5 -17.4 -34.9 -5.0 7.3 -47.2 44.7 -25.8 25.7 -4.9 7.0 

0.0 0.5 0.5 0.0 0.0 0.0 0.0 0.0 0.0 0.0 0.0 0.0 0.0 0.0 
0.0 0.0 0.0 -0.4 1.3 0.1 0.0 0.0 0.0 0.0 0.0 0.0 0.0 0.0 
0.0 0.0 0.0 0.4 0.7 -0.1 0.0 0.0 0.0 0.0 0.0 0.0 0.0 0.0 
0.0 0.0 0.0 1.4 -0.5 -0.9 1.0 0.0 0.0 0.0 0.0 0.0 0.0 0.0 
0.0 0.0 0.0 0.1 -0.1 -0.1 1.4 -0.4 0.0 0.0 0.0 0.0 0.0 0.0 
0.0 0.0 0.0 0.5 -0.2 -0.3 0.8 0.2 0.0 0.0 0.0 0.0 0.0 0.0 
0.0 0.0 0.0 2.4 -0.9 -1.5 0.0 0.0 -0.9 1.9 0.0 0.0 0.0 0.0 
0.0 0.0 0.0 0.0 0.0 0.0 0.0 0.0 1.5 -0.5 0.0 0.0 0.0 0.0 
0.0 0.0 0.0 1.4 -0.5 -0.9 0.0 0.0 0.0 0.0 1.3 -0.3 0.0 0.0 
0.0 0.0 0.0 -0.2 0.1 0.1 0.0 0.0 0.0 0.0 1.8 -0.8 0.0 0.0 
0.0 0.0 0.0 -0.8 0.3 0.5 0.0 0.0 0.0 0.0 0.0 0.0 0.1 0.9 
0.0 0.0 0.0 0.2 -0.1 -0.1 0.0 0.0 0.0 0.0 0.0 0.0 0.5 0.5 
-0.0 -0.2 0.2 34.9 -11.7 -23.8 -3.6 5.1 -31.0 29.9 -16.6 15.3 -1.6 4.0 
-0.0 -0.2 0.4 55.2 -18.7 -37.4 -5.3 7.8 -50.6 47.8 -27.7 27.8 -5.6 7.6 

0.0 0.8 0.3 0.0 0.0 0.0 0.0 0.0 0.0 0.0 0.0 0.0 0.0 0.0 
0.0 0.0 0.0 -0.4 1.5 -0.1 0.0 0.0 0.0 0.0 0.0 0.0 0.0 0.0 
0.0 0.0 0.0 0.5 0.8 -0.3 0.0 0.0 0.0 0.0 0.0 0.0 0.0 0.0 
0.0 0.0 0.0 1.6 -0.6 -1.0 1.2 -0.2 0.0 0.0 0.0 0.0 0.0 0.0 
0.0 0.0 0.0 0.3 -0.1 -0.2 1.5 -0.5 0.0 0.0 0.0 0.0 0.0 0.0 
0.0 0.0 0.0 0.7 -0.3 -0.4 0.9 0.1 0.0 0.0 0.0 0.0 0.0 0.0 
0.0 0.0 0.0 3.3 -1.2 -2.1 0.0 0.0 -1.4 2.4 0.0 0.0 0.0 0.0 
0.0 0.0 0.0 0.9 -0.3 -0.6 0.0 0.0 1.0 0.0 0.0 0.0 0.0 0.0 
0.0 0.0 0.0 1.7 -0.6 -1.1 0.0 0.0 0.0 0.0 1.6 -0.6 0.0 0.0 
0.0 0.0 0.0 0.2 -0.1 -0.1 0.0 0.0 0.0 0.0 2.1 -1.1 0.0 0.0 
0.0 0.0 0.0 -0.6 0.2 0.4 0.0 0.0 0.0 0.0 0.0 0.0 -0.1 1.1 
0.0 0.0 0.0 0.3 -0.1 -0.2 0.0 0.0 0.0 0.0 0.0 0.0 0.4 0.6 
-0.0 -0.2 0.3 38.6 -13.0 -26.3 -3.9 5.6 -34.3 32.9 -18.5 17.4 -2.3 4.6 
-0.0 -0.2 0.4 58.9 -19.9 -39.9 -5.6 8.3 -53.9 50.8 -29.7 30.0 -6.3 8.2 

0.0 1.0 0.0 0.0 0.0 0.0 0.0 0.0 0.0 0.0 0.0 0.0 0.0 0.0 
0.0 0.0 0.0 -0.3 1.7 -0.3 0.0 0.0 0.0 0.0 0.0 0.0 0.0 0.0 
0.0 0.0 0.0 0.5 1.0 -0.5 0.0 0.0 0.0 0.0 0.0 0.0 0.0 0.0 
0.0 0.0 0.0 1.8 -0.6 -1.1 1.3 -0.3 0.0 0.0 0.0 0.0 0.0 0.0 
0.0 0.0 0.0 0.5 -0.2 -0.3 1.7 -0.7 0.0 0.0 0.0 0.0 0.0 0.0 
0.0 0.0 0.0 0.9 -0.3 -0.6 1.1 -0.1 0.0 0.0 0.0 0.0 0.0 0.0 
0.0 0.0 0.0 4.2 -1.5 -2.7 0.0 0.0 -1.9 2.9 0.0 0.0 0.0 0.0 
0.0 0.0 0.0 1.8 -0.7 -1.2 0.0 0.0 0.5 0.5 0.0 0.0 0.0 0.0 
0.0 0.0 0.0 2.0 -0.7 -1.3 0.0 0.0 0.0 0.0 1.9 -0.9 0.0 0.0 
0.0 0.0 0.0 0.5 -0.2 -0.3 0.0 0.0 0.0 0.0 2.3 -1.3 0.0 0.0 
0.0 0.0 0.0 -0.5 0.2 0.3 0.0 0.0 0.0 0.0 0.0 0.0 -0.2 1.2 
0.0 0.0 0.0 0.5 -0.2 -0.3 0.0 0.0 0.0 0.0 0.0 0.0 0.2 0.8 
-0.0 -0.2 0.3 42.3 -14.3 -28.7 -4.2 6.0 -37.7 36.0 -20.4 19.6 -3.0 5.2 
-0.0 -0.2 0.4 62.6 -21.2 -42.4 -5.8 8.7 -57.2 53.9 -31.6 32.1 -7.0 8.8 

0.0 1.3 -0.3 0.0 0.0 0.0 0.0 0.0 0.0 0.0 0.0 0.0 0.0 0.0 
0.0 0.0 0.0 -0.3 1.8 -0.5 0.0 0.0 0.0 0.0 0.0 0.0 0.0 0.0 
0.0 0.0 0.0 0.5 1.2 -0.7 0.0 0.0 0.0 0.0 0.0 0.0 0.0 0.0 
0.0 0.0 0.0 2.0 -0.7 -1.2 1.5 -0.5 0.0 0.0 0.0 0.0 0.0 0.0 
0.0 0.0 0.0 0.7 -0.3 -0.5 1.8 -0.8 0.0 0.0 0.0 0.0 0.0 0.0 
0.0 0.0 0.0 1.1 -0.4 -0.7 1.3 -0.3 0.0 0.0 0.0 0.0 0.0 0.0 
0.0 0.0 0.0 5.2 -1.9 -3.3 0.0 0.0 -2.4 3.4 0.0 0.0 0.0 0.0 
0.0 0.0 0.0 2.8 -1.0 -1.8 0.0 0.0 0.0 1.0 0.0 0.0 0.0 0.0 
0.0 0.0 0.0 2.3 -0.8 -1.5 0.0 0.0 0.0 0.0 2.2 -1.2 0.0 0.0 
0.0 0.0 0.0 0.8 -0.3 -0.5 0.0 0.0 0.0 0.0 2.6 -1.6 0.0 0.0 
0.0 0.0 0.0 -0.3 0.1 0.2 0.0 0.0 0.0 0.0 0.0 0.0 -0.4 1.4 
0.0 0.0 0.0 0.6 -0.2 -0.4 0.0 0.0 0.0 0.0 0.0 0.0 0.1 0.9 
-0.0 -0.2 0.3 46.0 -15.6 -31.2 -4.5 6.5 -41.0 39.0 -22.3 21.7 -3.6 5.8 
-0.0 -0.3 0.4 66.3 -22.5 -44.8 -6.1 9.2 -60.6 56.9 -33.5 34.3 -7.7 9.4 

1.0
0.0
0.0
0.5
3.0
2.5
5.3
2.7
5.5
9.5
9.6
7.2
8.0
10.2
