0.0 1.0 0.0 0.0 0.0 0.0 0.0 0.0 0.0 
0.0 -19.0 20.0 0.0 0.0 0.0 0.0 0.0 0.0 
0.0 -29.0 30.0 0.0 0.0 0.0 0.0 0.0 0.0 
0.0 -39.0 40.0 0.0 0.0 0.0 0.0 0.0 0.0 
0.0 1.0 0.0 0.0 0.0 -9.2 0.0 0.0 9.2 
0.0 0.5 -0.5 0.0 0.0 -0.0 1.0 0.0 0.0 
0.0 15.5 -15.5 0.0 0.0 0.0 1.0 0.0 0.0 
0.0 -8739.0 8740.0 0.0 0.0 0.0 0.0 0.0 0.0 
0.0 0.5 -0.5 0.0 0.0 -1.0 1.0 0.0 1.0 

0.0 -0.5 1.5 0.0 0.0 0.0 0.0 0.0 0.0 
0.0 -20.5 21.5 0.0 0.0 0.0 0.0 0.0 0.0 
0.0 -30.5 31.5 0.0 0.0 0.0 0.0 0.0 0.0 
0.0 -40.5 41.5 0.0 0.0 0.0 0.0 0.0 0.0 
0.0 -0.5 1.5 0.0 0.0 -9.2 0.0 0.0 9.2 
0.0 2.0 -2.0 0.0 0.0 -0.0 1.0 0.0 0.0 
0.0 17.0 -17.0 0.0 0.0 0.0 1.0 0.0 0.0 
0.0 -8740.5 8741.5 0.0 0.0 0.0 0.0 0.0 0.0 
0.0 2.0 -2.0 0.0 0.0 -1.0 1.0 0.0 1.0 

0.0 3.0 -2.0 0.0 0.0 0.0 0.0 0.0 0.0 
0.0 -17.0 18.0 0.0 0.0 0.0 0.0 0.0 0.0 
0.0 -27.0 28.0 0.0 0.0 0.0 0.0 0.0 0.0 
0.0 -37.0 38.0 0.0 0.0 0.0 0.0 0.0 0.0 
0.0 3.0 -2.0 0.0 0.0 -9.2 0.0 0.0 9.2 
0.0 -1.5 1.5 0.0 0.0 -0.0 1.0 0.0 0.0 
0.0 13.5 -13.5 0.0 0.0 0.0 1.0 0.0 0.0 
0.0 -8737.0 8738.0 0.0 0.0 0.0 0.0 0.0 0.0 
0.0 -1.5 1.5 0.0 0.0 -1.0 1.0 0.0 1.0 

0.0 2.0 -1.0 0.0 0.0 0.0 0.0 0.0 0.0 
0.0 -18.0 19.0 0.0 0.0 0.0 0.0 0.0 0.0 
0.0 -28.0 29.0 0.0 0.0 0.0 0.0 0.0 0.0 
0.0 -38.0 39.0 0.0 0.0 0.0 0.0 0.0 0.0 
0.0 2.0 -1.0 0.0 0.0 -9.2 0.0 0.0 9.2 
0.0 -0.5 0.5 0.0 0.0 -0.0 1.0 0.0 0.0 
0.0 14.5 -14.5 0.0 0.0 0.0 1.0 0.0 0.0 
0.0 -8738.0 8739.0 0.0 0.0 0.0 0.0 0.0 0.0 
0.0 -0.5 0.5 0.0 0.0 -1.0 1.0 0.0 1.0 

0.0 0.0 1.0 0.0 0.0 0.0 0.0 0.0 0.0 
0.0 -20.0 21.0 0.0 0.0 0.0 0.0 0.0 0.0 
0.0 -30.0 31.0 0.0 0.0 0.0 0.0 0.0 0.0 
0.0 -40.0 41.0 0.0 0.0 0.0 0.0 0.0 0.0 
0.0 0.0 1.0 0.0 0.0 -9.2 0.0 0.0 9.2 
0.0 1.5 -1.5 0.0 0.0 -0.0 1.0 0.0 0.0 
0.0 16.5 -16.5 0.0 0.0 0.0 1.0 0.0 0.0 
0.0 -8740.0 8741.0 0.0 0.0 0.0 0.0 0.0 0.0 
0.0 1.5 -1.5 0.0 0.0 -1.0 1.0 0.0 1.0 

0.0 -1.5 2.5 0.0 0.0 0.0 0.0 0.0 0.0 
0.0 -21.5 22.5 0.0 0.0 0.0 0.0 0.0 0.0 
0.0 -31.5 32.5 0.0 0.0 0.0 0.0 0.0 0.0 
0.0 -41.5 42.5 0.0 0.0 0.0 0.0 0.0 0.0 
0.0 -1.5 2.5 0.0 0.0 -9.2 0.0 0.0 9.2 
0.0 3.0 -3.0 0.0 0.0 -0.0 1.0 0.0 0.0 
0.0 18.0 -18.0 0.0 0.0 0.0 1.0 0.0 0.0 
0.0 -8741.5 8742.5 0.0 0.0 0.0 0.0 0.0 0.0 
0.0 3.0 -3.0 0.0 0.0 -1.0 1.0 0.0 1.0 

0.0 1.5 -0.5 0.0 0.0 0.0 0.0 0.0 0.0 
0.0 -18.5 19.5 0.0 0.0 0.0 0.0 0.0 0.0 
0.0 -28.5 29.5 0.0 0.0 0.0 0.0 0.0 0.0 
0.0 -38.5 39.5 0.0 0.0 0.0 0.0 0.0 0.0 
0.0 1.5 -0.5 0.0 0.0 -9.2 0.0 0.0 9.2 
0.0 0.0 0.0 0.0 0.0 -0.0 1.0 0.0 0.0 
0.0 15.0 -15.0 0.0 0.0 0.0 1.0 0.0 0.0 
0.0 -8738.5 8739.5 0.0 0.0 0.0 0.0 0.0 0.0 
0.0 0.0 0.0 0.0 0.0 -1.0 1.0 0.0 1.0 

1.0 0.0 0.0 0.0 0.0 0.0 0.0 0.0 0.0 
0.0 0.0 0.0 0.0 0.0 1.0 0.0 0.0 0.0 
0.0 0.0 0.0 0.0 0.0 0.9 0.0 0.0 0.1 
0.0 0.0 0.0 0.0 0.0 0.9 0.0 0.0 0.1 
0.0 0.0 0.0 0.0 0.0 -8.1 0.0 0.0 9.1 
0.0 3.0 -2.0 0.0 0.0 -0.0 0.0 0.0 0.0 
0.0 0.0 0.0 0.0 0.0 1.1 0.0 0.0 -0.1 
0.0 0.0 0.0 0.0 0.0 -33.9 0.0 0.0 34.9 
0.0 3.0 -2.0 0.0 0.0 -1.0 0.0 0.0 1.0 

0.0 0.5 0.5 0.0 0.0 0.0 0.0 0.0 0.0 
0.0 -19.5 20.5 0.0 0.0 0.0 0.0 0.0 0.0 
0.0 -29.5 30.5 0.0 0.0 0.0 0.0 0.0 0.0 
0.0 -39.5 40.5 0.0 0.0 0.0 0.0 0.0 0.0 
0.0 0.5 0.5 0.0 0.0 -9.2 0.0 0.0 9.2 
0.0 1.0 -1.0 0.0 0.0 -0.0 1.0 0.0 0.0 
0.0 16.0 -16.0 0.0 0.0 0.0 1.0 0.0 0.0 
0.0 -8739.5 8740.5 0.0 0.0 0.0 0.0 0.0 0.0 
0.0 1.0 -1.0 0.0 0.0 -1.0 1.0 0.0 1.0 

1.0 0.0 0.0 0.0 0.0 0.0 0.0 0.0 0.0 
0.0 3.0 -2.0 0.0 0.0 0.0 0.0 0.0 0.0 
0.0 3.0 -2.0 0.0 0.0 0.0 0.0 0.0 0.0 
1.0 0.0 0.0 0.0 0.0 0.0 0.0 0.0 0.0 
0.0 0.0 0.0 0.0 1.0 0.0 0.0 0.0 0.0 
0.0 0.0 0.0 0.0 0.0 1.0 0.0 0.0 0.0 
0.0 3.0 -2.0 0.0 -0.0 -0.1 0.0 0.0 0.1 
0.0 1.9 -1.2 0.0 0.4 0.0 0.0 0.0 0.0 
0.0 0.0 0.0 0.0 0.0 0.0 0.0 0.0 1.0 

0.0 0.0 0.0 1.0 0.0 0.0 0.0 0.0 0.0 
0.0 3.3 -2.4 0.0 0.0 0.0 0.0 0.0 0.0 
0.0 3.3 -2.3 0.0 0.0 0.0 0.0 0.0 0.0 
0.0 0.0 0.0 1.0 0.0 0.0 0.0 0.0 0.0 
0.0 -5.6 4.0 0.0 0.0 0.0 0.0 2.6 0.0 
0.0 -0.4 0.4 0.0 0.0 1.0 0.0 -0.0 0.0 
0.0 -1.9 1.9 0.0 0.0 0.0 1.0 -0.0 0.0 
0.0 0.0 0.0 0.0 0.0 0.0 0.0 1.0 0.0 
0.0 -0.4 0.4 0.0 0.0 0.0 0.0 -0.0 1.0 

0.0 -0.4 0.4 1.0 0.0 0.0 0.0 -0.0 0.0 
0.0 3.0 -2.0 0.0 0.0 0.0 0.0 0.0 0.0 
0.0 2.9 -2.0 0.0 0.0 0.0 0.0 0.0 0.0 
0.0 -0.4 0.4 1.0 0.0 0.0 0.0 -0.0 0.0 
0.0 -6.0 4.4 0.0 0.0 0.0 0.0 2.6 0.0 
0.0 -0.1 0.1 0.0 0.0 1.0 0.0 -0.0 0.0 
0.0 -1.5 1.5 0.0 0.0 0.0 1.0 -0.0 0.0 
0.0 -0.4 0.4 0.0 0.0 0.0 0.0 1.0 0.0 
0.0 -0.1 0.1 0.0 0.0 0.0 0.0 -0.0 1.0 

1.0
4.0
6.0
8.0
459.0
2.0
-2.0
1748.0
52.0
